Distanza: 10000.0
X [mm]	Y [mm]	Z [mm]	A0 	 RSS 	 Time 	 A1 	 RSS 	 Time 	 A2 	 RSS 	 Time 	 A3 	 RSS 	 Time 	 
-432	11122	3680	11657	-90	798087	8412	-85	798100	10719	-89	798114	9725	-83	798127	
-1909	9688	5952	11568	-92	798155	8632	-85	798168	10939	-88	798182	9725	-83	798195	
-1429	11405	1951	11577	-90	798216	8224	-86	798230	10747	-90	798243	9721	-84	798257	
228	11460	2362	11638	-88	798284	8224	-86	798298	10565	-91	798311	9660	-83	798325	
341	11579	1530	11577	-88	798349	8206	-86	798362	10499	-90	798376	9655	-86	798389	
1349	11520	2313	11662	-88	798415	8506	-86	798429	10508	-91	798442	9767	-84	798456	
-3000	10974	2044	11610	-90	798481	8079	-87	798495	10991	-90	798509	9744	-84	798522	
-1445	11458	-650	11540	-90	798548	7985	-88	798561	10673	-91	798575	9721	-85	798588	
-1250	11395	2088	11638	-88	798614	8121	-84	798628	10752	-88	798641	9692	-84	798655	
Err	Err	Err	11676	-87	798680	8177	-87	798694	10752	-88	798641	9763	-85	798714	
-1677	11431	1041	11610	-92	798741	7994	-87	798754	10766	-87	798768	9692	-85	798781	
-1611	11345	1852	11619	-90	798806	8041	-86	798820	10775	-88	798833	9674	-85	798847	
951	11581	1409	11643	-86	798872	8168	-85	798885	10452	-94	798899	9650	-86	798912	
-1864	11382	-308	11502	-92	798938	7994	-86	798951	10705	-90	798965	9706	-85	798978	
-640	11259	2906	11690	-88	799005	8084	-85	799018	10700	-90	799031	9631	-85	799045	
-774	11175	3023	11587	-88	799071	8149	-86	799085	10654	-93	799098	9608	-84	799112	
-303	11235	3098	11704	-86	799137	8116	-87	799151	10668	-91	799164	9627	-85	799178	
-124	11486	2177	11737	-87	799203	8051	-88	799217	10649	-91	799230	9655	-85	799244	
-870	11608	619	11695	-88	799268	7957	-86	799282	10705	-90	799295	9706	-87	799309	
-601	11677	30	11741	-89	799334	7957	-86	799348	10700	-92	799361	9749	-84	799375	
-479	10859	-3624	11516	-93	799399	7976	-85	799413	10523	-94	799426	9819	-84	799440	
-1294	11609	-5	11741	-92	799465	7948	-84	799479	10803	-92	799493	9781	-85	799506	
-1223	11552	-887	11793	-89	799532	7826	-85	799546	10813	-90	799559	9805	-85	799573	
-933	11604	-924	11802	-88	799599	7858	-87	799613	10780	-89	799626	9810	-85	799640	
-572	11591	-1416	11835	-86	799667	7868	-87	799680	10752	-91	799694	9842	-83	799707	
-461	11440	-2056	11760	-86	799733	7844	-86	799746	10673	-91	799760	9819	-83	799773	
-325	11534	-1633	11737	-86	799800	7919	-86	799813	10649	-92	799827	9805	-84	799840	
-56	11648	-425	11746	-88	799867	7868	-87	799880	10602	-94	799894	9711	-83	799907	
238	11663	-1	11765	-91	799934	7844	-87	799948	10565	-93	799961	9674	-84	799975	
508	11628	-751	11788	-90	800000	7849	-88	800014	10541	-93	800027	9716	-84	800041	
-1233	11475	-629	11662	-91	800069	7769	-88	800082	10700	-92	800096	9692	-84	800109	
-2686	11193	449	11615	-90	800136	7849	-88	800150	10907	-93	800163	9716	-84	800177	
-2203	11305	-826	11652	-89	800215	7816	-87	800228	10855	-92	800242	9767	-84	800255	
-2031	11361	60	11619	-91	800281	7844	-90	800295	10803	-92	800308	9702	-83	800322	
-2524	11196	197	11577	-92	800348	7788	-89	800362	10841	-92	800375	9674	-84	800389	
-2550	11080	1781	11568	-92	800415	7938	-88	800429	10864	-93	800442	9650	-84	800456	
-2982	10970	1519	11512	-92	800482	7962	-87	800496	10888	-93	800509	9664	-85	800523	
-2775	10913	2271	11563	-92	800550	7976	-86	800563	10907	-92	800578	9650	-85	800591	
742	11354	-1928	11512	-92	800618	7999	-85	800631	10340	-93	800645	9674	-85	800658	
349	11610	-924	11624	-92	800683	8037	-85	800696	10490	-95	800710	9721	-84	800723	
-737	11392	-1646	11474	-94	800750	8013	-86	800763	10527	-94	800777	9711	-84	800791	
-1871	10888	-2759	11296	-94	800817	8093	-87	800831	10569	-93	800844	9749	-85	800858	
1555	11343	2739	11746	-93	800884	8323	-86	800898	10480	-93	800911	9683	-86	800925	
257	11527	-859	11695	-93	800950	7741	-87	800964	10485	-93	800977	9636	-88	800991	
-666	11371	-1588	11601	-94	801017	7741	-87	801030	10560	-93	801044	9669	-88	801057	
-256	11167	-2604	11577	-93	801083	7788	-86	801097	10490	-93	801110	9711	-86	801124	
432	11080	-2957	11624	-93	801151	7765	-85	801164	10410	-93	801178	9716	-86	801191	
-173	11355	-1755	11638	-91	801218	7713	-85	801232	10335	-94	801246	9739	-86	801259	
-952	11335	-1677	11624	-91	801287	7727	-86	801301	10621	-94	801314	9697	-86	801328	
-1247	11485	-698	11540	-91	801354	7990	-87	801368	10645	-93	801381	9716	-86	801395	
-1597	11471	-709	11680	-88	801421	7872	-86	801435	10789	-92	801448	9767	-84	801462	
-1346	11304	2382	11709	-89	801487	7999	-88	801500	10803	-93	801514	9664	-86	801527	
-2007	11405	519	11676	-89	801554	7872	-89	801568	10850	-92	801582	9721	-87	801595	
-1972	11389	-290	11577	-91	801621	7948	-87	801635	10775	-91	801648	9735	-86	801662	
-2123	11262	-1223	11615	-89	801689	7840	-88	801703	10817	-90	801716	9772	-84	801730	
-2154	11328	-695	11577	-91	801758	7943	-89	801771	10803	-91	801785	9763	-84	801798	
-2477	11280	-312	11648	-87	801825	7868	-86	801838	10902	-92	801852	9772	-84	801865	
-203	11438	-1768	11732	-86	801893	7774	-86	801907	10448	0	801920	9810	-84	801934	
165	11422	-1823	11746	-86	801965	7769	-87	801978	10372	-93	801992	9781	-83	802005	
954	10933	-3457	11755	-85	802034	7769	-87	802047	10419	-93	802061	9800	-84	802074	
1147	11164	-2766	11779	-86	802102	7751	-87	802115	10401	-93	802129	9753	-84	802142	
-365	11492	-1649	11751	-86	802168	7797	-86	802182	10640	-92	802195	9767	-84	802209	
-5248	9480	-1315	11751	-86	802168	7797	-86	802250	10738	-91	802263	9753	-84	802277	
-828	11536	-1137	11704	-87	802309	7877	-86	802322	10691	-90	802336	9767	-85	802349	
Err	Err	Err	11657	-88	802375	7877	-86	802322	10710	-90	802395	9711	-85	802409	
-1598	11462	70	11619	-89	802436	7887	-86	802449	10742	-89	802463	9697	-85	802477	
-2377	11234	456	11521	-91	802504	7896	-85	802517	10785	-88	802531	9664	-87	802544	
-7388	7090	-999	11521	-91	802504	7938	-85	802581	10799	-90	802595	9645	-88	802608	
-2402	11168	-390	11427	-91	802639	7887	-85	802653	10710	-92	802666	9650	-87	802680	
-1611	11290	1376	11479	-91	802707	7919	-85	802721	10640	-93	802734	9566	-91	802747	
-2910	10716	2787	11544	-89	802773	7971	-88	802786	10921	-94	802800	9617	-87	802813	
-1690	10728	3637	11526	-90	802839	8023	-86	802853	10728	-92	802866	9524	-85	802880	
-51	11075	3235	11596	-90	802908	8004	-85	802921	10523	-92	802935	9495	-84	802948	
-501	11475	1545	11601	-88	802976	7957	-84	802989	10579	-91	803003	9589	-87	803016	
-345	11538	754	11544	-91	803042	7943	-85	803056	10508	-92	803069	9584	-86	803083	
-649	11539	138	11516	-91	803108	7952	-85	803122	10532	-93	803136	9617	-86	803149	
-647	11521	-348	11488	-91	803177	7966	-85	803190	10513	-92	803204	9631	-87	803217	
-110	11586	-175	11530	-92	803246	7999	-86	803260	10476	-92	803273	9636	-87	803287	
-291	11481	-1100	11488	-92	803314	7962	-86	803327	10462	-93	803341	9650	-86	803355	
-513	11432	-1443	11521	-91	803382	7929	-86	803396	10513	-93	803409	9683	-86	803423	
-249	11559	-653	11573	-91	803450	7929	-87	803463	10513	-93	803477	9660	-86	803491	
-465	11467	-1258	11540	-91	803518	7919	-86	803532	10518	-92	803545	9678	-86	803559	
-54	11498	-1105	11559	-90	803587	7915	-87	803601	10471	-92	803614	9660	-86	803628	
Err	Err	Err	11483	-89	803654	7901	-87	803667	10471	-92	803614	9645	-86	803689	
-794	11294	-1768	11418	-92	803717	7933	-86	803731	10476	-90	803745	9655	-87	803758	
-802	11462	-563	11432	-93	803786	7957	-86	803800	10490	-92	803814	9613	-87	803827	
-550	11356	-1701	11451	-93	803855	7957	-85	803868	10471	-92	803882	9669	-86	803895	
-968	11468	-6	11427	-90	803924	7976	-86	803938	10513	-91	803951	9599	-86	803965	
-320	11218	2710	11582	-89	803992	7980	-85	804006	10546	-91	804019	9519	-83	804033	
-418	11239	2691	11615	-89	804059	7971	-86	804072	10584	-89	804086	9538	-84	804100	
-935	11414	1699	11596	-89	804128	7957	-86	804142	10640	-90	804155	9599	-86	804169	
-1175	11500	-169	11530	-91	804194	7962	-86	804208	10621	-88	804221	9669	-86	804235	
-1197	11499	631	11530	-89	804262	8018	-86	804276	10635	-89	804289	9655	-85	804303	
-7204	7289	-1165	11530	-89	804262	7999	-86	804345	10635	-89	804358	9660	-86	804372	
-1610	11448	84	11549	-89	804402	7962	-87	804415	10700	-90	804430	9688	-87	804444	
-1623	11444	190	11554	-88	804465	7933	-86	804480	10701	-92	804493	9674	-88	804507	
-1914	11375	658	11563	-88	804527	7952	-86	804541	10756	-91	804554	9678	-87	804568	
-1655	11340	1413	11554	-88	804596	7962	-86	804610	10714	-91	804623	9627	-88	804637	
-522	11530	144	11493	-90	804662	7943	-87	804676	10494	-91	804689	9594	-87	804703	
452	11532	-96	11493	-90	804730	7943	-87	804744	10354	-92	804757	9561	-87	804771	
966	11502	-550	11507	-90	804797	7971	-86	804810	10297	-93	804824	9580	-86	804837	
1076	11456	-1138	11521	-90	804864	7994	-85	804877	10297	-93	804891	9622	-86	804904	
1191	11274	-2014	11507	-90	804932	7966	-86	804945	10260	-93	804959	9641	-86	804973	
1469	11026	-2732	11507	-90	804999	7915	-86	805013	10199	-91	805026	9645	-86	805040	
318	11014	-3019	11469	-90	805067	7877	-86	805080	10340	-91	805094	9678	-85	805108	
Err	Err	Err	11474	-91	805135	7868	-86	805148	10817	-91	805162	9678	-85	805108	
-324	11083	-2750	11451	-90	805197	7877	-86	805210	10424	-91	805224	9683	-86	805237	
-1179	11015	-2688	11451	-91	805265	7835	-87	805278	10546	-91	805292	9706	-85	805305	
-1591	11007	-2447	11427	-91	805331	7830	-87	805345	10588	-91	805358	9697	-85	805372	
-1847	10630	-3360	11376	-91	805399	7826	-88	805412	10598	-92	805426	9735	-85	805439	
-2134	10696	-2997	11347	-91	805466	7868	-88	805480	10621	-91	805493	9725	-85	805507	
-2095	10669	-3116	11319	-91	805535	7929	-87	805548	10602	-91	805562	9735	-85	805575	
-1866	10687	-3164	11301	-91	805603	7919	-88	805617	10551	-92	805630	9711	-84	805644	
-2049	10647	-3152	11286	-91	805670	7933	-89	805683	10569	-92	805697	9716	-85	805710	
-2101	10892	-2455	11343	-91	805738	7943	-89	805751	10616	-91	805765	9716	-85	805778	
-1578	11307	-1160	11427	-92	805807	7952	-88	805820	10598	-92	805834	9674	-85	805847	
Err	Err	Err	11845	-92	805874	7966	-88	805888	10584	-91	805901	9674	-85	805847	
107	11657	1069	11774	-91	805936	7966	-87	805950	10621	-91	805963	9683	-85	805977	
-49	11591	1784	11859	-93	806003	7943	-88	806016	10705	-89	806030	9688	-84	806043	
-2680	11048	-1003	11408	-94	806069	7905	-88	806083	10742	-90	806096	9692	-84	806110	
Err	Err	Err	11437	-93	806136	7905	-87	806149	10742	-90	806096	9702	-85	806170	
-1093	11539	303	11587	-91	806200	7962	-87	806213	10654	-93	806227	9674	-85	806240	
1541	11114	-2507	11544	-89	806266	7938	-86	806280	10222	-93	806293	9660	-84	806307	
246	11510	-1067	11540	-89	806335	7943	-86	806349	10419	-93	806362	9645	-85	806376	
336	11608	-9	11591	-89	806403	7976	-85	806416	10452	-92	806430	9631	-85	806443	
-61	11607	155	11563	-89	806469	7999	-85	806483	10494	-92	806496	9636	-86	806510	
767	11558	-733	11582	-89	806537	7994	-83	806551	10387	-92	806566	9650	-87	806579	
-144	11584	-621	11563	-90	806607	7990	-84	806620	10504	-91	806634	9674	-88	806647	
-687	11562	-621	11554	-89	806674	8009	-83	806687	10579	-90	806701	9702	-88	806716	
-1530	11457	-533	11530	-90	806744	8013	-84	806757	10682	-90	806771	9725	-88	806786	
-1057	11572	-776	11638	-89	806813	8023	-84	806827	10701	-90	806840	9781	-86	806854	
-163	11535	-1529	11680	-88	806880	7952	-88	806894	10588	-91	806908	9772	-84	806921	
1423	11199	-2503	11690	-89	806948	7905	-89	806962	10335	-92	806975	9735	-83	806989	
Err	Err	Err	11690	-89	807016	7952	-87	807030	10335	-92	806975	9772	-83	807050	
1474	10944	-3362	11634	-91	807078	8018	-86	807092	10316	-93	807105	9796	-83	807119	
1678	11106	-2789	11615	-92	807147	8065	-86	807160	10288	-93	807174	9763	-83	807188	
1355	11343	-1975	11587	-91	807215	8046	-86	807228	10316	-93	807242	9711	-83	807255	
771	11491	-1582	11568	-90	807284	8088	-85	807298	10401	-93	807311	9725	-84	807325	
-7550	6707	-1249	11568	-90	807284	8121	-84	807368	10569	-93	807381	9674	-85	807395	
58	11641	-619	11554	-89	807424	8140	-84	807438	10504	-93	807451	9725	-87	807465	
-206	11665	520	11615	-89	807492	8107	-85	807505	10579	-93	807519	9702	-86	807532	
104	11655	96	11591	-88	807558	8069	-85	807572	10508	-93	807585	9678	-86	807599	
-82	11610	-809	11596	-88	807628	8041	-85	807642	10532	-92	807655	9721	-86	807669	
-552	11624	74	11577	-90	807697	8060	-85	807710	10588	-92	807724	9697	-86	807737	
-439	11607	720	11591	-88	807764	8041	-85	807778	10579	-91	807791	9660	-86	807805	
-614	11604	657	11577	-88	807830	8065	-84	807844	10598	-91	807857	9674	-85	807871	
-38	11590	1389	11605	-86	807899	8135	-84	807914	10555	-92	807927	9660	-86	807941	
896	11294	-2443	11540	-87	807971	8126	-86	807984	10372	-93	807998	9763	-86	808011	
851	11650	-411	11577	-89	808040	8168	-87	808054	10419	-93	808067	9706	-85	808081	
-433	10654	-3934	11474	-90	808109	7882	-90	808123	10466	-93	808136	9777	-84	808150	
-1063	11025	-2754	11418	-92	808175	7919	-89	808189	10518	-92	808202	9716	-84	808216	
158	11451	-1747	11526	-91	808245	8051	-86	808258	10448	-93	808273	9721	-85	808286	
501	11628	147	11587	-92	808312	8046	-85	808326	10443	-92	808339	9645	-86	808353	
229	11629	-575	11582	-92	808380	8074	-86	808394	10485	-92	808407	9702	-85	808421	
207	11562	-1174	11596	-92	808450	8018	-87	808463	10485	-93	808477	9716	-85	808490	
-396	11494	-1213	11540	-94	808518	7966	-87	808531	10518	-93	808545	9692	-86	808558	
-339	11575	-495	11521	-92	808587	8027	-87	808601	10508	-93	808614	9669	-87	808628	
790	11644	64	11666	-92	808656	8004	-87	808669	10448	-93	808683	9660	-87	808696	
142	11600	-682	11601	-90	808723	7985	-86	808737	10490	-94	808750	9683	-87	808764	
336	11534	-1300	11615	-90	808792	7980	-86	808806	10471	-94	808820	9711	-87	808833	
-38	11616	-745	11610	-92	808858	8023	-86	808872	10532	-92	808886	9716	-86	808899	
-266	11467	-1594	11591	-92	808927	7976	-87	808941	10541	-91	808954	9739	-85	808968	
-365	11217	-2706	11619	-91	808994	7924	-88	809008	10569	-90	809021	9800	-85	809035	
1060	11670	-738	11915	-91	809060	7868	-88	809074	10551	-91	809088	9767	-85	809101	
373	11536	-1753	11849	-89	809127	7807	-88	809140	10598	-92	809154	9796	-85	809167	
668	11616	-1204	11831	-90	809193	7863	-87	809207	10551	-92	809220	9763	-85	809234	
1199	11345	-2380	11807	-88	809261	7924	-87	809274	10462	-92	809288	9814	-85	809301	
621	11530	-1500	11751	-88	809329	7882	-86	809343	10504	-92	809356	9744	-85	809370	
1580	11571	-1094	11887	-89	809398	7943	-86	809411	10466	-92	809425	9777	-86	809438	
475	11606	-542	11605	-89	809465	7999	-86	809479	10448	-92	809492	9669	-86	809506	
984	11563	-890	11619	-89	809532	8027	-85	809545	10391	-92	809559	9683	-87	809572	
1479	11589	-213	11666	-88	809600	8084	-85	809613	10368	-93	809627	9678	-86	809640	
1166	11490	-1182	11601	-89	809670	8004	-85	809683	10344	-93	809697	9669	-86	809710	
1425	11598	-28	11634	-88	809739	8116	-85	809753	10363	-93	809766	9669	-87	809780	
1533	11563	-420	11657	-88	809807	8069	-85	809820	10349	-93	809834	9674	-86	809847	
1370	11528	-983	11648	-88	809874	8041	-85	809889	10358	-93	809902	9692	-86	809916	
1587	11570	-155	11695	-88	809941	8037	-84	809955	10358	-94	809969	9664	-86	809982	
1690	11316	-1899	11638	-89	810008	8004	-84	810021	10288	-92	810035	9702	-86	810048	
451	11496	-1315	11554	-90	810075	7985	-84	810089	10410	-92	810102	9674	-86	810116	
168	11616	-287	11601	-89	810143	7980	-84	810157	10485	-92	810170	9660	-86	810184	
-1048	11367	2078	11671	-89	810209	7938	-83	810223	10714	-91	810236	9617	-87	810250	
-338	11595	94	11577	-92	810278	7966	-84	810292	10537	-91	810305	9645	-88	810319	
107	11554	-275	11502	-92	810345	7962	-84	810359	10415	-90	810372	9599	-88	810386	
-988	11492	743	11526	-93	810412	7971	-84	810426	10593	-91	810439	9617	-89	810453	
-3224	10660	2525	11530	-92	810480	7910	-85	810494	10953	-88	810507	9613	-88	810521	
-2716	10477	3691	11596	-93	810547	7990	-85	810561	10953	-89	810574	9594	-88	810588	
-3594	10370	3011	11530	-92	810613	7933	-84	810628	11033	-89	810641	9617	-88	810655	
-6018	8981	-865	11530	-92	810613	7999	-85	810696	10892	-88	810709	9622	-88	810723	
-6736	7993	-1002	11530	-92	810613	7910	-85	810768	10733	-89	810781	9631	-88	810795	
-805	11566	1156	11666	-89	810824	7999	-85	810837	10682	-89	810851	9678	-88	810864	
-379	11618	1353	11793	-88	810891	7943	-86	810905	10705	-89	810918	9692	-87	810932	
-484	11585	1414	11741	-87	810960	7971	-86	810973	10687	-90	810987	9678	-87	811000	
466	11704	214	11807	-88	811030	7938	-86	811043	10584	-90	811057	9716	-87	811070	
508	11705	-377	11812	-88	811097	7929	-87	811110	10579	-91	811124	9744	-86	811137	
390	11490	-2111	11826	-88	811163	7905	-87	811177	10602	-91	811190	9842	-85	811204	
373	11487	-2133	11835	-88	811229	7887	-88	811243	10607	-91	811257	9842	-86	811270	
462	11680	-826	11821	-88	811297	7910	-88	811310	10588	-90	811324	9767	-86	811338	
-5912	8766	-1752	11821	-88	811297	7957	-88	811374	10560	-92	811388	9796	-86	811401	
-5803	8862	-1797	11821	-88	811297	8004	-87	811450	10518	-92	811464	9749	-86	811477	
878	11067	-3340	11709	-89	811509	8004	-87	811523	10462	-92	811536	9861	-86	811550	
550	10731	-4129	11680	-89	811576	7976	-87	811589	10485	-91	811603	9899	-86	811616	
287	11497	-1821	11709	-89	811645	7948	-88	811658	10541	-91	811672	9781	-85	811686	
71	11545	-1565	11755	-90	811711	7882	-89	811726	10593	-89	811739	9777	-86	811753	
492	11625	-1134	11798	-89	811779	7905	-89	811793	10565	-89	811806	9767	-86	811820	
436	11675	-813	11784	-89	811845	7948	-89	811859	10574	-88	811872	9763	-86	811886	
-184	11466	-1919	11680	-89	811913	7957	-87	811927	10593	-88	811940	9796	-86	811954	
-161	11621	-1098	11680	-89	811981	8018	-87	811994	10602	-88	812008	9777	-87	812021	
133	11701	-439	11723	-88	812047	8027	-86	812061	10593	-88	812074	9758	-87	812088	
138	11655	1014	11685	-87	812114	8069	-84	812127	10574	-89	812141	9683	-88	812154	
248	11692	757	11713	-87	812181	8069	-85	812194	10579	-90	812208	9706	-88	812221	
728	11489	2112	11770	-87	812249	8055	-85	812262	10546	-91	812276	9636	-88	812289	
962	11725	-125	11746	-88	812317	8140	-84	812331	10518	-93	812344	9767	-87	812358	
Err	Err	Err	11765	-88	812385	8149	-85	812399	10443	-93	812412	9767	-87	812358	
1555	11070	-3515	11770	-89	812447	8271	-85	812460	10476	-92	812474	9983	-85	812487	
-321	11318	-2314	11638	-94	812516	7863	-88	812529	10485	-93	812543	9894	-85	812556	
-156	10417	-4342	11422	-95	812586	7826	-87	812599	10372	-93	812613	9739	-88	812626	
-626	10266	-4600	11352	-94	812656	7933	-85	812669	10419	-93	812683	9777	-86	812696	
-961	10454	-4177	11347	-94	812724	7948	-86	812737	10466	-92	812751	9767	-86	812764	
Err	Err	Err	11465	-92	812793	8018	-87	812807	10466	-92	812751	9735	-87	812827	
83	11571	-22	11507	-92	812857	7990	-87	812871	10429	-93	812884	9603	-88	812898	
1920	11292	2552	11929	-90	812925	8023	-87	812938	10457	-93	812952	9613	-87	812966	
-498	11283	-2355	11493	-91	812992	8051	-87	813005	10518	-92	813019	9763	-86	813032	
-7314	7054	-1527	11493	-91	812992	8013	-88	813067	10518	-91	813081	9857	-85	813094	
-12	11367	-2413	11615	-91	813125	8074	-87	813138	10546	-90	813152	9824	-86	813165	
519	11787	321	11770	-89	813192	8187	-86	813206	10612	-87	813219	9800	-87	813233	
573	11751	1174	11802	-90	813258	8215	-87	813272	10635	-89	813285	9786	-87	813299	
644	11417	-2036	11624	-92	813325	8023	-87	813338	10443	-93	813352	9758	-85	813365	
1348	11700	527	11732	-88	813394	8224	-86	813407	10476	-90	813422	9749	-85	813435	
2062	11620	941	11887	-89	813461	8206	-90	813475	10471	-90	813488	9767	-85	813502	
-1905	10692	-3452	11413	-91	813530	8027	-89	813543	10668	-90	813557	9838	-88	813570	
1202	11250	-2490	11577	-91	813598	8079	-85	813612	10340	-92	813625	9753	-89	813639	
534	11242	-2722	11596	-92	813666	8041	-86	813680	10443	-93	813693	9791	-87	813707	
134	11359	-2264	11568	-92	813735	8037	-85	813748	10480	-93	813762	9767	-87	813775	
182	11594	-1095	11624	-92	813801	8032	-88	813814	10513	-90	813828	9735	-87	813842	
253	11642	-115	11596	-91	813869	8046	-86	813882	10485	-90	813896	9674	-87	813909	
93	11648	761	11624	-92	813937	8079	-86	813950	10537	-92	813964	9669	-86	813977	
217	11648	-428	11634	-91	814006	8023	-87	814019	10513	-89	814033	9702	-86	814046	
29	11639	-388	11610	-93	814075	8027	-87	814088	10523	-89	814102	9697	-86	814115	
-140	11526	-1316	11568	-94	814143	8013	-88	814156	10513	-90	814171	9721	-87	814185	
-801	10982	-3083	11422	-95	814212	7994	-88	814226	10499	-91	814239	9753	-86	814252	
-389	10850	-3566	11418	-95	814281	8041	-88	814294	10448	-92	814308	9777	-85	814321	
-587	10805	-3622	11422	-95	814346	8037	-88	814360	10480	-92	814373	9791	-85	814387	
359	11021	-3381	11559	-93	814414	8065	-88	814427	10448	-91	814441	9824	-85	814454	
Err	Err	Err	11652	-92	814484	8112	-86	814497	10457	-90	814511	9824	-85	814454	
1043	11717	-116	11727	-90	814546	8163	-85	814560	10499	-91	814573	9763	-84	814587	
974	11648	-1057	11732	-89	814613	8098	-86	814627	10494	-89	814640	9786	-85	814654	
1766	11689	-203	11859	-89	814680	8163	-86	814693	10485	-91	814707	9805	-84	814720	
1282	11611	-1262	11760	-89	814746	8126	-86	814760	10476	-92	814773	9810	-85	814787	
1256	11476	-1909	11685	-91	814812	8154	-86	814826	10433	-93	814840	9814	-86	814853	
636	11033	-3352	11568	-93	814879	8088	-86	814893	10419	-92	814906	9824	-86	814920	
Err	Err	Err	11544	-93	814948	8055	-86	814961	10457	-91	814975	9824	-86	814920	
-192	11257	-2582	11502	-92	815010	8088	-85	815024	10490	-91	815037	9781	-87	815051	
-196	10976	-3327	11451	-92	815079	8060	-85	815092	10448	-90	815106	9781	-87	815119	
0	10731	-3953	11474	-92	815145	8037	-86	815158	10433	-90	815172	9814	-87	815185	
-203	10621	-4135	11432	-92	815211	8037	-86	815224	10433	-91	815239	9810	-87	815252	
-79	10938	-3412	11446	-91	815279	8046	-86	815292	10424	-91	815306	9772	-87	815319	
Err	Err	Err	11451	-90	815345	8046	-86	815292	10424	-92	815373	9819	-87	815387	
-150	10747	-3897	11441	-91	815415	8069	-85	815428	10438	-91	815442	9810	-86	815455	
-306	10947	-3447	11455	-90	815482	8098	-85	815496	10476	-91	815509	9810	-87	815523	
-40	10898	-3597	11498	-91	815550	8041	-86	815563	10457	-92	815577	9810	-87	815591	
-139	10903	-3502	11469	-91	815617	8013	-86	815630	10443	-92	815644	9781	-88	815657	
-57	11151	-2945	11493	-89	815685	8093	-85	815698	10466	-91	815712	9791	-86	815725	
173	11252	-2810	11605	-91	815753	8079	-85	815767	10513	-90	815780	9833	-86	815794	
313	11327	-2436	11568	-90	815823	8069	-85	815837	10462	-90	815850	9781	-86	815864	
216	11123	-3072	11577	-88	815892	8018	-86	815906	10471	-91	815919	9805	-87	815933	
-6826	7533	-2197	11577	-88	815892	8098	-85	815972	10494	-92	815986	9828	-85	815999	
-436	10646	-4101	11446	-90	816029	8065	-85	816042	10485	-93	816056	9838	-86	816070	
-384	11297	-2476	11516	-92	816097	8107	-84	816110	10532	-93	816124	9800	-86	816137	
-568	11378	-2213	11577	-92	816163	8079	-84	816176	10598	-92	816190	9819	-86	816203	
-690	11640	-82	11587	-92	816231	8112	-84	816244	10626	-89	816258	9739	-86	816271	
-242	11672	-324	11610	-90	816298	8102	-82	816311	10579	-91	816325	9739	-86	816338	
408	11543	-1773	11648	-89	816365	8130	-85	816378	10523	-91	816392	9814	-86	816405	
-430	11473	-1902	11596	-92	816432	8107	-85	816446	10598	-91	816459	9819	-85	816473	
305	11416	-2210	11577	-92	816500	8130	-86	816514	10485	-92	816527	9800	-86	816541	
202	11429	-2027	11563	-92	816568	8093	-88	816581	10480	-92	816595	9772	-89	816609	
-556	11516	-1096	11479	-93	816634	8079	-88	816648	10518	-92	816661	9706	-90	816675	
209	11460	2051	11563	-92	816703	8154	-86	816717	10494	-92	816730	9603	-89	816744	
522	11637	1029	11624	-90	816771	8149	-85	816785	10494	-93	816799	9669	-89	816812	
888	11594	1145	11629	-91	816840	8121	-86	816853	10438	-95	816867	9636	-89	816880	
Err	Err	Err	11662	-91	816907	8069	-86	816921	10438	-94	816935	9636	-89	816880	
875	11646	525	11652	-90	816970	8088	-87	816983	10448	-92	816997	9664	-89	817010	
883	11713	331	11690	-91	817040	8177	-86	817053	10499	-91	817067	9735	-88	817080	
342	11533	-1746	11648	-92	817110	8093	-86	817123	10523	-90	817137	9800	-88	817150	
-28	11387	-2378	11629	-91	817178	8079	-87	817191	10560	-88	817205	9833	-86	817218	
587	11523	-1987	11690	-90	817245	8145	-85	817258	10532	-89	817272	9847	-86	817285	
Err	Err	Err	11741	-90	817313	8145	-85	817258	10546	-88	817335	9866	-87	817348	
-313	10764	-3962	11488	-94	817377	8112	-84	817391	10508	-90	817404	9866	-87	817417	
-140	10037	-5295	11507	-94	817443	8065	-85	817456	10494	-91	817470	9946	-86	817484	
-7146	7390	-1785	11507	-94	817443	8116	-85	817526	10537	-89	817539	9997	-85	817553	
-542	10173	-5030	11418	-92	817584	8145	-85	817598	10485	-91	817611	10002	-86	817625	
Err	Err	Err	11535	-92	817657	8084	-86	817670	10523	-89	817684	10002	-86	817625	
-766	10316	-4728	11469	-92	817719	8041	-87	817732	10555	-89	817746	9903	-86	817759	
-258	10620	-4264	11521	-93	817787	8051	-87	817800	10513	-90	817814	9880	-86	817827	
11	11119	-3222	11582	-93	817854	8107	-88	817868	10527	-89	817881	9861	-86	817895	
-179	11085	-3344	11559	-94	817920	8163	-86	817934	10551	-89	817947	9885	-87	817961	
-229	10651	-4328	11526	-94	817986	8177	-86	818000	10541	-89	818013	9932	-87	818027	
Err	Err	Err	11507	-94	818052	8243	-85	818066	10560	-89	818079	9932	-87	818027	
464	11261	-2983	11601	-95	818115	8257	-85	818128	10513	-90	818143	9899	-88	818157	
213	11564	-1691	11568	-94	818185	8238	-86	818198	10518	-91	818212	9819	-87	818225	
-1065	10396	-4404	11357	-92	818254	8084	-88	818268	10518	-91	818283	9842	-87	818296	
-780	10532	-4258	11422	-91	818324	8055	-88	818337	10518	-91	818351	9847	-87	818364	
-936	10409	-4479	11408	-91	818392	8093	-88	818406	10541	-90	818419	9875	-87	818433	
-723	10999	-3285	11474	-91	818461	8102	-88	818474	10551	-90	818488	9833	-88	818501	
-997	10701	-3927	11451	-91	818529	8102	-87	818543	10579	-89	818556	9871	-87	818570	
-275	11311	-2632	11596	-91	818596	8112	-86	818610	10579	-89	818623	9852	-87	818637	
-305	11164	-3094	11587	-92	818666	8116	-85	818679	10579	-91	818693	9875	-88	818706	
-213	11660	-889	11638	-92	818734	8126	-85	818748	10602	-89	818761	9791	-89	818775	
-363	11506	-1756	11605	-93	818802	8098	-85	818816	10593	-90	818829	9810	-86	818843	
-279	11273	-2705	11601	-91	818871	8069	-86	818884	10574	-92	818898	9842	-86	818911	
-153	11407	-2234	11615	-92	818938	8069	-87	818951	10565	-92	818965	9819	-86	818978	
329	11404	-2427	11676	-91	819005	8093	-86	819018	10546	-92	819032	9852	-85	819045	
486	11323	-2683	11690	-91	819073	8069	-87	819087	10527	-92	819100	9857	-85	819114	
92	11258	-2805	11662	-92	819140	8009	-88	819153	10551	-91	819167	9842	-86	819180	
-641	10298	-4776	11507	-94	819209	7971	-87	819222	10551	-90	819236	9899	-86	819249	
-602	10625	-4191	11512	-93	819275	8032	-87	819288	10555	-90	819302	9880	-86	819315	
-453	10876	-3654	11521	-93	819343	8041	-87	819357	10537	-91	819371	9847	-86	819384	
-496	10464	-4514	11460	-93	819410	8088	-87	819424	10513	-91	819437	9885	-86	819451	
-412	10793	-3833	11474	-93	819477	8079	-87	819491	10504	-91	819505	9842	-86	819518	
138	10617	-4291	11516	-94	819545	8069	-88	819558	10452	-91	819572	9866	-86	819585	
-151	10470	-4569	11502	-94	819612	8079	-87	819625	10490	-91	819639	9894	-85	819653	
268	10868	-3849	11554	-94	819680	8135	-86	819693	10476	-92	819707	9880	-86	819720	
0	11074	-3411	11577	-94	819749	8135	-85	819762	10532	-91	819776	9880	-87	819789	
104	11575	-1564	11605	-93	819814	8159	-84	819828	10541	-91	819842	9805	-87	819855	
-332	11684	-315	11591	-91	819884	8173	-84	819897	10593	-90	819911	9763	-86	819924	
-1089	11655	129	11582	-91	819953	8252	-85	819967	10705	-88	819980	9805	-89	819994	
-83	11668	1208	11629	-90	820020	8215	-83	820034	10598	-89	820047	9721	-87	820061	
412	11624	-1367	11648	-90	820087	8168	-85	820101	10532	-91	820114	9810	-86	820128	
203	11590	-1713	11634	-92	820154	8224	-85	820168	10565	-90	820182	9852	-85	820195	
1496	11736	-87	11770	-93	820216	8281	-85	820229	10499	-91	820243	9819	-86	820256	
1384	11728	121	11840	-92	820282	8140	-87	820296	10523	-92	820309	9786	-86	820323	
1275	11250	-2787	11723	-91	820348	8098	-87	820362	10438	-92	820375	9857	-86	820389	
1332	11409	-2323	11812	-90	820416	8065	-88	820429	10485	-92	820443	9866	-87	820456	
-7805	5843	-1970	11812	-90	820416	8093	-87	820492	10471	-92	820506	9847	-86	820519	
1520	11601	-1203	11774	-88	820548	8149	-85	820562	10457	-92	820575	9814	-86	820589	
1007	11643	-1210	11746	-89	820615	8130	-85	820628	10508	-91	820642	9814	-86	820655	
1193	11680	-655	11718	-91	820681	8182	-84	820695	10476	-91	820708	9786	-87	820722	
488	11745	-25	11685	-90	820748	8177	-84	820762	10551	-90	820775	9767	-87	820789	
637	11717	-220	11648	-91	820815	8196	-85	820829	10508	-91	820842	9758	-86	820856	
Err	Err	Err	11629	-92	820882	8196	-85	820829	10527	-90	820902	9767	-86	820916	
34	11695	763	11615	-93	820944	8206	-84	820958	10569	-91	820971	9725	-86	820985	
44	11719	118	11605	-93	821011	8206	-85	821025	10560	-90	821038	9749	-86	821052	
130	11662	-929	11568	-93	821077	8215	-85	821091	10523	-91	821104	9777	-85	821118	
-165	11590	-1235	11526	-93	821145	8196	-85	821159	10527	-93	821172	9772	-85	821187	
120	11306	-2651	11502	-92	821214	8229	-84	821227	10480	-93	821241	9828	-85	821254	
950	11596	-1320	11601	-92	821282	8243	-84	821297	10443	-93	821310	9791	-85	821324	
687	11671	-735	11605	-91	821353	8220	-84	821366	10476	-93	821380	9767	-85	821393	
474	11688	-722	11629	-91	821421	8182	-84	821434	10513	-92	821448	9772	-86	821461	
372	11733	460	11657	-91	821489	8210	-84	821503	10555	-92	821516	9749	-86	821530	
411	11655	-947	11605	-91	821557	8182	-83	821570	10504	-92	821584	9772	-86	821597	
189	11721	-122	11619	-91	821623	8187	-83	821637	10546	-92	821650	9753	-87	821664	
-345	11644	716	11577	-92	821692	8149	-84	821706	10579	-92	821719	9697	-87	821733	
Err	Err	Err	11512	-92	821761	8149	-84	821706	10541	-92	821783	9702	-87	821796	
-504	11590	1309	11559	-92	821826	8196	-85	821839	10598	-92	821853	9688	-87	821866	
-651	11647	421	11559	-92	821896	8173	-85	821909	10612	-92	821923	9725	-87	821936	
-655	11586	1194	11521	-92	821963	8215	-85	821977	10593	-92	821990	9688	-87	822004	
-560	11568	1425	11563	-93	822031	8187	-85	822045	10607	-92	822059	9683	-86	822072	
-447	11664	504	11582	-93	822099	8173	-84	822112	10602	-92	822126	9725	-86	822140	
-737	11616	1091	11559	-93	822168	8224	-84	822181	10635	-91	822195	9721	-86	822208	
-140	11675	926	11615	-93	822235	8206	-83	822248	10593	-91	822262	9725	-86	822275	
-868	11496	1876	11596	-92	822304	8215	-84	822317	10682	-91	822331	9706	-86	822344	
-371	11668	1191	11615	-92	822371	8252	-83	822385	10635	-91	822398	9744	-86	822412	
Err	Err	Err	11671	-92	822438	8224	-83	822452	10635	-91	822398	9730	-86	822472	
-6641	7278	-3320	11671	-92	822438	8215	-83	822507	10649	-90	822521	9753	-85	822534	
-288	11549	2040	11662	-91	822566	8243	-83	822579	10659	-90	822593	9721	-85	822606	
-230	11690	1117	11652	-90	822633	8234	-83	822647	10640	-90	822660	9753	-85	822674	
-385	11726	-27	11638	-90	822700	8191	-83	822714	10640	-91	822727	9786	-85	822741	
-97	11750	381	11671	-90	822767	8210	-84	822781	10630	-91	822794	9781	-85	822808	
368	11755	318	11685	-89	822836	8201	-83	822850	10574	-91	822863	9767	-85	822877	
187	11758	551	11704	-88	822903	8196	-84	822916	10612	-91	822930	9772	-85	822943	
595	11762	248	11704	-88	822972	8215	-83	822985	10560	-91	822999	9777	-85	823012	
456	11750	513	11690	-88	823040	8215	-83	823053	10569	-91	823067	9763	-85	823080	
-30	11754	306	11666	-88	823107	8206	-83	823120	10616	-91	823134	9777	-85	823147	
229	11678	1360	11690	-88	823174	8220	-83	823187	10602	-91	823201	9735	-85	823214	
494	11770	524	11699	-88	823242	8248	-83	823255	10579	-91	823269	9781	-85	823282	
305	11738	4	11676	-88	823309	8173	-83	823322	10569	-91	823336	9767	-85	823349	
384	11648	1748	11727	-88	823378	8252	-83	823392	10616	-91	823405	9744	-85	823419	
122	11755	350	11666	-88	823446	8234	-83	823459	10602	-91	823473	9781	-85	823486	
113	11741	249	11671	-88	823512	8177	-83	823526	10593	-91	823539	9763	-85	823553	
322	11742	581	11680	-89	823581	8210	-84	823595	10579	-91	823608	9758	-85	823622	
156	11758	-101	11657	-89	823651	8224	-84	823665	10588	-91	823678	9791	-85	823692	
255	11752	-66	11666	-89	823719	8215	-84	823733	10579	-91	823746	9786	-85	823760	
-56	11744	697	11690	-90	823787	8215	-84	823800	10640	-91	823814	9777	-85	823827	
17	11749	739	11671	-90	823854	8238	-84	823867	10621	-91	823881	9772	-85	823895	
78	11759	50	11671	-89	823922	8215	-83	823935	10607	-91	823949	9791	-85	823962	
156	11697	1094	11648	-89	823989	8234	-84	824003	10584	-92	824017	9735	-86	824031	
-43	11675	1215	11666	-89	824059	8196	-83	824073	10616	-91	824086	9730	-86	824102	
-167	11730	845	11666	-89	824128	8248	-83	824141	10645	-91	824155	9777	-86	824169	
98	11705	1251	11695	-89	824196	8229	-83	824210	10626	-90	824223	9753	-86	824237	
-257	11699	995	11657	-90	824267	8224	-83	824281	10645	-90	824294	9758	-86	824308	
-407	11690	1024	11634	-90	824335	8229	-83	824349	10649	-91	824362	9753	-86	824376	
-326	11635	1304	11629	-90	824405	8191	-84	824419	10626	-91	824432	9716	-86	824446	
-169	11719	506	11648	-90	824472	8182	-83	824485	10616	-91	824501	9753	-87	824514	
-151	11692	767	11634	-89	824542	8177	-83	824555	10602	-91	824569	9730	-87	824583	
Err	Err	Err	11634	-91	824610	8210	-84	824624	10602	-91	824569	9777	-87	824644	
-76	11715	-558	11615	-92	824673	8206	-84	824686	10584	-91	824700	9791	-87	824714	
-35	11684	-773	11615	-92	824740	8187	-84	824754	10574	-91	824767	9791	-87	824781	
-198	11730	21	11610	-92	824807	8229	-84	824820	10602	-91	824834	9777	-87	824847	
-156	11667	-819	11582	-92	824876	8201	-84	824890	10569	-91	824903	9786	-87	824917	
162	11715	-235	11601	-92	824943	8206	-85	824957	10541	-90	824970	9758	-87	824984	
420	11689	-717	11619	-92	825013	8201	-84	825026	10518	-91	825040	9777	-87	825054	
519	11704	444	11610	-92	825079	8206	-84	825093	10499	-90	825106	9716	-88	825120	
461	11582	-1493	11582	-92	825149	8201	-84	825163	10485	-91	825176	9791	-88	825190	
676	11699	360	11629	-92	825218	8201	-84	825231	10490	-90	825245	9721	-89	825258	
330	11681	505	11587	-92	825286	8191	-84	825300	10504	-90	825313	9702	-90	825327	
-7860	6088	-1267	11587	-92	825286	8182	-84	825366	10546	-89	825380	9674	-90	825393	
-644	11630	805	11587	-92	825425	8159	-84	825439	10630	-89	825452	9716	-90	825466	
Err	Err	Err	11591	-92	825493	8154	-83	825507	10579	-89	825521	9716	-90	825466	
-231	11613	1346	11596	-92	825555	8191	-83	825569	10588	-89	825582	9692	-89	825596	
-260	11662	1041	11624	-91	825622	8187	-82	825636	10612	-89	825649	9721	-90	825663	
-417	11683	1075	11657	-90	825690	8206	-83	825703	10663	-91	825717	9753	-90	825731	
-279	11706	353	11596	-91	825757	8210	-82	825771	10598	-91	825784	9749	-90	825798	
-66	11721	543	11652	-89	825825	8191	-82	825838	10607	-92	825852	9753	-88	825865	
-10	11739	297	11657	-88	825892	8187	-82	825905	10602	-91	825919	9763	-87	825932	
-388	11698	929	11676	-88	825961	8182	-81	825974	10668	-90	825988	9758	-87	826001	
-68	11752	-341	11690	-89	826028	8187	-82	826042	10635	-89	826055	9814	-86	826069	
-140	11751	0	11685	-89	826097	8182	-83	826110	10640	-89	826124	9796	-86	826137	
-355	11686	-802	11643	-90	826163	8168	-83	826176	10635	-90	826190	9814	-86	826203	
-293	11738	-208	11643	-91	826230	8229	-83	826243	10640	-91	826257	9810	-86	826270	
-472	11703	104	11605	-92	826296	8206	-83	826310	10630	-90	826324	9772	-87	826337	
-7575	6833	-1447	11605	-92	826296	8229	-83	826380	10682	-90	826393	9796	-87	826407	
-400	11670	1269	11629	-93	826437	8271	-84	826451	10654	-89	826464	9758	-88	826478	
-658	11705	236	11601	-94	826506	8238	-84	826519	10659	-90	826533	9786	-88	826546	
Err	Err	Err	11568	-94	826572	8206	-84	826586	10663	-90	826599	9786	-88	826546	
-1020	11617	-152	11549	-94	826635	8196	-84	826649	10659	-90	826662	9772	-88	826676	
-1095	11626	185	11563	-94	826701	8206	-84	826715	10682	-89	826729	9772	-88	826742	
-1289	11590	373	11549	-94	826769	8224	-84	826783	10701	-89	826796	9772	-88	826810	
-1034	11636	-173	11535	-93	826838	8243	-84	826852	10659	-88	826865	9786	-87	826879	
-733	11713	273	11610	-93	826900	8266	-84	826913	10682	-89	826927	9805	-87	826940	
-973	11643	-421	11568	-93	826967	8224	-83	826981	10673	-89	826995	9805	-87	827008	
-547	11714	-261	11615	-92	827035	8234	-83	827048	10654	-90	827062	9810	-87	827075	
-339	11722	-322	11638	-92	827103	8196	-83	827116	10635	-91	827130	9800	-86	827144	
-514	11673	-723	11605	-91	827172	8201	-84	827185	10635	-91	827199	9810	-86	827212	
-7904	6185	-1288	11605	-91	827172	8173	-85	827255	10673	-90	827268	9786	-87	827282	
-1009	11597	-426	11540	-92	827312	8168	-85	827326	10645	-89	827339	9767	-87	827352	
-1038	11606	-783	11577	-92	827378	8187	-85	827392	10682	-89	827405	9814	-87	827419	
-813	11635	-896	11596	-91	827447	8196	-85	827460	10668	-89	827474	9824	-88	827487	
-806	11581	-1386	11601	-90	827515	8201	-83	827529	10673	-89	827542	9852	-87	827556	
-986	11636	-77	11554	-92	827582	8201	-84	827595	10659	-88	827609	9772	-87	827622	
-898	11653	-387	11582	-92	827650	8196	-84	827663	10668	-88	827677	9796	-88	827690	
-1302	11606	247	11568	-92	827718	8206	-85	827732	10714	-88	827746	9781	-88	827759	
-1444	11564	309	11535	-92	827787	8220	-85	827801	10710	-89	827814	9772	-88	827828	
-1174	11544	-969	11530	-92	827856	8206	-84	827869	10668	-89	827884	9810	-88	827897	
-1482	11552	-225	11530	-92	827923	8187	-84	827936	10705	-89	827950	9781	-88	827963	
Err	Err	Err	11535	-92	827989	8224	-85	828004	10677	-89	828017	9781	-88	827963	
-1478	11540	-218	11512	-92	828050	8191	-84	828064	10691	-89	828077	9772	-88	828091	
-1238	11600	221	11535	-93	828118	8220	-84	828131	10682	-89	828145	9767	-88	828158	
-1504	11552	-75	11516	-92	828186	8210	-84	828199	10701	-89	828213	9777	-88	828227	
-1480	11539	-343	11521	-92	828253	8177	-85	828267	10696	-89	828280	9777	-88	828294	
-1399	11557	724	11535	-92	828322	8224	-85	828335	10705	-89	828349	9753	-88	828362	
-1153	11552	-1083	11544	-92	828389	8210	-84	828403	10677	-89	828417	9824	-87	828430	
-1066	11614	367	11535	-92	828458	8220	-84	828472	10659	-89	828485	9753	-88	828499	
-1168	11593	-491	11535	-92	828525	8196	-84	828539	10668	-89	828553	9786	-88	828566	
-880	11635	216	11530	-92	828593	8220	-83	828607	10630	-89	828620	9749	-88	828634	
-1390	11538	-477	11498	-92	828660	8191	-84	828674	10668	-89	828687	9772	-88	828700	
-1266	11597	199	11526	-93	828728	8238	-84	828742	10682	-90	828756	9772	-88	828769	
Err	Err	Err	11512	-93	828798	8224	-84	828811	10682	-90	828756	9763	-88	828831	
-1852	11464	422	11493	-93	828857	8224	-84	828871	10733	-90	828884	9763	-88	828898	
-1427	11509	-780	11498	-94	828923	8187	-84	828937	10673	-91	828952	9786	-88	828965	
-1389	11560	341	11479	-94	828995	8248	-84	829008	10663	-90	829022	9749	-88	829035	
-1417	11566	666	11530	-94	829064	8234	-84	829078	10705	-91	829091	9758	-87	829105	
-1676	11457	800	11488	-94	829134	8191	-84	829148	10700	-91	829161	9721	-88	829175	
-1211	11576	805	11535	-94	829200	8210	-83	829214	10677	-90	829227	9735	-87	829241	
-1529	11549	147	11530	-94	829267	8201	-84	829280	10714	-91	829294	9772	-87	829307	
-1480	11505	1211	11549	-94	829336	8248	-83	829350	10733	-90	829363	9753	-87	829377	
-1403	11561	505	11535	-94	829405	8201	-84	829419	10701	-89	829432	9753	-88	829446	
-2057	11418	595	11516	-95	829472	8191	-85	829486	10775	-90	829500	9763	-88	829513	
-1275	11549	1245	11591	-94	829541	8220	-85	829554	10733	-91	829568	9753	-88	829581	
-1296	11602	226	11582	-94	829607	8177	-85	829620	10719	-90	829634	9777	-89	829647	
-1111	11627	78	11573	-93	829677	8201	-85	829691	10691	-89	829704	9781	-88	829718	
-1234	11612	-106	11568	-93	829745	8187	-85	829758	10701	-89	829772	9786	-89	829785	
Err	Err	Err	11577	-92	829812	8182	-86	829825	10696	-89	829839	9786	-89	829785	
-1084	11635	0	11601	-92	829874	8159	-85	829888	10701	-90	829901	9781	-88	829915	
-1062	11572	1355	11610	-91	829943	8220	-85	829957	10719	-89	829970	9749	-89	829984	
-1249	11509	1500	11591	-91	830011	8187	-85	830025	10724	-89	830038	9725	-89	830052	
-763	11586	1597	11634	-92	830080	8234	-85	830093	10700	-89	830107	9744	-89	830120	
-940	11392	2338	11615	-91	830148	8196	-84	830161	10705	-88	830175	9688	-89	830188	
-1157	11582	885	11596	-92	830216	8168	-84	830230	10710	-88	830243	9744	-89	830257	
Err	Err	Err	11601	-92	830285	8168	-84	830299	10710	-88	830243	9744	-89	830319	
-992	11589	1200	11601	-92	830347	8191	-84	830361	10696	-89	830374	9735	-89	830388	
-509	11631	1225	11605	-92	830413	8224	-84	830427	10640	-89	830440	9730	-89	830454	
-912	11612	1193	11624	-92	830480	8201	-84	830493	10705	-89	830507	9749	-89	830520	
-839	11654	502	11587	-92	830546	8191	-84	830560	10663	-89	830573	9753	-88	830587	
-624	11693	471	11634	-91	830616	8182	-84	830629	10668	-89	830643	9767	-88	830656	
-510	11704	434	11610	-92	830683	8210	-84	830696	10640	-89	830710	9763	-88	830723	
-259	11697	963	11652	-92	830752	8196	-84	830766	10635	-89	830779	9744	-88	830793	
-551	11695	205	11591	-92	830822	8206	-84	830836	10630	-89	830849	9763	-88	830863	
-771	11656	534	11582	-93	830889	8187	-83	830902	10649	-88	830916	9744	-88	830929	
-736	11674	440	11596	-93	830958	8206	-83	830971	10659	-88	830985	9763	-88	830998	
-788	11678	396	11591	-93	831025	8234	-84	831039	10668	-88	831052	9777	-88	831066	
-1403	11565	509	11563	-92	831092	8177	-83	831106	10719	-88	831119	9758	-88	831133	
-967	11671	319	11596	-92	831162	8234	-83	831176	10696	-88	831189	9791	-88	831203	
-1092	11645	-87	11577	-92	831229	8224	-83	831242	10696	-88	831257	9800	-88	831270	
-607	11694	-347	11615	-92	831297	8196	-83	831311	10654	-88	831324	9800	-88	831338	
-675	11715	-80	11624	-92	831365	8229	-83	831379	10677	-88	831392	9810	-88	831407	
-638	11651	-653	11587	-92	831435	8187	-83	831448	10635	-89	831462	9796	-88	831476	
-831	11663	240	11591	-93	831504	8182	-84	831518	10663	-89	831531	9763	-90	831545	
-824	11661	110	11577	-93	831571	8196	-84	831584	10654	-89	831598	9767	-90	831611	
-870	11666	288	11582	-93	831641	8215	-84	831657	10668	-89	831670	9772	-89	831684	
-719	11660	1037	11596	-93	831711	8257	-83	831725	10668	-89	831739	9758	-90	831752	
Err	Err	Err	11610	-94	831779	8257	-83	831725	10659	-89	831799	9767	-89	831813	
Percentuale di fallimenti nel positioning: 5.4%
