Distanza: 30000.0
X [mm]	Y [mm]	Z [mm]	A0 	 RSS 	 Time 	 A1 	 RSS 	 Time 	 A2 	 RSS 	 Time 	 A3 	 RSS 	 Time 	 
-1693	31475	-1791	31533	-100	1003136	27978	-95	1003150	30473	-99	1003163	29661	-99	1003177	
-27905	6980	-4398	31533	-100	1003136	28043	-95	1003213	30365	-100	1003227	29525	-101	1003240	
-27964	-1527	-4821	31533	-100	1003136	27954	-100	1003280	30388	-99	1003294	29765	-99	1003308	
Err	Err	Err	31533	-100	1003136	27964	-97	1003354	30487	-97	1003368	29765	-99	1003308	
-27830	-3001	-4468	31533	-100	1003136	28015	-97	1003406	30506	-99	1003420	29708	-98	1003433	
-27830	-2763	-4615	31533	-100	1003136	28020	-97	1003472	30431	-98	1003486	29722	-97	1003499	
-26687	11920	-4831	31533	-100	1003136	27954	-96	1003541	30487	-96	1003555	29765	-98	1003568	
-27828	-2945	-4674	31533	-100	1003136	28006	-96	1003610	30496	-97	1003624	29797	-98	1003637	
-27960	-2010	-4573	31533	-100	1003136	27987	-97	1003675	30459	-97	1003689	29713	-98	1003702	
-27673	7863	-4849	31533	-100	1003136	27701	-97	1003743	30487	-97	1003757	29727	-95	1003770	
-208	31238	-4649	31570	-99	1003805	27978	-97	1003819	30426	-100	1003832	29704	-97	1003846	
Err	Err	Err	31570	-99	1003805	27959	-100	1003889	30426	-100	1003832	29643	-100	1003910	
-26101	13375	-4937	31570	-99	1003805	27931	-99	1003940	30478	-97	1003954	29783	-97	1003967	
Err	Err	Err	31538	-98	1003999	28109	-93	1004012	30478	-97	1003954	29769	-96	1004041	
183	31280	-4785	31589	-98	1004068	28109	-94	1004081	30459	-99	1004095	29774	-96	1004108	
1214	31165	-5251	31566	-98	1004135	28081	-93	1004148	30384	-101	1004162	29741	-97	1004177	
-1296	31159	5250	31599	-99	1004203	28057	-96	1004216	30524	-98	1004230	29615	-99	1004243	
-27728	8634	-4629	31599	-99	1004203	28043	-97	1004277	30609	-96	1004291	29797	-96	1004304	
Err	Err	Err	31664	-95	1004336	28067	-94	1004350	30609	-96	1004291	29713	-98	1004377	
-3823	30595	-6321	31439	-102	1004406	27964	-98	1004419	30510	-98	1004433	29713	-98	1004446	
Err	Err	Err	31669	-97	1004472	28043	-95	1004486	30510	-98	1004433	29544	-100	1004514	
-27727	-3459	-4710	31669	-97	1004472	27996	-97	1004548	30492	-98	1004562	29812	-97	1004576	
-2757	31130	-4494	31519	-102	1004604	28024	-96	1004617	30529	-97	1004631	29736	-97	1004644	
Err	Err	Err	31519	-102	1004604	28024	-95	1004686	30529	-97	1004631	29596	-99	1004707	
-25956	-9188	-4392	31519	-102	1004604	27996	-95	1004736	30412	-99	1004750	29685	-97	1004763	
-25947	-9231	-4286	31519	-102	1004604	27954	-98	1004802	30473	-98	1004816	29657	-99	1004829	
-26491	-7843	-4479	31519	-102	1004604	27917	-97	1004867	30431	-98	1004881	29704	-98	1004894	
-1769	31523	-911	31514	-101	1004925	28015	-95	1004938	30473	-99	1004952	29657	-100	1004965	
-28045	-1528	-4389	31514	-101	1004925	28015	-95	1004999	30468	-100	1005013	29643	-100	1005026	
-28095	-1200	-4375	31514	-101	1004925	28043	-94	1005064	30449	-102	1005077	29629	-98	1005091	
Err	Err	Err	31514	-101	1004925	28043	-92	1005136	30449	-102	1005077	29680	-98	1005157	
Err	Err	Err	31509	-102	1005179	28043	-92	1005136	30449	-102	1005077	29671	-97	1005208	
Err	Err	Err	31603	-99	1005230	28109	-92	1005244	30449	-102	1005077	29765	-96	1005265	
Err	Err	Err	31594	-99	1005293	28095	-90	1005307	30449	-102	1005077	29854	-94	1005328	
Err	Err	Err	31561	-99	1005355	28104	-90	1005369	30449	-102	1005077	29821	-95	1005396	
Err	Err	Err	31627	-99	1005423	28114	-90	1005436	30449	-102	1005077	29854	-96	1005464	
-219	31258	-4999	31594	-99	1005492	28142	-92	1005505	30492	-100	1005519	29802	-95	1005533	
Err	Err	Err	31538	-99	1005561	28081	-91	1005574	30492	-100	1005519	29802	-96	1005595	
Err	Err	Err	31584	-99	1005621	28118	-91	1005634	30492	-100	1005519	29774	-96	1005655	
Err	Err	Err	31599	-100	1005682	28132	-92	1005696	30492	-100	1005519	29774	-97	1005724	
Err	Err	Err	31631	-98	1005751	28090	-91	1005765	30492	-100	1005519	29802	-98	1005786	
Err	Err	Err	31481	-100	1005815	28151	-92	1005829	30492	-100	1005519	29769	-98	1005850	
Err	Err	Err	31599	-103	1005878	28090	-95	1005892	30492	-100	1005519	29807	-98	1005913	
Err	Err	Err	31599	-103	1005878	28085	-94	1005947	30492	-100	1005519	29727	-98	1005968	
Err	Err	Err	31542	-101	1005992	28095	-94	1006005	30492	-100	1005519	29736	-99	1006026	
2396	31062	-5426	31627	-101	1006054	28020	-96	1006068	30346	-108	1006082	29727	-99	1006095	
Err	Err	Err	31627	-101	1006054	28053	-98	1006130	30346	-108	1006082	29657	-100	1006151	
Err	Err	Err	31627	-101	1006054	27959	-98	1006180	30346	-108	1006082	29657	-100	1006151	
Err	Err	Err	31627	-101	1006054	28010	-99	1006233	30346	-108	1006082	29619	-101	1006261	
Err	Err	Err	31627	-101	1006054	27940	-100	1006291	30346	-108	1006082	29619	-101	1006261	
Err	Err	Err	31627	-101	1006054	27996	-99	1006343	30346	-108	1006082	29624	-99	1006364	
Err	Err	Err	31627	-101	1006054	28001	-97	1006394	30346	-108	1006082	29699	-99	1006415	
Err	Err	Err	31477	-101	1006437	28039	-95	1006451	30346	-108	1006082	29751	-98	1006472	
-252	31486	-3236	31561	-101	1006498	28118	-94	1006512	30463	-100	1006525	29746	-96	1006539	
-1476	31184	-5027	31556	-100	1006565	28104	-92	1006579	30515	-99	1006592	29783	-96	1006606	
-27729	8715	-4674	31556	-100	1006565	28137	-93	1006642	30543	-98	1006656	29769	-98	1006669	
Err	Err	Err	31636	-96	1006699	28170	-90	1006713	30543	-98	1006656	29760	-97	1006734	
Err	Err	Err	31697	-95	1006763	28175	-90	1006776	30543	-98	1006656	29769	-96	1006799	
Err	Err	Err	31716	-96	1006825	28137	-90	1006838	30543	-98	1006656	29830	-94	1006860	
Err	Err	Err	31533	-100	1006886	28109	-91	1006899	30543	-98	1006656	29863	-94	1006921	
925	30979	-6464	31617	-100	1006949	28132	-91	1006963	30449	-100	1006976	29816	-95	1006991	
-801	31321	-4552	31613	-99	1007018	28109	-90	1007031	30524	-99	1007045	29797	-96	1007058	
-3191	31297	-3300	31538	-99	1007084	28128	-91	1007097	30590	-99	1007111	29783	-96	1007125	
-2298	31502	-2353	31575	-101	1007151	28118	-91	1007165	30571	-99	1007178	29769	-97	1007192	
-137	31598	-2694	31674	-98	1007217	28109	-92	1007231	30534	-99	1007244	29788	-97	1007258	
-1722	31638	260	31603	-99	1007284	28132	-90	1007297	30567	-99	1007311	29741	-96	1007324	
-2103	31124	-5282	31580	-100	1007353	28100	-91	1007366	30562	-99	1007380	29807	-96	1007394	
-610	31302	-4720	31627	-100	1007420	28076	-93	1007434	30515	-99	1007447	29788	-96	1007461	
-914	31552	-2767	31608	-100	1007486	28104	-91	1007500	30524	-99	1007513	29765	-96	1007527	
-1564	30263	-8778	31528	-101	1007552	28067	-91	1007566	30492	-100	1007580	29816	-96	1007593	
-627	31544	-2839	31622	-101	1007615	28104	-91	1007630	30520	-99	1007643	29769	-96	1007657	
-1457	31261	-4457	31556	-101	1007682	28076	-92	1007696	30506	-101	1007709	29760	-97	1007723	
Err	Err	Err	31622	-99	1007748	28090	-93	1007761	30506	-101	1007709	29751	-97	1007782	
Err	Err	Err	31636	-99	1007809	28085	-92	1007823	30506	-101	1007709	29774	-98	1007844	
Err	Err	Err	31613	-99	1007873	28071	-94	1007887	30506	-101	1007709	29722	-99	1007908	
Err	Err	Err	31664	-99	1007947	28085	-94	1007960	30506	-101	1007709	29779	-100	1007981	
Err	Err	Err	31674	-99	1008008	28123	-94	1008021	30506	-101	1007709	29741	-100	1008043	
1857	31634	-1158	31660	-100	1008074	28109	-94	1008089	30426	-100	1008102	29727	-98	1008116	
2255	31361	-3755	31636	-100	1008142	28062	-95	1008155	30374	-99	1008169	29727	-98	1008182	
-1043	30973	-6121	31528	-101	1008209	28081	-95	1008223	30468	-99	1008236	29769	-98	1008250	
Err	Err	Err	31542	-102	1008274	28071	-95	1008288	30468	-99	1008236	29746	-97	1008310	
-382	29503	-11020	31528	-100	1008339	28057	-95	1008353	30431	-101	1008366	29835	-98	1008380	
Err	Err	Err	31556	-100	1008406	28104	-94	1008419	30431	-101	1008366	29760	-99	1008447	
Err	Err	Err	31556	-100	1008406	28100	-95	1008484	30431	-101	1008366	29671	-99	1008512	
1775	31602	573	31509	-101	1008534	28137	-95	1008548	30337	-100	1008561	29643	-100	1008575	
Err	Err	Err	31617	-100	1008601	28057	-95	1008614	30374	-99	1008628	29643	-100	1008575	
Err	Err	Err	31552	-100	1008663	28109	-95	1008677	30374	-99	1008628	29675	-103	1008704	
1348	31544	-1801	31547	-100	1008735	28081	-95	1008748	30365	-100	1008762	29675	-101	1008775	
1646	31157	-5097	31528	-99	1008802	28081	-95	1008815	30337	-98	1008829	29713	-100	1008842	
2491	31211	-4738	31650	-98	1008869	28071	-93	1008883	30374	-98	1008896	29751	-98	1008910	
787	31610	-1813	31603	-97	1008936	28095	-94	1008949	30435	-97	1008963	29718	-98	1008976	
201	31621	-2164	31641	-97	1009004	28085	-92	1009017	30487	-97	1009031	29746	-97	1009044	
-3634	31381	-1568	31547	-98	1009070	28095	-94	1009083	30609	-96	1009097	29751	-97	1009110	
-1914	31340	-3603	31547	-99	1009137	28071	-93	1009151	30520	-96	1009164	29746	-96	1009178	
-4058	30809	-5336	31477	-101	1009205	28039	-93	1009218	30567	-97	1009232	29755	-97	1009245	
-2558	30936	-5783	31505	-100	1009273	28062	-93	1009287	30520	-98	1009300	29765	-98	1009314	
Err	Err	Err	31505	-100	1009342	28090	-92	1009355	30520	-98	1009300	29718	-98	1009376	
Err	Err	Err	31645	-99	1009399	28114	-91	1009413	30520	-98	1009300	29657	-99	1009434	
Err	Err	Err	31617	-98	1009455	28085	-91	1009469	30520	-98	1009300	29694	-99	1009490	
1639	31643	-946	31641	-97	1009521	28100	-90	1009535	30421	-101	1009549	29713	-98	1009562	
Err	Err	Err	31631	-97	1009588	28076	-90	1009602	30421	-101	1009549	29844	-96	1009630	
1757	30948	-6342	31603	-98	1009658	28100	-91	1009671	30388	-102	1009685	29779	-96	1009698	
Err	Err	Err	31552	-98	1009726	28085	-91	1009740	30388	-102	1009685	29807	-97	1009761	
Err	Err	Err	31566	-99	1009789	28123	-92	1009802	30388	-102	1009685	29783	-96	1009823	
Err	Err	Err	31669	-99	1009854	28104	-90	1009868	30388	-102	1009685	29741	-96	1009889	
Err	Err	Err	31631	-98	1009921	28104	-90	1009934	30388	-102	1009685	29802	-96	1009956	
-418	31325	-4637	31622	-98	1009985	28090	-91	1009999	30506	-100	1010012	29788	-96	1010026	
Err	Err	Err	31584	-98	1010054	28104	-91	1010067	30506	-100	1010012	29685	-96	1010088	
Err	Err	Err	31556	-98	1010116	28057	-90	1010130	30506	-100	1010012	29741	-96	1010152	
Err	Err	Err	31641	-98	1010180	28057	-90	1010130	30506	-100	1010012	29769	-96	1010208	
Err	Err	Err	31706	-98	1010229	28137	-91	1010242	30506	-100	1010012	29807	-96	1010270	
Err	Err	Err	31599	-99	1010298	28085	-92	1010311	30506	-100	1010012	29812	-96	1010339	
-2820	30837	-6391	31594	-99	1010366	28081	-91	1010379	30604	-98	1010394	29835	-95	1010408	
-1638	30254	-8780	31523	-99	1010434	28081	-92	1010448	30496	-99	1010461	29821	-95	1010475	
Err	Err	Err	31627	-99	1010501	28114	-91	1010515	30496	-99	1010461	29793	-95	1010544	
Err	Err	Err	31645	-98	1010571	28090	-91	1010584	30496	-99	1010461	29765	-96	1010612	
Err	Err	Err	31636	-97	1010640	28109	-92	1010653	30496	-99	1010461	29821	-97	1010675	
2425	31653	-949	31697	-98	1010702	28161	-91	1010715	30440	-100	1010729	29760	-96	1010744	
-3021	30757	-6709	31589	-99	1010770	28109	-93	1010784	30618	-98	1010797	29854	-95	1010811	
-28368	2718	-5111	31589	-99	1010770	28095	-92	1010852	30539	-98	1010866	29887	-94	1010879	
-3688	29798	-9628	31519	-99	1010911	28104	-93	1010925	30604	-99	1010938	29877	-94	1010952	
1156	30437	-8551	31641	-99	1010977	28118	-92	1010991	30449	-99	1011004	29854	-95	1011018	
Err	Err	Err	31603	-100	1011045	28053	-93	1011059	30449	-99	1011004	29797	-96	1011080	
Err	Err	Err	31622	-99	1011102	28062	-94	1011115	30449	-99	1011004	29751	-98	1011136	
Err	Err	Err	31683	-98	1011164	28100	-93	1011178	30449	-99	1011004	29826	-97	1011200	
Err	Err	Err	31688	-98	1011230	28137	-91	1011244	30449	-99	1011004	29783	-96	1011265	
Err	Err	Err	31617	-97	1011294	28156	-91	1011308	30449	-99	1011004	29783	-96	1011265	
Err	Err	Err	31636	-98	1011349	28076	-91	1011362	30449	-99	1011004	29765	-96	1011384	
Err	Err	Err	31589	-99	1011411	28085	-92	1011424	30449	-99	1011004	29807	-97	1011452	
Err	Err	Err	31561	-99	1011483	28104	-92	1011497	30449	-99	1011004	29760	-97	1011524	
-445	31242	-4903	31584	-100	1011554	28081	-91	1011567	30478	-126	1011582	29769	-97	1011595	
Err	Err	Err	31580	-100	1011622	28104	-93	1011635	30478	-126	1011582	29769	-97	1011657	
Err	Err	Err	31617	-100	1011690	28067	-93	1011703	30478	-126	1011582	29751	-97	1011724	
-847	30628	-7591	31519	-101	1011754	28085	-92	1011768	30454	-100	1011781	29788	-97	1011795	
-2102	31071	-5245	31500	-100	1011824	28071	-94	1011838	30496	-99	1011851	29751	-96	1011865	
-217	30689	-7500	31575	-100	1011892	28057	-92	1011906	30454	-101	1011919	29793	-96	1011933	
Err	Err	Err	31528	-99	1011961	28128	-92	1011975	30454	-101	1011919	29708	-97	1012002	
-953	31335	-4198	31566	-99	1012029	28071	-91	1012042	30487	-101	1012056	29751	-97	1012069	
Err	Err	Err	31589	-99	1012096	28100	-91	1012109	30487	-101	1012056	29741	-97	1012137	
Err	Err	Err	31636	-98	1012165	28128	-93	1012178	30487	-101	1012056	29736	-96	1012206	
Err	Err	Err	31603	-98	1012239	28118	-91	1012252	30487	-101	1012056	29807	-96	1012273	
-1118	31513	-2704	31580	-98	1012300	28090	-92	1012313	30510	-102	1012327	29746	-97	1012340	
Err	Err	Err	31622	-98	1012363	28100	-91	1012377	30510	-102	1012327	29783	-96	1012397	
1048	31654	-1596	31650	-98	1012426	28109	-91	1012440	30459	-102	1012453	29741	-96	1012467	
-1134	30131	-9261	31556	-100	1012494	28071	-91	1012507	30492	-100	1012521	29835	-96	1012534	
-179	31160	-5519	31575	-100	1012560	28146	-91	1012574	30478	-100	1012587	29802	-95	1012601	
26	31412	-3771	31552	-101	1012627	28090	-93	1012641	30435	-103	1012654	29732	-97	1012668	
Err	Err	Err	31570	-100	1012695	28081	-92	1012709	30435	-103	1012654	29718	-97	1012730	
Err	Err	Err	31575	-100	1012758	28100	-92	1012772	30435	-103	1012654	29736	-96	1012793	
687	30288	-8846	31542	-100	1012820	28081	-93	1012833	30393	-101	1012847	29797	-96	1012860	
-2657	30696	-6940	31528	-99	1012886	28081	-93	1012899	30548	-101	1012913	29807	-95	1012926	
-192	30870	-6803	31580	-99	1012952	28067	-93	1012965	30459	-101	1012979	29788	-95	1012992	
-953	30644	-7568	31542	-99	1013020	28076	-94	1013033	30473	-100	1013047	29797	-95	1013060	
-1182	30214	-8870	31495	-100	1013085	28034	-94	1013099	30440	-99	1013112	29779	-95	1013126	
-27119	10737	-4862	31495	-100	1013085	28123	-93	1013167	30468	-99	1013180	29774	-95	1013194	
-27801	-3204	-4541	31495	-100	1013085	28090	-94	1013232	30473	-100	1013246	29736	-96	1013259	
-491	31477	-2848	31519	-101	1013292	28071	-92	1013305	30431	-104	1013319	29699	-96	1013332	
-27811	-3252	-4454	31519	-101	1013292	28109	-93	1013367	30478	-99	1013381	29704	-97	1013394	
-153	31587	-1950	31580	-101	1013423	28076	-93	1013437	30459	-100	1013450	29713	-97	1013464	
-27895	-2566	-4594	31580	-101	1013423	28100	-93	1013498	30421	-101	1013512	29722	-96	1013525	
Err	Err	Err	31519	-100	1013555	28100	-93	1013569	30421	-101	1013512	29807	-95	1013597	
-995	31298	-4478	31570	-98	1013625	28085	-92	1013639	30496	-102	1013653	29765	-96	1013666	
-1620	31550	-1153	31486	-98	1013695	28114	-92	1013709	30473	-99	1013722	29694	-96	1013736	
-3053	31449	-1162	31552	-99	1013764	28043	-94	1013778	30571	-98	1013791	29713	-97	1013805	
-4966	30782	-4766	31467	-100	1013833	28062	-94	1013847	30609	-97	1013861	29765	-96	1013874	
-3301	31037	-4813	31523	-98	1013902	28090	-93	1013916	30576	-97	1013930	29783	-95	1013943	
-1618	31327	-4165	31589	-98	1013972	28114	-93	1013987	30548	-98	1014000	29793	-96	1014014	
-1888	30995	-5917	31594	-97	1014043	28048	-92	1014056	30548	-99	1014070	29797	-97	1014083	
3720	31529	533	31720	-97	1014111	28142	-91	1014124	30384	-101	1014138	29718	-99	1014151	
Err	Err	Err	31655	-99	1014179	28114	-94	1014193	30384	-101	1014138	29657	-98	1014214	
1733	31606	1234	31584	-99	1014245	28104	-93	1014258	30379	-100	1014272	29652	-98	1014287	
Err	Err	Err	31594	-98	1014315	28114	-94	1014328	30379	-100	1014272	29722	-99	1014349	
Err	Err	Err	31594	-99	1014378	28085	-95	1014392	30379	-100	1014272	29699	-98	1014419	
Err	Err	Err	31547	-100	1014449	28034	-96	1014463	30379	-100	1014272	29652	-98	1014484	
Err	Err	Err	31538	-102	1014508	28071	-96	1014521	30379	-100	1014272	29671	-99	1014550	
-3735	31276	-2554	31477	-101	1014572	28095	-95	1014586	30562	-99	1014600	29732	-99	1014613	
710	31576	-2028	31584	-99	1014638	28067	-94	1014651	30417	-100	1014665	29699	-98	1014678	
1747	30866	-6599	31575	-99	1014705	28071	-96	1014719	30360	-100	1014733	29755	-96	1014746	
658	30743	-7345	31570	-101	1014773	28104	-96	1014786	30421	-100	1014800	29797	-97	1014814	
215	30291	-8911	31613	-101	1014841	28024	-97	1014855	30449	-98	1014868	29816	-96	1014881	
-531	30981	-6328	31603	-101	1014910	28067	-95	1014925	30492	-98	1014939	29797	-96	1014952	
-319	31235	-5105	31575	-100	1014979	28137	-95	1014993	30482	-98	1015006	29793	-97	1015020	
-905	31356	-4257	31575	-100	1015047	28137	-94	1015060	30510	-98	1015075	29788	-97	1015089	
-2083	31221	-4972	31636	-99	1015116	28128	-92	1015129	30609	-97	1015143	29844	-96	1015156	
-2090	31551	-2506	31669	-99	1015185	28128	-94	1015198	30632	-97	1015212	29821	-96	1015225	
-3474	31366	-2400	31603	-100	1015253	28090	-93	1015266	30642	-96	1015280	29788	-97	1015295	
-2244	31547	1210	31594	-100	1015323	28062	-94	1015336	30567	-98	1015350	29694	-98	1015363	
-2256	31372	3320	31556	-101	1015391	28071	-94	1015404	30543	-100	1015418	29647	-97	1015431	
-27822	-3297	-3984	31556	-101	1015391	28053	-93	1015467	30571	-105	1015481	29530	-99	1015494	
Err	Err	Err	31547	-99	1015524	28146	-93	1015538	30571	-105	1015481	29690	-99	1015559	
Err	Err	Err	31594	-99	1015589	28128	-91	1015603	30571	-105	1015481	29652	-98	1015624	
Err	Err	Err	31589	-99	1015653	28104	-90	1015666	30571	-105	1015481	29596	-98	1015687	
Err	Err	Err	31627	-98	1015713	28100	-90	1015727	30571	-105	1015481	29666	-98	1015748	
Err	Err	Err	31594	-98	1015778	28100	-90	1015727	30571	-105	1015481	29657	-97	1015808	
Err	Err	Err	31631	-98	1015832	28146	-89	1015845	30571	-105	1015481	29661	-97	1015866	
Err	Err	Err	31622	-98	1015893	28142	-89	1015906	30571	-105	1015481	29779	-96	1015927	
Err	Err	Err	31631	-98	1015956	28123	-90	1015969	30571	-105	1015481	29751	-96	1015990	
Err	Err	Err	31566	-99	1016018	28100	-92	1016031	30571	-105	1015481	29694	-98	1016052	
Err	Err	Err	31631	-98	1016079	28123	-90	1016092	30571	-105	1015481	29708	-98	1016120	
Err	Err	Err	31552	-99	1016148	28128	-90	1016162	30506	-110	1016175	29708	-98	1016120	
Err	Err	Err	31528	-100	1016209	28118	-90	1016223	30506	-110	1016175	29671	-99	1016243	
Err	Err	Err	31528	-100	1016209	28128	-90	1016281	30506	-110	1016175	29638	-98	1016309	
Err	Err	Err	31514	-99	1016330	28090	-90	1016343	30506	-110	1016175	29652	-96	1016364	
Err	Err	Err	31467	-99	1016394	28081	-91	1016407	30506	-110	1016175	29643	-97	1016429	
-4981	30335	7028	31477	-99	1016458	28090	-90	1016471	30628	-100	1016485	29600	-98	1016498	
-877	30533	8065	31570	-99	1016526	28085	-90	1016540	30492	-101	1016553	29563	-99	1016567	
1753	30817	6546	31486	-99	1016595	28085	-90	1016608	30304	-99	1016622	29511	-98	1016635	
-1251	30886	6715	31636	-98	1016662	28053	-90	1016676	30548	-96	1016689	29605	-98	1016703	
1384	31489	-2160	31519	-98	1016729	28043	-90	1016742	30332	-97	1016756	29647	-98	1016769	
1838	31064	5702	31580	-99	1016797	28104	-90	1016811	30370	-98	1016824	29577	-98	1016838	
Err	Err	Err	31514	-98	1016863	28071	-90	1016877	30370	-98	1016824	29629	-98	1016905	
1573	31587	-283	31547	-99	1016934	28071	-90	1016948	30351	-98	1016961	29643	-98	1016975	
-829	31389	3847	31589	-99	1017001	28053	-90	1017015	30492	-99	1017028	29624	-98	1017042	
76	31432	-3513	31584	-99	1017067	28057	-90	1017081	30445	-98	1017094	29727	-96	1017108	
-1170	31496	-2299	31538	-98	1017135	28039	-92	1017148	30468	-98	1017162	29694	-97	1017175	
-121	31664	-465	31599	-100	1017203	28067	-93	1017216	30468	-98	1017230	29694	-97	1017243	
709	31096	-5780	31622	-99	1017269	28057	-91	1017282	30440	-99	1017296	29774	-96	1017310	
-973	30585	-7711	31523	-100	1017335	28053	-92	1017349	30454	-98	1017362	29779	-97	1017376	
-27707	-3402	-4620	31523	-100	1017335	28024	-92	1017411	30426	-99	1017425	29727	-99	1017438	
-2704	31506	853	31584	-100	1017468	28057	-93	1017481	30581	-98	1017495	29699	-99	1017508	
-1723	30942	-6053	31514	-100	1017534	28048	-93	1017548	30482	-97	1017561	29755	-97	1017575	
-3828	31416	781	31622	-99	1017604	28057	-91	1017617	30665	-97	1017631	29736	-96	1017644	
-4193	30690	-6082	31556	-100	1017670	28029	-93	1017684	30632	-97	1017697	29807	-96	1017711	
-3251	30903	-5498	31514	-101	1017740	28048	-91	1017753	30557	-97	1017767	29769	-96	1017780	
-3090	31506	957	31636	-100	1017805	28071	-92	1017819	30642	-97	1017832	29736	-97	1017846	
-3672	31095	-4248	31556	-100	1017874	28053	-91	1017887	30609	-98	1017901	29779	-97	1017914	
-4020	30926	-4799	31453	-100	1017944	28067	-91	1017958	30553	-99	1017971	29746	-95	1017985	
-1526	31329	-4330	31617	-99	1018013	28090	-91	1018026	30557	-99	1018040	29797	-95	1018053	
-4117	30974	-4560	31528	-100	1018082	28067	-91	1018096	30614	-98	1018109	29783	-95	1018123	
-793	31384	-4209	31575	-100	1018151	28142	-90	1018164	30506	-98	1018179	29788	-95	1018192	
-2140	30385	-8314	31547	-99	1018219	28085	-90	1018233	30539	-98	1018246	29835	-94	1018260	
-3892	30689	-6137	31486	-100	1018286	28057	-91	1018299	30571	-97	1018313	29779	-95	1018326	
-1954	31286	-4245	31584	-100	1018352	28067	-92	1018366	30548	-97	1018379	29774	-95	1018393	
-4141	31177	-3134	31542	-100	1018421	28062	-91	1018434	30623	-96	1018448	29765	-96	1018462	
-28103	6934	-4412	31542	-100	1018421	28034	-90	1018503	30684	-96	1018517	29760	-96	1018530	
-6285	30893	-976	31463	-100	1018564	28071	-91	1018578	30670	-96	1018591	29727	-96	1018605	
-6615	30812	1905	31500	-100	1018634	28095	-91	1018648	30721	-97	1018661	29718	-97	1018675	
-26511	12764	-4382	31500	-100	1018634	28057	-92	1018717	30604	-97	1018730	29732	-97	1018744	
-3650	31385	-503	31514	-99	1018774	28095	-91	1018788	30585	-97	1018801	29718	-97	1018815	
-5425	30965	2567	31467	-100	1018843	28034	-91	1018857	30623	-97	1018870	29643	-98	1018884	
-5109	31105	1501	31425	-100	1018912	28081	-91	1018925	30585	-98	1018939	29657	-99	1018952	
-27169	10941	-4221	31425	-100	1018912	28071	-91	1018987	30614	-98	1019001	29685	-99	1019014	
-4632	31217	-566	31500	-100	1019044	28039	-93	1019058	30609	-98	1019071	29699	-99	1019085	
-27939	-2861	-4137	31500	-100	1019044	28048	-91	1019119	30632	-97	1019133	29638	-99	1019146	
-5201	30985	2954	31505	-101	1019177	28015	-91	1019190	30637	-98	1019204	29643	-100	1019217	
-27877	-3165	-4202	31505	-101	1019177	28071	-92	1019258	30614	-97	1019272	29666	-99	1019285	
-27046	11203	-4221	31505	-101	1019177	28095	-91	1019323	30576	-98	1019337	29643	-99	1019350	
-2740	31390	2685	31584	-100	1019383	28048	-90	1019396	30581	-100	1019410	29666	-99	1019423	
-2792	31440	1456	31538	-100	1019448	28043	-92	1019462	30548	-101	1019476	29661	-99	1019489	
-138	31492	-3160	31603	-100	1019515	28071	-90	1019528	30473	-115	1019542	29741	-98	1019555	
Err	Err	Err	31556	-99	1019582	28034	-90	1019596	30473	-115	1019542	29675	-98	1019617	
Err	Err	Err	31570	-99	1019644	28053	-90	1019657	30473	-115	1019542	29708	-98	1019685	
Err	Err	Err	31566	-99	1019712	28085	-90	1019726	30473	-115	1019542	29718	-98	1019747	
-1914	31591	1004	31594	-99	1019775	28085	-92	1019789	30557	0	1019802	29704	-98	1019816	
-652	31628	1595	31627	-98	1019844	28071	-90	1019857	30515	-100	1019871	29685	-99	1019884	
-1915	31606	750	31599	-99	1019912	28090	-90	1019925	30562	-101	1019939	29713	-99	1019952	
Err	Err	Err	31631	-98	1019978	28062	-90	1019991	30562	-101	1019939	29699	-98	1020019	
Err	Err	Err	31561	-98	1020048	28095	-90	1020062	30562	-101	1019939	29685	-98	1020083	
Err	Err	Err	31669	-98	1020110	28081	-90	1020124	30562	-101	1019939	29779	-97	1020145	
-2600	31387	3046	31561	-99	1020174	28085	-91	1020188	30567	-101	1020201	29666	-97	1020215	
Err	Err	Err	31542	-99	1020240	28114	-90	1020254	30567	-101	1020201	29708	-97	1020281	
Err	Err	Err	31547	-99	1020309	28029	-92	1020322	30567	-101	1020201	29690	-97	1020344	
-4910	31067	-2106	31420	-99	1020374	28076	-91	1020387	30571	-101	1020401	29704	-97	1020414	
-1142	31564	-1342	31538	-100	1020442	28062	-91	1020455	30473	-101	1020469	29690	-98	1020482	
-4074	31277	-1185	31448	-100	1020510	28062	-91	1020524	30548	-100	1020537	29685	-98	1020551	
-26869	11723	-4289	31448	-100	1020510	28048	-91	1020587	30571	-100	1020601	29666	-98	1020614	
Err	Err	Err	31538	-100	1020646	28053	-90	1020659	30571	-100	1020601	29596	-99	1020687	
Err	Err	Err	31528	-99	1020716	28090	-90	1020730	30571	-100	1020601	29666	-99	1020758	
Err	Err	Err	31528	-99	1020716	28057	-90	1020793	30571	-100	1020601	29633	-99	1020814	
Err	Err	Err	31472	-99	1020837	28123	-90	1020850	30571	-100	1020601	29652	-100	1020872	
Err	Err	Err	31580	-101	1020900	28114	-91	1020913	30571	-100	1020601	29629	-100	1020935	
Err	Err	Err	31561	-102	1020965	28062	-92	1020978	30571	-100	1020601	29558	-100	1021000	
Err	Err	Err	31566	-101	1021029	28043	-91	1021042	30571	-100	1020601	29615	-100	1021064	
Err	Err	Err	31463	-100	1021094	28081	-90	1021107	30571	-100	1020601	29615	-100	1021064	
-3213	31274	3008	31528	-100	1021146	28043	-90	1021160	30562	-100	1021173	29638	-99	1021187	
-2769	31471	383	31514	-100	1021213	28062	-92	1021227	30534	-100	1021240	29675	-98	1021253	
-3844	31312	1535	31495	-100	1021280	28057	-90	1021294	30571	-100	1021307	29661	-98	1021321	
-3361	31286	2761	31477	-100	1021347	28090	-90	1021360	30543	-101	1021374	29643	-98	1021387	
-1847	31546	1569	31584	-100	1021418	28057	-90	1021433	30539	-101	1021446	29675	-98	1021460	
-4384	31295	729	31538	-100	1021487	28067	-90	1021501	30632	-101	1021514	29708	-98	1021528	
-2728	31291	-3323	31495	-106	1021554	28100	-90	1021567	30529	-101	1021582	29741	-97	1021596	
-4060	31200	-2790	31491	-101	1021623	28081	-90	1021637	30585	-100	1021652	29741	-97	1021665	
-4522	31122	-3000	31495	-102	1021694	28095	-91	1021707	30614	-100	1021721	29760	-98	1021734	
-5967	31037	719	31575	-100	1021762	28067	-90	1021775	30740	-100	1021789	29751	-97	1021802	
-7060	30755	394	31491	-100	1021829	28071	-90	1021843	30731	-99	1021856	29732	-97	1021870	
-4211	31178	3339	31589	-99	1021895	28095	-90	1021909	30670	-98	1021922	29704	-97	1021936	
-3329	31284	3519	31674	-99	1021966	28053	-90	1021982	30679	-98	1021995	29708	-97	1022008	
-2244	31496	2465	31594	-99	1022035	28128	-89	1022049	30585	-100	1022062	29708	-96	1022076	
-2358	31373	-3050	31495	-99	1022106	28081	-89	1022119	30506	-101	1022133	29722	-97	1022146	
Err	Err	Err	31523	-99	1022172	28071	-89	1022186	30506	-101	1022133	29727	-97	1022209	
-3765	31202	-3221	31523	-99	1022237	28081	-89	1022251	30595	-99	1022264	29760	-97	1022278	
-2711	31334	-3136	31538	-98	1022305	28090	-89	1022319	30557	-98	1022332	29755	-98	1022346	
-2881	31412	-2559	31552	-98	1022373	28128	-90	1022386	30585	-98	1022401	29774	-97	1022414	
-4530	31226	1249	31500	-98	1022442	28081	-89	1022456	30614	-99	1022469	29690	-98	1022483	
Err	Err	Err	31500	-98	1022442	28067	-90	1022517	30614	-99	1022469	29661	-99	1022545	
-2521	31377	2840	31528	-100	1022568	28085	-91	1022581	30539	-99	1022595	29652	-99	1022608	
-3918	31256	-1630	31425	-100	1022637	28048	-90	1022650	30520	-99	1022664	29671	-99	1022677	
-28105	-1299	-4254	31425	-100	1022637	28067	-91	1022711	30473	-99	1022725	29596	-99	1022738	
-27688	-3826	-4216	31425	-100	1022637	28071	-91	1022778	30515	-103	1022792	29610	-98	1022805	
Err	Err	Err	31425	-100	1022637	28071	-90	1022842	30515	-103	1022792	29718	-97	1022863	
Err	Err	Err	31547	-99	1022885	28053	-90	1022898	30515	-103	1022792	29690	-97	1022920	
Err	Err	Err	31608	-99	1022947	28053	-90	1022898	30515	-103	1022792	29732	-97	1022983	
Err	Err	Err	31613	-98	1023004	28053	-90	1023017	30515	-103	1022792	29671	-97	1023045	
Err	Err	Err	31514	-99	1023074	28076	-90	1023089	30515	-103	1022792	29718	-97	1023110	
Err	Err	Err	31580	-98	1023137	28057	-90	1023151	30515	-103	1022792	29722	-97	1023172	
Err	Err	Err	31552	-98	1023200	28071	-90	1023214	30515	-103	1022792	29760	-97	1023235	
Err	Err	Err	31617	-98	1023263	28095	-90	1023277	30515	-103	1022792	29760	-97	1023304	
-177	31456	-3682	31627	-98	1023330	28085	-90	1023344	30496	-99	1023357	29769	-96	1023371	
-396	31587	-2455	31622	-97	1023400	28095	-90	1023413	30506	-99	1023427	29755	-96	1023440	
Err	Err	Err	31617	-97	1023468	28095	-89	1023481	30506	-99	1023427	29816	-96	1023509	
-131	31348	-4478	31622	-97	1023540	28104	-89	1023553	30496	-110	1023567	29788	-96	1023580	
517	31698	-861	31697	-97	1023610	28071	-90	1023623	30506	-100	1023637	29741	-96	1023650	
Err	Err	Err	31688	-98	1023677	28104	-89	1023691	30506	-100	1023637	29732	-96	1023712	
Err	Err	Err	31491	-98	1023742	28071	-89	1023756	30506	-100	1023637	29736	-97	1023777	
Err	Err	Err	31556	-98	1023807	28043	-89	1023820	30506	-100	1023637	29736	-97	1023842	
Err	Err	Err	31542	-98	1023873	28100	-91	1023886	30506	-100	1023637	29746	-97	1023908	
Err	Err	Err	31519	-99	1023937	28100	-91	1023886	30506	-100	1023637	29713	-97	1023973	
-1618	31596	-900	31589	-99	1023995	28067	-90	1024009	30534	-100	1024022	29718	-97	1024036	
-2653	31425	2500	31566	-99	1024064	28062	-90	1024078	30567	-100	1024091	29666	-98	1024105	
-5125	30104	7831	31491	-99	1024132	28081	-91	1024146	30646	-99	1024159	29591	-98	1024173	
Err	Err	Err	31505	-99	1024202	28062	-90	1024216	30721	-98	1024229	29591	-98	1024173	
-6230	30682	3640	31448	-100	1024265	28062	-91	1024278	30656	-98	1024292	29643	-98	1024305	
-6644	30482	4407	31420	-99	1024331	28081	-91	1024345	30660	-98	1024358	29633	-99	1024372	
-5178	30642	5491	31500	-99	1024400	28062	-92	1024413	30646	-98	1024427	29624	-98	1024440	
-5487	30692	4797	31472	-99	1024467	28076	-91	1024480	30642	-97	1024494	29633	-98	1024507	
-27976	-2729	-4110	31472	-99	1024467	28062	-90	1024548	30651	-97	1024561	29643	-98	1024575	
-5754	30990	1699	31463	-100	1024604	28104	-91	1024618	30651	-97	1024631	29694	-99	1024645	
-6382	30599	4120	31430	-99	1024672	28090	-92	1024685	30656	-97	1024699	29643	-98	1024712	
-27332	10568	-3928	31430	-99	1024672	28090	-90	1024754	30656	-97	1024767	29619	-98	1024781	
-6758	30398	4788	31467	-100	1024815	28053	-90	1024829	30698	-97	1024842	29638	-98	1024856	
-5709	30976	1954	31458	-100	1024882	28090	-91	1024895	30642	-97	1024909	29680	-98	1024922	
-7861	30133	4654	31444	-100	1024951	28048	-90	1024965	30736	-98	1024978	29643	-98	1024992	
-5283	30587	5638	31486	-100	1025020	28067	-90	1025035	30642	-98	1025049	29619	-98	1025062	
-28417	230	-4237	31486	-100	1025020	28128	-90	1025097	30712	-97	1025111	29741	-97	1025124	
-5891	30888	2886	31519	-99	1025155	28062	-90	1025169	30693	-96	1025182	29685	-97	1025195	
-4129	31248	2787	31622	-100	1025223	28048	-92	1025236	30679	-96	1025250	29704	-97	1025264	
-26783	12321	-3994	31622	-100	1025223	28076	-90	1025300	30764	-96	1025314	29708	-97	1025327	
-6206	30829	2744	31519	-100	1025361	28076	-90	1025375	30712	-96	1025388	29699	-97	1025402	
-7213	30673	1983	31538	-99	1025430	28076	-90	1025445	30778	-96	1025458	29736	-97	1025472	
-4664	30969	4494	31617	-99	1025499	28081	-90	1025512	30712	-96	1025526	29699	-96	1025539	
-5759	31033	-1266	31542	-99	1025567	28062	-90	1025580	30703	-96	1025594	29760	-96	1025608	
-5790	31091	-186	31561	-99	1025636	28095	-89	1025649	30726	-96	1025663	29769	-95	1025676	
-7000	30778	1102	31514	-99	1025704	28090	-90	1025718	30750	-96	1025731	29741	-96	1025745	
-5855	31058	-660	31580	-99	1025771	28057	-90	1025785	30736	-96	1025798	29769	-96	1025812	
-5892	30981	2032	31561	-99	1025839	28067	-90	1025854	30726	-96	1025867	29722	-96	1025881	
-7202	30544	3541	31570	-99	1025909	28057	-89	1025923	30801	-96	1025936	29718	-96	1025949	
-7241	30341	5048	31584	-99	1025977	28118	-89	1025990	30829	-97	1026004	29732	-96	1026017	
-6236	30954	722	31538	-98	1026043	28048	-90	1026057	30721	-97	1026070	29727	-97	1026084	
-5963	31043	395	31561	-99	1026111	28100	-90	1026124	30736	-98	1026138	29765	-96	1026151	
-5429	31156	1274	31613	-99	1026179	28081	-90	1026193	30745	-98	1026207	29760	-96	1026220	
-7253	30748	30	31552	-100	1026247	28085	-90	1026261	30792	-98	1026274	29779	-96	1026288	
-8528	30104	3854	31500	-100	1026317	28076	-90	1026331	30820	-98	1026345	29708	-97	1026358	
-7484	29848	7017	31570	-100	1026384	28104	-90	1026398	30834	-98	1026412	29690	-97	1026425	
-9028	30160	1828	31519	-99	1026453	28062	-90	1026466	30857	-98	1026480	29751	-96	1026493	
Err	Err	Err	31603	-99	1026520	28039	-92	1026533	30857	-98	1026480	29760	-97	1026555	
-4236	31054	4271	31584	-100	1026583	28081	-92	1026597	30665	-98	1026610	29680	-96	1026624	
-4567	31301	-541	31556	-101	1026649	28090	-90	1026663	30660	-98	1026676	29751	-97	1026690	
-4559	31275	-1058	31570	-101	1026717	28067	-90	1026731	30665	-98	1026744	29755	-96	1026758	
-6933	30806	-840	31556	-99	1026786	28081	-91	1026799	30778	-97	1026813	29788	-96	1026826	
-6933	30812	-769	31566	-99	1026853	28062	-91	1026866	30782	-97	1026880	29783	-95	1026893	
-28259	5834	-4466	31566	-99	1026853	28100	-90	1026935	30651	-97	1026948	29755	-96	1026962	
-6194	30789	3623	31575	-100	1026992	28114	-90	1027006	30764	-97	1027019	29732	-96	1027033	
-6773	30752	2616	31580	-100	1027061	28067	-92	1027074	30787	-96	1027088	29736	-96	1027101	
-5834	30799	4183	31603	-99	1027131	28095	-91	1027145	30764	-96	1027158	29722	-96	1027172	
-4776	31186	2380	31589	-98	1027199	28076	-92	1027212	30693	-95	1027226	29718	-96	1027240	
-6242	30916	1696	31495	-100	1027265	28095	-90	1027279	30698	-96	1027292	29713	-97	1027306	
-5708	31083	1045	31566	-100	1027334	28095	-92	1027348	30726	-96	1027361	29751	-96	1027375	
-4094	31351	2187	31674	-99	1027401	28090	-91	1027414	30726	-96	1027428	29760	-96	1027442	
-7047	30732	1773	31533	-99	1027468	28090	-92	1027481	30768	-97	1027495	29741	-95	1027508	
-6224	30908	2457	31603	-99	1027535	28076	-91	1027549	30778	-96	1027563	29746	-96	1027576	
-7509	30582	2253	31547	-99	1027605	28076	-90	1027618	30801	-96	1027632	29741	-95	1027645	
-7764	30505	2488	31561	-100	1027671	28071	-89	1027685	30825	-97	1027698	29746	-95	1027712	
-7781	30446	3317	31613	-101	1027741	28062	-89	1027755	30867	-96	1027768	29755	-96	1027782	
-6679	30870	1462	31603	-99	1027810	28076	-90	1027824	30801	-96	1027837	29769	-95	1027851	
-7034	29801	7850	31655	-99	1027879	28109	-90	1027893	30881	-96	1027906	29713	-96	1027920	
-5763	31093	545	31608	-99	1027947	28062	-90	1027961	30754	-96	1027974	29765	-96	1027988	
-7225	30705	1400	31556	-99	1028015	28048	-90	1028028	30787	-97	1028042	29741	-95	1028056	
-7312	30723	-77	31528	-100	1028084	28095	-89	1028097	30778	-97	1028111	29774	-95	1028125	
-8185	30251	3517	31570	-100	1028152	28071	-90	1028166	30857	-97	1028179	29741	-95	1028193	
-8355	30163	4151	31580	-100	1028218	28076	-90	1028232	30876	-97	1028245	29741	-96	1028259	
-6499	30562	4955	31650	-101	1028286	28081	-90	1028300	30834	-97	1028313	29736	-96	1028327	
-6573	30764	3240	31622	-100	1028353	28071	-90	1028367	30811	-97	1028380	29746	-96	1028394	
-9087	29946	3997	31514	-100	1028421	28048	-89	1028434	30857	-97	1028448	29708	-96	1028462	
-28028	8182	-3976	31514	-100	1028421	28085	-89	1028496	30876	-98	1028510	29769	-96	1028523	
-8714	30051	4051	31566	-101	1028554	28057	-89	1028568	30881	-100	1028581	29732	-96	1028595	
-9080	30100	2692	31523	-101	1028623	28132	-89	1028636	30876	-99	1028650	29774	-96	1028663	
-9443	29889	3279	31495	-103	1028691	28090	-89	1028704	30867	-99	1028718	29736	-96	1028732	
-26647	12928	-3787	31495	-103	1028691	28071	-90	1028774	30843	-98	1028788	29732	-96	1028802	
-27608	10123	-3730	31495	-103	1028691	28104	-90	1028849	30928	-99	1028862	29741	-96	1028876	
-27420	10622	-3867	31495	-103	1028691	28057	-90	1028915	30890	-98	1028929	29755	-97	1028942	
-9589	29772	3616	31425	-101	1028976	28104	-90	1028990	30820	-99	1029003	29704	-97	1029017	
-9101	30067	2506	31491	-102	1029042	28062	-90	1029057	30839	-99	1029071	29727	-98	1029084	
-27787	8592	-4325	31491	-102	1029042	28048	-92	1029120	30670	-99	1029134	29732	-98	1029147	
-6698	30660	3064	31481	-100	1029181	28053	-90	1029194	30703	-99	1029208	29671	-98	1029221	
-6475	30678	3613	31509	-100	1029249	28067	-90	1029262	30717	-98	1029276	29680	-98	1029289	
-5229	30834	4378	31514	-101	1029315	28095	-90	1029328	30665	-99	1029342	29666	-98	1029357	
-6325	30901	110	31467	-100	1029382	28090	-90	1029397	30679	-99	1029410	29722	-97	1029424	
-5336	31049	-874	31425	-100	1029452	28076	-90	1029466	30595	-98	1029479	29694	-97	1029493	
-26716	12246	-4168	31425	-100	1029452	28076	-90	1029530	30599	-99	1029544	29661	-97	1029557	
-4678	31197	1587	31500	-101	1029589	28067	-91	1029602	30618	-98	1029616	29680	-97	1029630	
-27656	9068	-4381	31500	-101	1029589	28057	-92	1029664	30632	-98	1029678	29732	-96	1029691	
-27540	9453	-4468	31500	-101	1029589	28081	-91	1029733	30590	-98	1029747	29732	-96	1029760	
-5803	31003	1693	31495	-101	1029794	28090	-90	1029807	30675	-99	1029821	29704	-96	1029836	
-4875	31162	1608	31481	-101	1029862	28109	-90	1029876	30623	-98	1029889	29694	-97	1029903	
-5023	31001	3289	31505	-100	1029930	28114	-92	1029943	30651	-99	1029957	29685	-97	1029970	
-26986	11360	-4285	31505	-100	1029930	28067	-90	1030013	30585	-99	1030026	29666	-96	1030040	
-6075	30720	3875	31477	-101	1030076	28081	-91	1030089	30675	-98	1030103	29661	-97	1030116	
-27876	-2968	-4261	31477	-101	1030076	28071	-91	1030157	30529	-98	1030170	29638	-98	1030185	
-28003	-2308	-4233	31477	-101	1030076	28071	-92	1030229	30557	-98	1030243	29643	-98	1030256	
-27849	-3353	-4180	31477	-101	1030076	28076	-91	1030293	30614	-97	1030307	29657	-99	1030320	
Err	Err	Err	31477	-101	1030076	28043	-92	1030367	30637	-97	1030380	29657	-99	1030320	
-27894	-3074	-4157	31477	-101	1030076	28039	-91	1030422	30623	-98	1030436	29643	-99	1030449	
Err	Err	Err	31458	-100	1030480	28039	-91	1030422	30599	-97	1030501	29615	-99	1030514	
-4569	31207	1020	31430	-100	1030542	28057	-91	1030556	30557	-97	1030569	29647	-98	1030583	
-27812	-3295	-4180	31430	-100	1030542	28062	-91	1030618	30539	-98	1030632	29605	-98	1030645	
-26928	11504	-4421	31430	-100	1030542	28076	-91	1030682	30543	-98	1030696	29694	-97	1030709	
-27870	8043	-4590	31430	-100	1030542	28057	-91	1030754	30628	-97	1030767	29793	-94	1030781	
-465	30314	-8762	31523	-101	1030812	28090	-90	1030826	30440	-98	1030839	29807	-93	1030853	
Err	Err	Err	31594	-98	1030879	28085	-90	1030893	30440	-98	1030839	29821	-94	1030920	
2332	29428	-11045	31575	-99	1030949	28062	-89	1030963	30323	-105	1030976	29821	-94	1030990	
Err	Err	Err	31641	-99	1031017	28062	-91	1031031	30323	-105	1030976	29826	-95	1031052	
-507	31095	-5351	31481	-99	1031079	28076	-90	1031092	30407	-101	1031106	29722	-96	1031119	
-26808	11740	-4554	31481	-99	1031079	28043	-91	1031153	30515	-99	1031167	29704	-97	1031180	
-3299	30819	-5795	31481	-100	1031211	28043	-91	1031224	30534	-98	1031238	29755	-98	1031251	
-27792	-3213	-4450	31481	-100	1031211	28034	-92	1031294	30501	-99	1031307	29699	-99	1031321	
-28066	-1499	-4366	31481	-100	1031211	28010	-92	1031359	30506	-98	1031373	29657	-99	1031386	
-26703	12014	-4567	31481	-100	1031211	28006	-93	1031424	30515	-99	1031438	29704	-99	1031452	
-27994	-2243	-4333	31481	-100	1031211	28034	-91	1031492	30557	-98	1031505	29680	-97	1031519	
-4358	30814	-4908	31411	-101	1031549	28029	-91	1031563	30529	-98	1031576	29713	-98	1031590	
-3035	31414	607	31486	-104	1031617	28053	-92	1031630	30524	-99	1031644	29657	-99	1031657	
-27706	-3536	-4462	31486	-104	1031617	28062	-91	1031692	30440	-101	1031706	29671	-99	1031719	
Err	Err	Err	31486	-104	1031617	28024	-91	1031756	30440	-101	1031706	29666	-99	1031777	
Err	Err	Err	31589	-106	1031801	28053	-91	1031815	30440	-101	1031706	29708	-98	1031842	
1666	31508	2614	31631	-101	1031871	28039	-91	1031884	30393	-100	1031898	29619	-99	1031911	
1444	31609	-879	31580	-100	1031939	28053	-91	1031952	30374	-100	1031966	29661	-99	1031979	
Err	Err	Err	31622	-99	1032006	28053	-93	1032020	30299	-100	1032033	29661	-99	1031979	
4353	31378	-649	31674	-99	1032068	28067	-91	1032081	30295	-99	1032095	29666	-98	1032108	
2143	31117	-5201	31613	-99	1032134	28024	-92	1032147	30351	-99	1032162	29722	-98	1032175	
2179	30901	-6243	31584	-99	1032203	28048	-93	1032217	30337	-99	1032230	29736	-97	1032244	
2023	30254	-8790	31552	-99	1032270	28095	-93	1032284	30337	-99	1032297	29788	-96	1032311	
1507	31072	-5615	31580	-99	1032341	28053	-94	1032354	30370	-99	1032368	29736	-96	1032381	
2309	30968	-5942	31594	-99	1032408	28062	-93	1032422	30342	-100	1032435	29741	-96	1032449	
416	31343	-4250	31594	-99	1032476	28043	-92	1032490	30431	-99	1032504	29732	-96	1032518	
241	31282	-4533	31556	-101	1032545	28039	-93	1032559	30412	-99	1032572	29718	-97	1032586	
-664	31285	-4396	31538	-101	1032612	28043	-94	1032626	30445	-100	1032640	29722	-97	1032654	
492	31392	-3575	31561	-100	1032681	28006	-93	1032695	30393	-101	1032708	29685	-98	1032722	
2145	31317	-4083	31622	-100	1032750	28062	-93	1032764	30370	-100	1032777	29727	-97	1032791	
-334	31121	-5424	31556	-100	1032817	28020	-93	1032830	30435	-100	1032844	29732	-97	1032857	
-170	31111	-5469	31505	-100	1032884	28057	-94	1032897	30402	-100	1032911	29722	-97	1032924	
Err	Err	Err	31627	-100	1032953	28029	-95	1032966	30402	-100	1032911	29718	-97	1032987	
1226	31562	2131	31589	-100	1033015	28076	-94	1033028	30398	-100	1033042	29633	-96	1033055	
-524	31314	-3977	31477	-100	1033082	28067	-94	1033096	30402	-101	1033109	29694	-97	1033123	
-27901	-2392	-4492	31477	-100	1033082	28039	-94	1033159	30431	-100	1033173	29671	-97	1033186	
297	30981	-6182	31552	-101	1033218	28057	-95	1033232	30412	-99	1033245	29751	-96	1033259	
-794	31401	-3409	31533	-101	1033286	28048	-96	1033300	30449	-99	1033313	29708	-95	1033327	
-27944	-2087	-4579	31533	-101	1033286	28006	-97	1033369	30440	-99	1033383	29708	-96	1033396	
-27923	-2193	-4606	31533	-101	1033286	27982	-97	1033434	30449	-99	1033449	29718	-96	1033462	
-27747	-3335	-4591	31533	-101	1033286	27992	-98	1033509	30492	-99	1033522	29755	-97	1033536	
Err	Err	Err	31505	-100	1033565	28071	-97	1033578	30492	-99	1033522	29713	-97	1033599	
2218	30453	-8061	31589	-99	1033627	28048	-96	1033641	30337	-100	1033654	29769	-98	1033668	
801	30985	-6116	31566	-99	1033696	28029	-96	1033709	30388	-102	1033723	29736	-99	1033736	
1711	31629	-850	31603	-100	1033762	28104	-96	1033775	30393	-107	1033789	29694	-100	1033802	
-291	31500	-2861	31566	-102	1033830	28039	-96	1033844	30445	-98	1033857	29704	-100	1033871	
-1218	31354	-3965	31542	-103	1033898	28104	-95	1033912	30492	-100	1033925	29755	-99	1033939	
Err	Err	Err	31674	-100	1033967	28170	-94	1033980	30492	-100	1033925	29741	-99	1034002	
Err	Err	Err	31688	-99	1034032	28104	-94	1034045	30388	-101	1034059	29741	-99	1034002	
682	31602	2030	31566	-99	1034094	28132	-94	1034108	30426	-100	1034121	29661	-100	1034135	
2534	31536	-2103	31636	-99	1034161	28132	-94	1034174	30384	-99	1034188	29732	-100	1034201	
Err	Err	Err	31645	-99	1034228	28132	-94	1034174	30365	-99	1034248	29652	-101	1034262	
3878	31323	2768	31645	-99	1034289	28104	-94	1034303	30313	-98	1034316	29624	-101	1034330	
1630	31588	1156	31547	-102	1034356	28123	-95	1034369	30365	-98	1034383	29647	-100	1034396	
-27962	-1903	-4571	31547	-102	1034356	28081	-97	1034430	30365	-99	1034444	29666	-100	1034457	
-26435	-8069	-4374	31547	-102	1034356	28006	-99	1034496	30402	-98	1034509	29675	-100	1034522	
-104	31545	-2307	31627	-102	1034553	27973	-101	1034567	30459	-98	1034580	29690	-99	1034594	
1563	30130	-9248	31674	-99	1034620	27968	-98	1034634	30402	-100	1034648	29807	-99	1034661	
3512	31530	-38	31711	-98	1034688	28100	-96	1034701	30374	-100	1034715	29704	-99	1034729	
2300	31642	825	31716	-99	1034755	28104	-95	1034769	30440	-99	1034782	29713	-100	1034796	
1168	31003	6374	31688	-100	1034821	28076	-96	1034836	30468	-98	1034849	29610	-100	1034863	
-27318	-5253	-4536	31688	-100	1034821	28071	-97	1034898	30463	-98	1034912	29741	-100	1034925	
-27881	-2450	-4610	31688	-100	1034821	28029	-98	1034964	30412	-98	1034978	29708	-100	1034991	
-27655	-3492	-4921	31688	-100	1034821	28010	-96	1035034	30379	-98	1035048	29830	-99	1035061	
1793	30632	-7364	31523	-110	1035090	28043	-96	1035103	30313	-99	1035117	29727	-99	1035130	
2122	31128	-5287	31556	-101	1035157	28137	-95	1035171	30351	-99	1035184	29751	-99	1035198	
1381	31441	-3368	31566	-101	1035225	28118	-95	1035238	30388	-100	1035252	29727	-100	1035265	
Err	Err	Err	31566	-101	1035293	28100	-95	1035306	30388	-100	1035252	29685	-100	1035327	
-27979	-1889	-4538	31566	-101	1035293	28095	-96	1035365	30370	-102	1035378	29657	-101	1035392	
Err	Err	Err	31570	-101	1035421	28100	-96	1035435	30370	-102	1035378	29652	-101	1035456	
Err	Err	Err	31580	-101	1035484	28118	-96	1035497	30370	-102	1035378	29694	-100	1035518	
Err	Err	Err	31617	-101	1035547	28076	-96	1035561	30370	-102	1035378	29661	-100	1035582	
Err	Err	Err	31599	-100	1035610	28137	-95	1035623	30370	-102	1035378	29661	-100	1035582	
Err	Err	Err	31599	-100	1035672	28081	-95	1035686	30370	-102	1035378	29704	-101	1035707	
Err	Err	Err	31599	-100	1035672	28081	-95	1035686	30370	-102	1035378	29704	-101	1035757	
Err	Err	Err	31641	-101	1035779	28100	-95	1035792	30370	-102	1035378	29704	-101	1035757	
Err	Err	Err	31505	-101	1035831	28146	-95	1035845	30370	-102	1035378	29708	-100	1035866	
Err	Err	Err	31636	-100	1035894	28076	-94	1035907	30370	-102	1035378	29713	-98	1035929	
1784	31529	-2755	31650	-102	1035958	28104	-96	1035971	30421	-100	1035985	29746	-99	1035998	
-674	31528	-2385	31552	-102	1036028	28057	-96	1036042	30459	-99	1036055	29704	-100	1036069	
-27927	-2526	-4313	31552	-102	1036028	28109	-95	1036104	30449	-100	1036118	29615	-99	1036131	
375	30981	-6298	31552	-99	1036163	28132	-93	1036177	30431	-99	1036190	29788	-99	1036204	
3734	30207	8588	31838	-100	1036232	27973	-98	1036246	30393	-98	1036259	29535	-100	1036273	
Percentuale di fallimenti nel positioning: 30.4%
