Distanza: 15000.0
X [mm]	Y [mm]	Z [mm]	A0 	 RSS 	 Time 	 A1 	 RSS 	 Time 	 A2 	 RSS 	 Time 	 A3 	 RSS 	 Time 	 
-4922	14583	6184	16628	-93	843105	13411	-87	843118	16112	-95	843132	14818	-92	843145	
-5567	15013	4430	16632	-93	843170	13360	-87	843184	16154	-95	843197	14874	-92	843211	
-5070	15858	671	16595	-91	843244	13331	-87	843258	16037	-95	843271	14940	-91	843285	
-4596	15946	1708	16613	-92	843310	13317	-87	843323	16004	-95	843337	14897	-91	843350	
-4206	16145	217	16599	-92	843375	13303	-87	843389	15948	-95	843402	14916	-91	843416	
-3957	16029	2396	16581	-93	843440	13341	-86	843453	15920	-95	843467	14851	-91	843480	
-3901	16026	2342	16548	-94	843507	13308	-87	843521	15882	-95	843534	14818	-91	843548	
Err	Err	Err	16567	-94	843572	13308	-87	843586	15882	-95	843534	14855	-91	843606	
-2118	16311	3194	16684	-93	843633	13303	-87	843646	15821	-95	843660	14808	-91	843673	
-3059	16360	1435	16590	-93	843698	13275	-87	843712	15826	-95	843725	14827	-91	843739	
-3068	16369	1125	16567	-92	843763	13270	-87	843776	15807	-95	843790	14822	-92	843803	
-3521	16288	716	16571	-92	843828	13303	-87	843842	15859	-96	843855	14865	-92	843869	
-3535	16080	2523	16571	-91	843895	13266	-87	843908	15859	-96	843922	14794	-92	843935	
-3451	15987	3079	16538	-91	843961	13313	-87	843975	15835	-96	843988	14780	-92	844002	
Err	Err	Err	16506	-92	844027	13313	-87	843975	15807	-96	844049	14757	-92	844063	
-3533	15858	3491	16520	-92	844088	13285	-87	844102	15826	-96	844115	14747	-92	844129	
-3114	16042	3338	16543	-91	844154	13364	-86	844168	15817	-95	844181	14790	-92	844195	
-3081	16386	654	16552	-92	844221	13308	-86	844235	15803	-95	844248	14846	-92	844262	
-2838	16479	614	16599	-92	844289	13327	-85	844302	15821	-94	844316	14874	-92	844329	
Err	Err	Err	16562	-93	844355	13327	-85	844302	15812	-94	844383	14775	-92	844396	
-2973	16288	1899	16576	-92	844424	13247	-86	844437	15803	-96	844451	14790	-92	844465	
-1962	16271	3564	16735	-92	844490	13294	-85	844503	15845	-95	844517	14813	-91	844530	
-3073	16434	-384	16642	-93	844557	13256	-86	844571	15864	-95	844585	14902	-89	844598	
-4036	15579	3909	16524	-93	844625	13219	-85	844638	15873	-95	844652	14719	-90	844665	
-3651	15708	3873	16524	-92	844691	13261	-85	844705	15840	-95	844718	14729	-90	844732	
-3148	15282	5665	16585	-90	844757	13317	-85	844771	15864	-97	844784	14714	-91	844798	
-2357	15934	4208	16571	-91	844825	13280	-86	844838	15756	-98	844852	14714	-90	844865	
-3594	15433	4864	16534	-92	844891	13280	-87	844904	15854	-95	844918	14710	-92	844931	
-4423	15260	4585	16482	-92	844957	13294	-86	844970	15896	-94	844984	14724	-92	844997	
-4102	15873	2466	16473	-92	845022	13266	-85	845035	15835	-94	845050	14761	-91	845064	
Err	Err	Err	16548	-91	845091	13261	-85	845104	15821	-94	845118	14761	-91	845064	
-3639	16258	-173	16538	-92	845152	13285	-85	845166	15840	-94	845179	14869	-88	845193	
-3400	15128	-5767	16567	-92	845220	13238	-85	845234	15864	-95	845247	15052	-87	845261	
-3839	13177	-8933	16585	-92	845284	13261	-85	845298	16000	-96	845311	15263	-87	845325	
-4735	13535	-7966	16557	-92	845352	13308	-86	845366	16065	-98	845379	15240	-87	845393	
-5838	14517	-5262	16557	-92	845419	13303	-85	845433	16131	-97	845446	15146	-87	845460	
-5630	15443	-2311	16576	-92	845488	13294	-85	845501	16084	-97	845515	15029	-88	845528	
-7025	15008	-314	16613	-92	845554	13285	-85	845569	16272	-97	845583	15033	-88	845596	
-8	15422	-6253	16651	-91	845622	13299	-84	845636	15601	-96	845649	15033	-88	845663	
-1823	16295	-3019	16590	-92	845690	13228	-85	845703	15704	-96	845717	14907	-89	845730	
-3386	16320	616	16571	-92	845756	13242	-86	845769	15835	-95	845783	14836	-90	845796	
-3445	15739	3973	16482	-93	845824	13303	-87	845838	15793	-93	845851	14719	-91	845865	
-4337	15368	4207	16445	-93	845893	13275	-88	845906	15850	-92	845920	14705	-91	845933	
-4446	15935	1060	16468	-92	845960	13261	-87	845973	15859	-92	845987	14808	-91	846000	
-3673	15898	-3153	16538	-91	846029	13270	-87	846042	15850	-93	846056	14958	-89	846069	
Err	Err	Err	16538	-90	846096	13238	-87	846109	15920	-94	846123	14958	-89	846069	
-4369	15698	-3141	16529	-91	846157	13285	-87	846171	15915	-94	846184	14982	-89	846198	
-5371	15646	-1109	16524	-91	846223	13247	-85	846237	16000	-96	846250	14930	-89	846264	
-6783	15039	-670	16506	-91	846289	13247	-86	846303	16145	-95	846316	14958	-89	846330	
-6466	15221	579	16543	-92	846355	13256	-86	846368	16140	-96	846382	14930	-91	846395	
-9911	12428	-1785	16543	-92	846355	13238	-86	846438	16108	-96	846451	14972	-90	846465	
-5217	15788	308	16585	-93	846497	13275	-86	846511	16037	-96	846524	14926	-90	846538	
-4720	15949	-489	16581	-93	846565	13270	-85	846578	15981	-95	846592	14930	-90	846606	
-4810	15950	246	16595	-93	846631	13289	-85	846644	16004	-94	846658	14926	-91	846671	
-3983	16107	1966	16628	-93	846698	13327	-86	846711	15957	-96	846725	14883	-92	846738	
-4188	15855	2726	16538	-94	846764	13285	-87	846778	15901	-97	846791	14799	-92	846804	
-113	16741	-312	16571	-94	846831	13303	-87	846845	15549	-97	846859	14799	-90	846872	
-680	16594	-2020	16562	-94	846899	13313	-87	846913	15596	-97	846926	14865	-90	846940	
-249	16544	-2486	16562	-94	846968	13317	-86	846981	15559	-96	846995	14869	-91	847009	
Err	Err	Err	16599	-94	847036	13322	-85	847050	15559	-96	846995	14869	-90	847077	
-300	16760	-862	16642	-94	847104	13327	-85	847117	15624	-96	847131	14869	-91	847145	
-2027	16622	355	16609	-94	847171	13289	-85	847185	15746	-95	847198	14846	-91	847212	
-1667	16664	867	16604	-96	847239	13327	-86	847253	15718	-95	847266	14836	-91	847280	
-2249	16326	2616	16567	-95	847308	13285	-87	847321	15737	-95	847335	14761	-91	847348	
-2809	16170	2880	16552	-95	847373	13266	-86	847387	15775	-96	847400	14752	-92	847414	
-3087	16230	2143	16557	-95	847441	13266	-86	847455	15803	-95	847468	14785	-91	847482	
-2656	16179	3060	16595	-95	847508	13280	-87	847521	15798	-95	847534	14771	-92	847548	
-2793	16353	1725	16576	-95	847574	13266	-86	847588	15789	-95	847601	14799	-91	847615	
-3298	16096	2922	16609	-96	847641	13294	-86	847654	15873	-95	847668	14808	-91	847681	
-3412	16154	2573	16628	-95	847708	13313	-86	847721	15901	-95	847735	14841	-90	847749	
-3320	16399	340	16651	-95	847776	13289	-85	847790	15901	-95	847804	14907	-89	847818	
-3780	16315	338	16689	-95	847844	13285	-85	847857	15976	-95	847871	14940	-89	847884	
-3306	16423	-507	16656	-94	847910	13331	-85	847925	15911	-95	847938	14954	-89	847952	
-3287	16382	1438	16679	-93	847977	13331	-84	847990	15929	-97	848004	14907	-90	848018	
-3062	16457	1024	16679	-93	848043	13327	-84	848057	15906	-98	848070	14911	-89	848084	
-2513	16530	1563	16717	-93	848110	13294	-84	848124	15878	-94	848138	14883	-91	848151	
-2249	16629	945	16707	-93	848178	13341	-84	848192	15854	-93	848205	14911	-90	848219	
-2414	16403	2855	16754	-93	848248	13364	-84	848262	15915	-92	848275	14893	-91	848289	
-843	16484	3567	16876	-92	848316	13341	-85	848329	15854	-92	848343	14874	-93	848356	
-2091	16348	3237	16726	-92	848384	13341	-85	848397	15859	-93	848411	14846	-93	848424	
-3558	16262	1389	16567	-92	848451	13327	-85	848465	15864	-93	848478	14855	-93	848492	
-2871	16298	2531	16609	-93	848520	13374	-86	848533	15845	-94	848547	14846	-93	848560	
-12936	7328	-1859	16609	-93	848520	13341	-85	848596	15821	-94	848610	14818	-93	848623	
-2263	16580	-1301	16670	-92	848653	13360	-85	848666	15831	-93	848680	14968	-92	848693	
Err	Err	Err	16698	-93	848721	13336	-85	848734	15878	-90	848748	14968	-92	848693	
-2485	13228	-9409	16637	-93	848789	13327	-85	848803	15896	-89	848816	15287	-90	848830	
-3212	16081	-3179	16628	-94	848857	13327	-86	848872	15887	-89	848886	15019	-89	848899	
-2892	14110	8063	16604	-94	848926	13350	-86	848940	15892	-89	848953	14639	-90	848967	
-2989	13799	8461	16599	-96	848995	13341	-87	849008	15906	-90	849022	14616	-90	849036	
-2923	14977	-6439	16581	-97	849064	13308	-88	849077	15845	-89	849091	15099	-90	849105	
-4466	15991	383	16515	-96	849131	13242	-87	849145	15896	-89	849159	14846	-90	849172	
-4778	15848	-1216	16506	-95	849199	13266	-87	849212	15925	-89	849226	14911	-90	849239	
-4966	15834	745	16524	-94	849265	13294	-86	849278	15962	-89	849291	14879	-91	849305	
-4974	15856	911	16552	-93	849332	13322	-87	849345	15990	-89	849359	14902	-91	849372	
-3734	16263	918	16609	-93	849401	13308	-86	849414	15911	-90	849427	14888	-91	849441	
-3745	16255	-168	16628	-93	849468	13210	-86	849482	15911	-90	849495	14888	-92	849509	
-4147	15928	2167	16520	-93	849535	13242	-87	849548	15873	-90	849562	14785	-92	849575	
-4018	14886	5856	16487	-93	849602	13285	-88	849616	15873	-90	849630	14668	-91	849643	
-3940	16065	-1537	16506	-95	849670	13252	-87	849683	15840	-91	849697	14888	-92	849710	
-2710	16055	3643	16613	-95	849736	13285	-86	849750	15821	-92	849763	14766	-92	849777	
-1735	14464	-7879	16646	-95	849804	13336	-86	849818	15793	-94	849831	15174	-93	849845	
-1524	16664	-1444	16674	-93	849871	13331	-86	849885	15760	-94	849898	14940	-93	849912	
-647	16702	-1863	16712	-93	849939	13313	-85	849953	15704	-97	849966	14940	-92	849980	
-242	16574	-2596	16684	-92	850010	13299	-85	850024	15643	-99	850037	14930	-92	850051	
1421	16359	-3494	16721	-92	850077	13327	-86	850090	15521	-99	850104	14944	-92	850117	
-1217	16778	831	16740	-92	850144	13322	-86	850157	15779	-97	850171	14893	-92	850184	
-1157	16801	-628	16768	-92	850211	13299	-86	850224	15789	-95	850238	14940	-93	850251	
Err	Err	Err	16764	-92	850280	13308	-85	850293	15854	-93	850307	14940	-93	850251	
-2327	16628	-994	16703	-92	850341	13346	-85	850355	15859	-94	850369	14972	-91	850382	
-1777	16692	-1275	16721	-92	850408	13341	-85	850421	15821	-94	850435	14972	-90	850448	
-3363	16428	-152	16689	-92	850476	13331	-86	850489	15943	-91	850503	14963	-91	850516	
-2430	16660	55	16735	-92	850544	13341	-86	850557	15892	-90	850571	14958	-91	850584	
-2410	16373	2978	16721	-93	850613	13378	-86	850627	15892	-90	850640	14879	-92	850654	
-2810	16571	-530	16712	-92	850681	13346	-86	850695	15911	-89	850708	14977	-91	850722	
-2379	15619	-5478	16735	-92	850749	13336	-85	850763	15906	-89	850776	15141	-91	850790	
-2732	15937	-4373	16721	-92	850818	13350	-85	850831	15925	-90	850845	15108	-92	850858	
-2156	14504	7777	16745	-92	850884	13317	-86	850898	15911	-89	850911	14677	-92	850925	
-2782	16412	-1774	16646	-95	850952	13322	-89	850966	15854	-93	850979	14968	-90	850993	
-576	15790	-5248	16609	-93	851021	13285	-88	851035	15620	-100	851048	14982	-90	851062	
-615	16853	-890	16815	-92	851089	13322	-85	851103	15779	-95	851118	14968	-92	851131	
-1755	15056	6874	16726	-92	851159	13327	-86	851173	15845	-92	851186	14700	-93	851200	
-1837	16628	-521	16599	-94	851229	13275	-89	851242	15718	-95	851256	14855	-94	851269	
-1971	16433	-2579	16698	-93	851297	13242	-87	851310	15803	-95	851324	14963	-94	851337	
328	16831	-302	16740	-93	851365	13313	-87	851378	15634	-96	851392	14879	-96	851405	
-1367	16496	2832	16759	-94	851432	13247	-89	851446	15793	-93	851459	14808	-95	851473	
-1957	15757	4991	16651	-95	851498	13214	-88	851512	15770	-91	851526	14682	-93	851539	
-1359	16347	-2933	16618	-93	851564	13144	-90	851578	15662	-94	851591	14869	-93	851605	
-326	16487	2665	16623	-93	851624	13191	-88	851638	15578	-97	851651	14686	-92	851665	
-1080	16723	-145	16684	-94	851690	13200	-91	851704	15695	-92	851717	14832	-91	851731	
-1509	16188	-3480	16585	-96	851757	13144	-91	851770	15653	-91	851784	14874	-91	851797	
-539	16553	-2103	16660	-93	851827	13116	-90	851840	15606	-95	851854	14827	-94	851867	
-96	16473	2662	16642	-93	851893	13130	-89	851907	15554	-95	851920	14658	-95	851934	
571	16528	-2576	16745	-93	851960	13116	-93	851974	15559	-93	851987	14855	-92	852001	
-1239	16616	-724	16613	-93	852029	13120	-90	852043	15638	-91	852056	14780	-93	852070	
-957	16586	-1383	16599	-95	852098	13120	-93	852111	15601	-95	852126	14785	-96	852140	
-1101	16231	-3244	16529	-97	852166	13111	-92	852179	15563	-95	852193	14808	-95	852206	
-517	15790	-5146	16651	-94	852232	13130	-94	852246	15606	-91	852260	14935	-92	852273	
14	15861	-4962	16651	-95	852299	13120	-90	852313	15549	-96	852326	14907	-90	852340	
265	15912	-4902	16670	-93	852366	13163	-91	852379	15549	-95	852393	14926	-91	852406	
Err	Err	Err	16501	-95	852434	12905	-93	852448	15638	-90	852461	14926	-91	852406	
-655	16674	1118	16595	-95	852496	13247	-90	852510	15601	-90	852523	14757	-95	852537	
-167	16537	-2523	16660	-93	852565	13214	-89	852579	15596	-92	852592	14874	-92	852606	
Err	Err	Err	16689	-93	852633	13195	-90	852646	15596	-92	852592	14930	-89	852666	
Err	Err	Err	16590	-95	852693	13195	-90	852646	15601	-92	852715	14958	-88	852728	
-2021	16009	-3749	16538	-98	852755	13092	-91	852768	15657	-88	852782	14851	-92	852795	
-1164	16701	574	16689	-95	852822	13167	-89	852835	15699	-89	852849	14799	-92	852862	
-615	15974	-4598	16642	-94	852888	13139	-89	852901	15610	-93	852915	14916	-89	852928	
363	15387	-6085	16618	-94	852954	13130	-91	852968	15493	-95	852981	14926	-89	852995	
-41	14780	-7228	16581	-94	853024	13083	-93	853037	15498	-95	853051	14949	-88	853065	
382	15107	-6642	16623	-94	853092	13055	-92	853105	15474	-96	853119	14921	-89	853132	
790	15452	-5964	16665	-94	853158	13120	-90	853172	15479	-96	853185	14930	-90	853199	
937	15483	-5871	16642	-91	853225	13149	-89	853239	15456	-94	853253	14921	-92	853266	
1311	16400	-2926	16698	-91	853293	13144	-89	853306	15460	-93	853320	14832	-94	853333	
1076	16220	-3886	16721	-92	853361	13172	-88	853374	15507	-93	853388	14897	-94	853401	
655	16061	-4446	16665	-93	853427	13200	-89	853441	15517	-94	853454	14911	-94	853468	
1090	16223	-3774	16689	-95	853494	13158	-90	853507	15479	-94	853521	14869	-93	853534	
402	16201	-3870	16674	-95	853562	13102	-94	853576	15521	-94	853589	14860	-93	853603	
-80	15641	-5449	16646	-95	853632	13041	-94	853645	15535	-93	853659	14893	-92	853672	
-385	15250	-6282	16674	-95	853699	12933	-95	853712	15563	-91	853726	14911	-92	853739	
-94	15630	-5533	16740	-95	853766	12970	-95	853780	15587	-91	853793	14921	-91	853807	
-274	15434	-6031	16726	-96	853833	13003	-94	853846	15606	-89	853860	14954	-91	853873	
-1227	16329	-3255	16463	-96	853901	13453	-93	853915	15606	-88	853928	14926	-93	853942	
-2317	16261	-2710	16459	-97	853969	13341	-92	853982	15671	-89	853996	14888	-94	854009	
-2383	16425	-1371	16454	-96	854036	13327	-93	854050	15667	-89	854063	14841	-96	854077	
-1988	16452	-1603	16534	-97	854105	13177	-94	854119	15662	-91	854132	14813	-96	854146	
-12652	7466	-2349	16534	-97	854105	13069	-95	854187	15676	-91	854201	14888	-94	854214	
-984	16526	-2231	16656	-95	854246	13144	-93	854260	15653	-93	854273	14855	-93	854287	
-161	16487	-2763	16703	-94	854315	13134	-92	854328	15606	-92	854342	14869	-92	854355	
Err	Err	Err	16698	-94	854382	13144	-91	854396	15629	-92	854409	14869	-92	854355	
-662	16644	-1902	16717	-93	854444	13200	-91	854458	15681	-91	854471	14893	-91	854485	
-429	16037	-4543	16670	-95	854511	13186	-93	854525	15624	-91	854539	14944	-90	854552	
Err	Err	Err	16656	-96	854581	13186	-93	854525	15606	-90	854601	14902	-91	854615	
1134	16866	571	16754	-96	854644	13435	-92	854658	15606	-91	854671	14897	-93	854685	
658	15909	-5013	16900	-95	854711	12923	-93	854725	15606	-93	854738	14944	-93	854752	
372	15871	-5127	16707	-96	854779	13210	-90	854792	15578	-92	854806	14972	-91	854821	
-512	16626	2512	16534	-95	854848	13575	-93	854861	15629	-91	854875	14846	-95	854888	
135	15062	-6909	16703	-96	854916	13158	-92	854931	15587	-95	854944	15029	-90	854958	
-1033	15989	-4619	16590	-97	854984	13308	-93	854998	15653	-93	855011	14972	-92	855025	
-1306	16187	-3695	16665	-97	855053	13102	-94	855066	15685	-93	855080	14902	-93	855094	
289	15964	-4944	16731	-96	855120	13233	-92	855134	15610	-94	855147	14991	-90	855161	
-1765	15881	-4551	16609	-98	855186	13158	-94	855200	15704	-90	855213	14940	-93	855227	
-793	16550	-2411	16717	-96	855254	13163	-93	855267	15685	-93	855281	14897	-93	855294	
-644	15801	-5192	16689	-96	855323	13153	-93	855336	15653	-93	855350	14972	-92	855363	
-1601	15748	-4977	16637	-94	855391	13102	-93	855405	15699	-90	855420	14944	-94	855433	
-308	16727	-1777	16754	-93	855463	13280	-90	855477	15695	-92	855491	14935	-93	855504	
10	16086	-4603	16782	-95	855533	13167	-94	855547	15657	-94	855560	14987	-90	855574	
-1101	14659	-7400	16632	-97	855600	13059	-95	855614	15648	-93	855627	15015	-90	855641	
-1765	15335	-5941	16581	-96	855669	13153	-93	855682	15690	-92	855696	14977	-94	855709	
-1327	15986	-4545	16656	-96	855735	13172	-92	855749	15699	-92	855762	14958	-95	855776	
-1405	16463	-2673	16679	-95	855801	13214	-92	855814	15728	-93	855829	14926	-94	855842	
-1494	16554	-2050	16693	-94	855869	13214	-92	855883	15746	-94	855897	14916	-95	855910	
-743	16720	-1645	16773	-94	855936	13228	-90	855950	15737	-93	855963	14930	-95	855978	
-1363	16704	1299	16735	-94	856006	13261	-91	856019	15775	-93	856033	14851	-95	856046	
-585	16751	1211	16754	-95	856075	13214	-90	856088	15704	-92	856102	14818	-94	856115	
-773	16336	3698	16740	-95	856141	13247	-89	856155	15723	-93	856168	14752	-94	856182	
-575	16290	3802	16707	-94	856209	13233	-89	856222	15676	-92	856236	14719	-96	856249	
-343	16123	4534	16764	-94	856278	13242	-89	856291	15699	-92	856305	14719	-96	856318	
-881	16648	-1882	16712	-95	856345	13224	-89	856359	15704	-93	856372	14907	-94	856386	
-514	15827	-5005	16613	-96	856414	13149	-90	856428	15582	-96	856441	14916	-93	856455	
-1071	16702	295	16656	-94	856484	13191	-89	856497	15671	-94	856511	14799	-96	856524	
-1445	16654	506	16618	-94	856552	13224	-88	856568	15685	-94	856581	14799	-96	856595	
-1405	16430	-2492	16590	-95	856623	13200	-92	856637	15657	-95	856650	14865	-93	856664	
-1565	16254	-3225	16581	-96	856692	13177	-90	856706	15662	-93	856719	14879	-92	856733	
-2319	16416	-1601	16562	-96	856761	13172	-90	856774	15714	-92	856788	14836	-93	856801	
-1300	16538	-2221	16698	-93	856828	13177	-88	856842	15723	-93	856856	14902	-91	856869	
-478	16761	-750	16698	-92	856896	13252	-86	856909	15662	-94	856923	14865	-92	856936	
-230	16751	-237	16660	-92	856964	13214	-87	856978	15601	-95	856991	14804	-93	857005	
118	16774	-214	16689	-92	857031	13205	-87	857045	15587	-95	857059	14804	-93	857072	
0	16725	1035	16684	-93	857098	13195	-88	857112	15592	-95	857125	14761	-94	857139	
425	16539	2445	16684	-94	857166	13153	-89	857180	15540	-93	857193	14682	-95	857207	
Err	Err	Err	16599	-95	857235	13153	-89	857180	15606	-92	857263	14766	-95	857276	
-669	16643	-909	16576	-94	857303	13167	-88	857317	15568	-92	857330	14771	-95	857344	
-1146	16406	2725	16595	-94	857371	13167	-88	857385	15629	-92	857398	14682	-94	857412	
-847	16200	3844	16604	-94	857438	13210	-88	857451	15620	-91	857465	14663	-94	857479	
-1085	16092	4108	16618	-94	857506	13163	-88	857519	15643	-90	857533	14644	-94	857546	
-1277	15686	5254	16599	-95	857574	13167	-89	857588	15653	-90	857601	14602	-94	857615	
-1599	15815	4759	16581	-95	857643	13158	-90	857656	15667	-90	857670	14616	-95	857683	
-1419	15957	4440	16613	-95	857709	13153	-92	857723	15671	-90	857736	14635	-94	857749	
-993	16332	3252	16656	-95	857776	13149	-91	857790	15657	-91	857803	14682	-95	857817	
-952	16434	2706	16613	-95	857842	13167	-92	857856	15624	-93	857869	14686	-95	857883	
-1472	16564	1227	16585	-95	857909	13158	-92	857922	15648	-91	857936	14729	-95	857949	
-639	16724	621	16684	-95	857978	13158	-91	857991	15643	-93	858005	14775	-94	858018	
-1058	16338	-2960	16562	-95	858055	13149	-93	858069	15592	-92	858082	14832	-94	858096	
-1378	15567	-5361	16548	-96	858119	13083	-95	858132	15606	-93	858146	14893	-94	858160	
-2071	15836	-4229	16524	-97	858187	13041	-96	858201	15643	-94	858214	14841	-95	858228	
-2072	15126	-6103	16492	-97	858255	13073	-95	858269	15638	-95	858284	14911	-92	858297	
-781	15315	-6056	16529	-97	858325	13088	-94	858338	15535	-96	858352	14893	-93	858365	
-154	15826	-4962	16613	-96	858391	13092	-93	858404	15531	-96	858418	14879	-92	858431	
Err	Err	Err	16628	-96	858459	13092	-93	858404	15620	-95	858480	14888	-93	858494	
-12766	7275	-2220	16628	-96	858459	13153	-93	858538	15596	-95	858551	14869	-94	858565	
-1688	16368	-2572	16571	-96	858595	13167	-92	858609	15662	-94	858623	14851	-95	858637	
-1695	16339	2664	16595	-96	858663	13120	-91	858677	15671	-92	858690	14677	-95	858704	
-2513	15955	3683	16520	-96	858729	13130	-92	858743	15699	-90	858756	14635	-95	858770	
-2249	16334	2003	16510	-96	858797	13144	-93	858810	15662	-89	858824	14682	-94	858837	
-2280	15371	5530	16506	-96	858865	13125	-91	858878	15676	-90	858892	14555	-94	858905	
-1614	16308	2739	16567	-96	858933	13102	-92	858946	15638	-90	858960	14649	-95	858973	
Err	Err	Err	16552	-96	858999	13102	-92	858946	15671	-90	859019	14705	-96	859033	
-3093	16170	1786	16459	-97	859060	13153	-93	859073	15704	-90	859087	14691	-95	859100	
-2453	16399	1334	16552	-96	859128	13149	-89	859141	15714	-90	859155	14733	-96	859168	
-2190	16471	1101	16576	-96	859196	13134	-91	859209	15704	-91	859223	14738	-95	859236	
-12047	8879	-2095	16576	-96	859196	13069	-95	859279	15657	-92	859293	14785	-93	859306	
-1493	16549	1430	16599	-97	859337	13163	-92	859351	15662	-93	859364	14733	-95	859378	
-1792	16529	1087	16576	-96	859405	13139	-92	859418	15667	-92	859432	14729	-96	859445	
-1687	16528	-1267	16562	-97	859471	13186	-93	859485	15657	0	859498	14813	-95	859512	
-1756	16579	377	16585	-98	859539	13144	-92	859552	15671	-94	859566	14757	-94	859579	
-1447	16633	49	16609	-96	859606	13153	-91	859619	15662	-93	859633	14775	-95	859646	
-1784	16557	-965	16581	-96	859676	13167	-91	859690	15676	-93	859704	14808	-95	859717	
-1860	16540	440	16576	-95	859746	13111	-91	859759	15667	-93	859773	14738	-95	859786	
-2036	16518	1044	16599	-96	859813	13144	-92	859826	15709	-91	859840	14752	-95	859853	
-1719	16561	837	16609	-96	859880	13120	-90	859893	15681	-93	859907	14743	-95	859920	
-1368	16486	2143	16604	-96	859949	13172	-90	859962	15657	-92	859976	14714	-95	859989	
-1657	16613	477	16618	-96	860017	13158	-90	860031	15690	-93	860044	14775	-94	860058	
-2161	16499	957	16613	-96	860085	13125	-90	860098	15728	-92	860112	14757	-94	860125	
-1357	16622	1079	16623	-96	860153	13181	-90	860166	15671	-91	860180	14761	-95	860193	
-2262	16512	277	16562	-96	860221	13181	-90	860235	15709	-91	860249	14780	-94	860262	
-1174	16668	-216	16632	-95	860290	13167	-90	860303	15657	-93	860317	14794	-94	860330	
-1680	16521	-1494	16609	-96	860358	13134	-90	860371	15681	-91	860385	14822	-94	860399	
-1438	16629	-847	16609	-96	860425	13195	-90	860439	15671	-94	860452	14822	-94	860466	
-1206	16436	-2583	16613	-95	860494	13167	-89	860507	15648	-94	860521	14860	-93	860534	
Err	Err	Err	16665	-94	860563	13167	-89	860507	15699	-93	860591	14855	-94	860605	
-1445	16522	-1819	16604	-94	860633	13186	-89	860647	15667	-93	860660	14846	-94	860674	
Err	Err	Err	16609	-95	860702	13186	-89	860647	15681	-93	860729	14818	-94	860742	
-12823	7131	-2181	16609	-95	860702	13125	-90	860779	15638	-93	860793	14851	-94	860806	
-1806	16369	-2429	16571	-94	860834	13158	-89	860848	15671	-94	860862	14846	-94	860876	
-1293	16147	-3755	16585	-94	860903	13149	-90	860916	15634	-94	860930	14879	-93	860943	
-11928	9155	-2288	16585	-94	860903	13181	-89	860984	15615	-94	860998	14860	-93	861011	
-1034	16194	-3623	16590	-94	861040	13139	-90	861054	15610	-94	861067	14865	-93	861081	
-1380	16483	-2145	16604	-93	861107	13167	-90	861121	15657	-94	861134	14846	-92	861148	
-1366	16278	-3186	16595	-94	861175	13153	-91	861189	15648	-93	861202	14869	-92	861216	
-1184	16425	-2671	16623	-94	861243	13181	-91	861256	15657	-93	861270	14874	-93	861283	
-1233	16351	-3014	16642	-94	861310	13139	-89	861324	15667	-95	861337	14879	-94	861351	
-1592	16355	-2537	16548	-94	861378	13139	-91	861391	15629	-94	861405	14822	-95	861418	
-1459	16557	-1453	16628	-95	861445	13120	-95	861458	15671	-93	861472	14818	-97	861485	
-2312	16400	-1529	16576	-95	861512	13097	-90	861526	15709	-92	861539	14808	-95	861553	
-1818	16583	-507	16637	-93	861582	13130	-89	861596	15714	-90	861610	14808	-94	861623	
-1976	16546	-306	16581	-93	861648	13149	-89	861662	15690	-91	861675	14785	-95	861689	
-1927	16468	1584	16609	-94	861717	13106	-89	861730	15699	-91	861744	14719	-97	861757	
-2612	16421	386	16581	-95	861785	13102	-95	861799	15742	-90	861812	14761	-95	861827	
-2166	16467	-1102	16543	-95	861854	13158	-91	861867	15681	-92	861881	14799	-94	861894	
-1605	16451	2380	16642	-95	861923	13172	-90	861937	15709	-91	861950	14733	-95	861964	
-1708	16598	-1036	16637	-94	861991	13195	-89	862004	15718	-93	862018	14851	-95	862031	
30	16655	-1997	16707	-92	862058	13228	-87	862072	15615	-94	862087	14883	-92	862100	
374	16722	1594	16731	-93	862126	13233	-88	862140	15601	-95	862153	14775	-96	862167	
-1187	16686	-876	16674	-94	862192	13205	-88	862206	15699	-95	862219	14855	-95	862233	
-1297	16111	4147	16684	-94	862260	13181	-88	862274	15718	-93	862287	14691	-95	862301	
-609	16572	2507	16745	-93	862328	13191	-88	862342	15695	-93	862355	14761	-95	862369	
-1545	16643	-470	16642	-93	862395	13186	-89	862408	15704	-92	862422	14827	-95	862436	
-1321	16608	1703	16703	-93	862462	13177	-87	862476	15728	-91	862489	14780	-94	862503	
-1140	16455	2775	16703	-92	862529	13163	-87	862542	15709	-91	862556	14733	-95	862569	
-905	15730	5533	16731	-89	862597	13256	-85	862610	15737	-91	862625	14691	-93	862639	
-1734	15696	5351	16693	-90	862668	13247	-86	862682	15789	-90	862695	14700	-94	862709	
-1802	16065	4199	16665	-93	862735	13256	-86	862749	15770	-91	862762	14733	-94	862776	
-1909	16519	1829	16665	-94	862803	13219	-87	862816	15765	-93	862830	14794	-94	862844	
-703	16139	-4003	16604	-94	862871	13167	-89	862885	15596	-95	862898	14888	-92	862912	
-1302	16026	-4194	16529	-95	862940	13219	-88	862954	15610	-95	862967	14893	-91	862981	
-2080	12794	-9894	16562	-94	863010	13195	-88	863025	15775	-92	863038	15216	-89	863052	
-1882	14102	-8204	16590	-95	863079	13172	-87	863092	15737	-91	863106	15104	-89	863119	
-3289	14778	-6537	16557	-94	863148	13210	-87	863162	15850	-90	863175	15066	-89	863189	
-12479	8178	-2705	16557	-94	863148	13158	-88	863230	15803	-90	863243	15198	-89	863257	
-3824	15171	-5174	16487	-94	863290	13167	-88	863303	15826	-90	863317	14968	-89	863330	
-2484	12805	-9715	16487	-94	863356	13181	-88	863370	15760	-90	863384	15169	-89	863397	
-9597	12229	-3492	16487	-94	863356	13186	-88	863434	15789	-89	863447	15268	-88	863461	
-3089	16257	-1310	16496	-95	863492	13181	-89	863505	15737	-88	863519	14818	-88	863533	
-3247	15202	5436	16477	-95	863561	13144	-91	863575	15756	-89	863588	14583	-89	863602	
-11910	9001	-2055	16477	-95	863561	13059	-91	863644	15671	-91	863657	14639	-91	863671	
-3370	15344	4998	16454	-94	863705	13177	-90	863719	15751	-89	863732	14607	-90	863746	
-3013	15800	3965	16496	-93	863772	13210	-88	863786	15746	-89	863799	14668	-90	863813	
-3317	15518	4630	16506	-94	863839	13177	-88	863853	15784	-88	863866	14644	-92	863880	
-2607	16121	3021	16520	-94	863907	13177	-87	863921	15714	-89	863934	14682	-92	863948	
-3156	16285	1233	16520	-94	863976	13224	-86	863990	15770	-91	864003	14775	-92	864017	
-3346	16111	2404	16529	-94	864044	13247	-86	864058	15803	-90	864071	14761	-92	864085	
-2919	16048	3301	16557	-94	864111	13252	-86	864125	15789	-91	864138	14738	-93	864152	
-2708	16415	931	16543	-93	864178	13228	-86	864192	15746	-92	864205	14785	-92	864219	
-2540	16465	1179	16581	-93	864245	13252	-86	864259	15765	-92	864272	14804	-92	864286	
-1572	16338	3025	16585	-93	864312	13266	-86	864325	15685	-92	864339	14729	-93	864352	
-2169	16315	2773	16585	-94	864381	13252	-87	864394	15737	-90	864408	14747	-93	864421	
-2572	16027	3663	16548	-94	864447	13256	-87	864461	15751	-90	864474	14714	-93	864488	
-2400	16010	3799	16581	-94	864515	13205	-87	864528	15751	-89	864542	14696	-93	864555	
-2223	15798	4648	16557	-94	864588	13247	-87	864602	15728	-89	864615	14672	-93	864629	
-1998	15049	6596	16595	-94	864654	13252	-86	864668	15751	-89	864681	14616	-92	864694	
-1932	15611	5355	16637	-94	864721	13200	-86	864735	15756	-89	864748	14654	-92	864762	
-1870	15277	6168	16618	-94	864789	13224	-86	864803	15746	-89	864816	14625	-92	864830	
-1827	15018	6731	16660	-94	864858	13205	-86	864871	15775	-88	864885	14611	-91	864898	
-1764	14397	7850	16637	-93	864925	13242	-86	864938	15770	-88	864952	14569	-91	864966	
-1725	15342	6085	16637	-93	864993	13228	-86	865006	15746	-88	865020	14635	-92	865033	
-1775	16048	4175	16623	-93	865061	13242	-85	865074	15732	-89	865088	14705	-92	865101	
-439	16772	45	16674	-92	865128	13242	-86	865141	15638	-93	865155	14822	-95	865168	
95	16751	-302	16651	-92	865196	13210	-86	865209	15563	-94	865223	14790	-95	865236	
0	16771	539	16651	-91	865263	13266	-85	865276	15587	-95	865290	14794	-94	865303	
-463	16751	221	16665	-92	865330	13224	-86	865343	15629	-95	865357	14804	-95	865370	
359	16740	1212	16717	-92	865395	13214	-86	865409	15587	-95	865422	14771	-95	865436	
-1	16748	493	16670	-93	865463	13214	-87	865477	15587	-96	865490	14780	-94	865504	
-44	16771	-57	16628	-94	865531	13261	-87	865544	15573	-96	865558	14799	-93	865571	
-119	16650	-1490	16642	-94	865599	13177	-86	865612	15568	-97	865626	14813	-92	865640	
-1118	16595	-1683	16623	-94	865667	13214	-87	865680	15657	-96	865694	14855	-91	865707	
-1243	16186	-3743	16628	-93	865735	13172	-87	865748	15667	-94	865762	14911	-90	865775	
-1690	16335	-2900	16623	-92	865803	13172	-87	865817	15704	-94	865830	14893	-91	865844	
-1226	16589	-1721	16684	-92	865870	13153	-87	865883	15699	-127	865897	14865	-92	865910	
Err	Err	Err	16595	-93	865936	13167	-87	865949	15634	-95	865963	14865	-92	865910	
Err	Err	Err	16595	-92	865998	13153	-88	866011	15690	-94	866024	14865	-92	865910	
895	16300	-3434	16581	-91	866061	13238	-88	866074	15446	-97	866089	14841	-93	866102	
140	15694	-5340	16520	-94	866129	13224	-88	866143	15470	-96	866156	14888	-90	866170	
-2237	15054	6260	16487	-94	866197	13144	-89	866211	15667	-93	866225	14527	-89	866238	
-2444	16153	-2471	16426	-95	866264	13111	-93	866278	15610	-93	866291	14766	-94	866305	
-952	16444	-2421	16567	-94	866334	13158	-90	866348	15587	-94	866361	14818	-95	866375	
-189	16568	-1911	16567	-95	866401	13181	-90	866414	15521	-94	866428	14790	-96	866441	
-2082	16475	355	16515	-95	866472	13120	-94	866485	15643	-91	866499	14719	-92	866512	
-2454	16406	323	16515	-94	866542	13083	-93	866555	15671	-90	866569	14714	-90	866582	
-2387	14718	6916	16548	-94	866610	13111	-90	866624	15732	-88	866637	14517	-90	866651	
1307	16427	-3043	16717	-90	866677	13224	-85	866691	15498	-95	866704	14883	-90	866718	
76	15942	-4784	16628	-92	866745	13191	-87	866759	15545	-94	866772	14916	-89	866787	
287	15826	-5201	16651	-92	866815	13238	-86	866829	15554	-94	866842	14958	-88	866856	
-524	15961	-4755	16637	-91	866883	13228	-86	866896	15620	-93	866910	14954	-88	866923	
-1967	13880	-8524	16613	-93	866953	13149	-89	866967	15765	-89	866980	15132	-88	866994	
-2079	12229	-10433	16520	-93	867021	13134	-90	867035	15746	-88	867048	15216	-87	867062	
-8772	13006	-3422	16520	-93	867021	13106	-89	867106	15793	-87	867119	15268	-87	867133	
-2387	14676	-7134	16543	-92	867166	13102	-89	867180	15770	-88	867193	15193	-88	867207	
-3044	16196	1984	16534	-91	867236	13134	-88	867250	15756	-87	867263	14714	-88	867277	
-2860	15950	-3526	16581	-92	867304	13097	-88	867318	15775	-87	867331	14897	-87	867345	
-2597	15149	-6200	16562	-92	867373	13111	-89	867386	15821	-87	867400	15263	-88	867413	
-2334	13179	-9326	16604	-92	867443	13083	-88	867456	15807	-86	867470	15174	-88	867483	
-2417	14514	-7530	16567	-93	867509	13106	-88	867523	15826	-87	867536	15348	-88	867550	
-2524	14750	-6824	16562	-93	867578	13106	-90	867592	15756	-87	867605	15015	-89	867619	
-2814	15068	-6092	16581	-93	867646	13102	-89	867659	15793	-87	867673	15001	-90	867686	
-3104	16272	-1501	16581	-94	867712	13134	-90	867726	15798	-86	867739	14851	-90	867753	
-2748	16440	358	16604	-94	867779	13158	-88	867793	15784	-87	867807	14804	-89	867820	
Err	Err	Err	16651	-94	867848	13219	-88	867861	15751	-88	867875	14804	-89	867820	
-1784	16442	2334	16656	-93	867910	13172	-87	867923	15737	-89	867936	14747	-90	867950	
-1572	16025	4323	16660	-93	867977	13200	-87	867990	15732	-89	868004	14691	-90	868017	
-901	15683	5528	16679	-92	868045	13224	-87	868059	15690	-91	868072	14649	-89	868086	
Err	Err	Err	16703	-93	868112	13200	-87	868126	15699	-90	868139	14649	-89	868086	
-1253	15895	4839	16689	-93	868175	13172	-87	868189	15718	-91	868202	14663	-88	868215	
-1720	15000	6797	16646	-93	868244	13195	-88	868257	15751	-92	868271	14593	-89	868284	
-727	14936	7168	16707	-93	868312	13238	-86	868326	15704	-93	868339	14597	-89	868353	
-996	15671	5463	16613	-94	868379	13238	-86	868392	15653	-92	868406	14630	-90	868419	
-536	16439	3078	16660	-95	868447	13224	-87	868460	15634	-92	868474	14714	-93	868487	
-323	16623	1903	16618	-95	868514	13224	-88	868528	15582	-93	868541	14724	-94	868555	
29	16298	3776	16665	-93	868582	13252	-86	868596	15592	-94	868609	14691	-94	868623	
-693	15714	5533	16660	-91	868649	13289	-86	868663	15671	-93	868676	14668	-91	868690	
-11550	9953	-1686	16660	-91	868649	13224	-86	868730	15760	-91	868743	14672	-92	868757	
-2238	15216	6215	16628	-94	868788	13252	-86	868801	15798	-89	868815	14654	-91	868828	
-2784	15683	4641	16557	-95	868856	13224	-89	868869	15779	-90	868883	14677	-92	868896	
Err	Err	Err	16538	-94	868925	13224	-89	868869	15732	-92	868945	14691	-92	868959	
-2875	16064	-2804	16463	-96	868988	13181	-90	869002	15695	-93	869015	14841	-92	869029	
-1881	16557	1339	16548	-92	869055	13327	-88	869068	15695	-93	869082	14799	-94	869096	
-1516	16625	-663	16595	-91	869122	13210	-89	869136	15671	-93	869149	14818	-93	869163	
-377	16610	2263	16674	-94	869188	13261	-87	869202	15638	-92	869215	14761	-95	869229	
-55	16752	-1122	16674	-95	869256	13270	-88	869270	15610	-95	869283	14860	-96	869297	
-572	16732	732	16656	-95	869322	13210	-90	869335	15629	-94	869349	14780	-96	869362	
-669	16695	-521	16665	-97	869389	13111	-91	869402	15620	-93	869416	14780	-93	869429	
-1282	16581	-514	16576	-96	869456	13064	-91	869470	15601	-93	869483	14729	-93	869497	
-711	16326	-3163	16595	-95	869526	13125	-91	869539	15578	-94	869553	14836	-92	869566	
-979	16504	-2091	16613	-96	869594	13102	-91	869608	15610	-92	869622	14808	-92	869635	
-1960	16412	-1711	16590	-96	869663	13050	-92	869677	15676	-90	869691	14790	-93	869705	
-1907	16529	-40	16590	-97	869733	13059	-93	869747	15671	-90	869760	14738	-93	869774	
-1545	16214	-3236	16581	-96	869801	13078	-92	869814	15638	-91	869828	14836	-93	869841	
-1700	15863	-4292	16548	-97	869867	12998	-91	869881	15615	-93	869895	14827	-91	869908	
-1483	15652	-4916	16529	-96	869941	12961	-90	869954	15573	-93	869968	14818	-93	869982	
-1028	16541	-1383	16604	-95	870010	13017	-92	870023	15587	-90	870037	14743	-94	870050	
-1077	16522	-1764	16632	-94	870077	13045	-92	870091	15620	-90	870104	14785	-94	870118	
-940	16336	-2962	16651	-94	870143	13013	-90	870156	15615	-91	870170	14818	-93	870184	
-1240	16045	-4017	16646	-94	870210	12984	-90	870224	15638	-92	870238	14851	-92	870251	
-1242	16234	-3421	16660	-94	870277	13050	-91	870290	15662	-92	870304	14865	-92	870317	
-1068	16272	-3360	16670	-94	870345	13055	-92	870358	15653	-91	870372	14865	-92	870385	
-802	16434	-2736	16670	-94	870412	13092	-92	870426	15634	-92	870440	14851	-91	870454	
-920	16273	-3183	16613	-95	870481	13022	-93	870495	15587	-91	870509	14808	-92	870522	
-2324	16451	-38	16534	-96	870549	13097	-94	870562	15676	-90	870576	14738	-93	870590	
-1303	16569	1470	16651	-94	870616	13092	-92	870630	15667	-90	870643	14719	-94	870657	
-806	16595	-1847	16679	-94	870683	13125	-91	870697	15648	-91	870710	14841	-94	870724	
-621	16717	-446	16674	-93	870753	13139	-91	870766	15629	-93	870780	14794	-93	870793	
-689	16719	-372	16684	-94	870819	13139	-90	870833	15643	-93	870846	14799	-94	870860	
-865	16653	-1212	16651	-94	870888	13149	-90	870902	15638	-92	870915	14818	-94	870929	
-1677	15381	-5824	16590	-95	870955	13102	-92	870969	15676	-90	870983	14954	-93	870996	
-1434	13850	-8604	16581	-96	871023	13092	-94	871036	15667	-90	871050	15076	-92	871063	
-2300	15973	-3714	16552	-96	871085	13064	-94	871098	15690	-93	871112	14855	-93	871125	
-970	16298	-3194	16595	-95	871153	13116	-92	871167	15601	-94	871181	14841	-95	871194	
-1030	16505	-2211	16628	-95	871220	13134	-93	871233	15634	-94	871247	14836	-95	871261	
-1044	16670	-570	16660	-95	871286	13130	-91	871300	15657	-95	871313	14799	-94	871327	
-318	16559	-2285	16698	-94	871353	13125	-92	871367	15615	-96	871381	14851	-92	871394	
-169	16375	-3236	16665	-94	871421	13144	-92	871434	15582	-97	871447	14869	-91	871461	
-358	16055	-4319	16637	-95	871486	13111	-93	871500	15573	-94	871513	14883	-91	871527	
-1065	16266	-3301	16618	-95	871554	13083	-94	871568	15620	-93	871581	14846	-92	871595	
-1311	16447	-2038	16571	-96	871623	13083	-94	871636	15606	-94	871650	14785	-92	871663	
-701	16596	-1391	16599	-96	871691	13125	-93	871704	15578	-93	871718	14780	-91	871731	
-1171	16486	-1777	16562	-96	871760	13069	-93	871773	15582	-93	871787	14761	-93	871800	
-1017	16555	-1515	16618	-96	871828	13073	-93	871841	15610	-93	871855	14780	-93	871868	
-881	16677	547	16660	-95	871895	13116	-92	871909	15638	-94	871922	14752	-94	871936	
-332	16647	1943	16693	-94	871963	13224	-90	871976	15638	-96	871990	14761	-95	872003	
-220	16719	-870	16693	-94	872029	13144	-90	872043	15606	-94	872056	14808	-94	872070	
-586	16662	1566	16679	-95	872096	13191	-90	872110	15643	-94	872123	14757	-94	872137	
-307	16734	961	16712	-93	872163	13181	-89	872176	15638	-93	872189	14780	-95	872203	
-328	16670	1720	16717	-93	872228	13177	-90	872242	15643	-95	872255	14757	-95	872269	
-604	16643	-1427	16660	-94	872297	13149	-90	872311	15620	-96	872324	14822	-95	872338	
-683	16607	1981	16689	-94	872365	13163	-90	872379	15653	-95	872392	14738	-95	872406	
-808	16634	1642	16684	-94	872432	13167	-88	872446	15662	-94	872459	14752	-96	872473	
-805	16598	2230	16707	-93	872500	13210	-88	872513	15690	-95	872527	14766	-96	872541	
-628	16322	3649	16689	-93	872568	13247	-88	872582	15671	-95	872595	14724	-96	872609	
-683	16616	2254	16717	-91	872636	13247	-88	872649	15695	-95	872663	14785	-96	872676	
-590	16740	1224	16749	-93	872704	13191	-89	872718	15695	-96	872731	14804	-95	872745	
-992	16601	2173	16726	-94	872773	13214	-89	872787	15723	-95	872800	14785	-95	872814	
-671	16759	1063	16735	-93	872841	13238	-88	872854	15704	-94	872868	14827	-94	872881	
-1554	16229	3850	16707	-93	872907	13289	-87	872921	15784	-94	872935	14775	-94	872949	
-1169	16599	2429	16787	-92	872975	13242	-87	872988	15793	-93	873002	14827	-93	873015	
-611	16775	975	16698	-93	873045	13294	-87	873058	15685	-94	873072	14836	-93	873085	
45	16632	-2094	16693	-93	873115	13219	-90	873128	15601	-96	873142	14874	-94	873155	
-1243	16668	1203	16689	-91	873181	13214	-89	873195	15718	-92	873208	14804	-93	873222	
-850	16742	557	16703	-92	873249	13210	-88	873263	15690	-92	873277	14818	-92	873290	
-1476	16482	2455	16656	-91	873315	13219	-87	873329	15718	-92	873342	14757	-92	873356	
-1299	16266	3680	16660	-91	873382	13266	-87	873396	15718	-94	873409	14738	-92	873424	
-1157	16323	3555	16674	-91	873451	13280	-86	873464	15718	-93	873478	14752	-93	873491	
-2045	16146	3685	16623	-92	873518	13242	-88	873532	15756	-92	873545	14729	-93	873559	
-2438	16144	3403	16618	-93	873588	13242	-89	873601	15789	-93	873615	14747	-94	873628	
-2230	16332	2606	16595	-93	873656	13256	-88	873670	15751	-93	873684	14761	-92	873697	
-3039	16355	673	16548	-93	873723	13195	-88	873737	15775	-93	873750	14790	-92	873764	
Err	Err	Err	16642	-92	873791	13205	-88	873805	15676	-94	873818	14790	-92	873764	
-2041	16597	758	16674	-91	873854	13200	-87	873867	15779	-94	873881	14827	-93	873894	
-979	16676	1816	16764	-90	873920	13219	-86	873933	15751	-94	873947	14818	-91	873960	
188	16762	-1023	16721	-90	873987	13228	-86	874001	15610	-95	874014	14855	-90	874028	
171	16656	2068	16778	-93	874058	13158	-88	874073	15634	-94	874086	14752	-94	874100	
346	16627	1975	16735	-92	874128	13130	-89	874143	15578	-95	874156	14714	-94	874170	
-949	16408	2701	16595	-96	874196	13149	-94	874210	15606	-92	874223	14668	-94	874237	
-177	15482	5986	16660	-95	874265	13177	-93	874278	15592	-91	874292	14574	-94	874306	
705	16700	570	16698	-95	874332	13097	-93	874346	15507	-94	874359	14714	-95	874373	
-1153	15677	-5041	16590	-97	874401	12947	-93	874415	15582	-91	874428	14841	-93	874442	
-262	16486	-2434	16656	-95	874468	13064	-94	874482	15563	-93	874495	14804	-93	874509	
-1109	16349	2843	16613	-96	874536	13064	-92	874549	15615	-92	874563	14635	-94	874576	
-408	16595	-1505	16689	-96	874604	12989	-93	874618	15582	-92	874631	14761	-93	874645	
-901	16588	1424	16656	-95	874671	13003	-91	874684	15610	-92	874698	14668	-94	874711	
-665	16638	441	16660	-96	874738	12994	-92	874751	15587	-92	874765	14691	-94	874778	
-521	16261	-3364	16665	-96	874804	12970	-93	874818	15573	-93	874831	14808	-95	874845	
169	16194	-3756	16656	-95	874872	13031	-90	874885	15512	-95	874899	14822	-95	874912	
757	16690	-942	16703	-94	874940	13120	-89	874954	15512	-95	874967	14775	-94	874981	
1261	16627	-1506	16707	-93	875007	13149	-91	875020	15474	-96	875034	14794	-94	875047	
100	16556	-1830	16637	-94	875072	13041	-92	875086	15507	-95	875100	14752	-94	875113	
288	16640	-1438	16703	-95	875139	13055	-92	875153	15540	-95	875167	14775	-95	875180	
-7	16683	475	16646	-94	875206	13083	-92	875220	15535	-94	875233	14705	-95	875247	
302	16673	1577	16731	-94	875275	13125	-92	875288	15578	-94	875302	14724	-95	875315	
29	16706	803	16684	-94	875343	13116	-93	875357	15568	-93	875370	14729	-95	875384	
383	16581	2285	16735	-94	875412	13125	-93	875425	15573	-94	875439	14700	-96	875453	
Err	Err	Err	16689	-94	875481	13139	-92	875494	15563	-93	875508	14700	-96	875453	
500	16693	1375	16726	-93	875541	13139	-92	875555	15559	-93	875569	14729	-97	875582	
-139	16690	1164	16693	-94	875611	13120	-93	875624	15592	-93	875638	14729	-96	875651	
-285	16638	-1320	16698	-94	875678	13031	-93	875691	15587	-93	875705	14775	-96	875718	
535	16563	2351	16735	-95	875745	13111	-93	875759	15554	-92	875772	14686	-95	875786	
-138	16099	4202	16689	-94	875813	13050	-94	875826	15573	-92	875840	14588	-94	875853	
151	15950	4681	16712	-95	875880	13045	-94	875894	15559	-92	875907	14569	-94	875921	
-541	15949	4558	16646	-96	875947	13045	-94	875961	15582	-92	875974	14564	-94	875988	
-718	16327	3056	16642	-96	876016	13017	-95	876030	15587	-92	876043	14607	-94	876057	
-910	16348	2820	16628	-96	876084	13003	-95	876097	15592	-92	876111	14607	-94	876124	
-1044	16466	2062	16651	-96	876153	12975	-95	876166	15615	-92	876180	14635	-93	876193	
-1058	16448	2141	16618	-96	876221	12994	-95	876234	15596	-92	876248	14625	-94	876262	
Err	Err	Err	16613	-96	876289	12975	-95	876302	15634	-91	876316	14625	-94	876262	
-996	16254	3381	16670	-97	876353	13022	-94	876367	15638	-92	876381	14621	-94	876394	
-1129	16314	3109	16656	-96	876422	13055	-93	876435	15648	-92	876449	14644	-95	876462	
-934	16458	2505	16679	-95	876488	13069	-93	876502	15648	-92	876515	14677	-95	876529	
-305	16670	1072	16698	-95	876555	13059	-92	876568	15596	-92	876582	14710	-95	876596	
-424	16570	2045	16707	-94	876622	13059	-92	876635	15615	-92	876649	14686	-95	876662	
-714	16645	1023	16679	-95	876690	13050	-92	876703	15620	-93	876717	14710	-95	876730	
-782	16578	-1627	16674	-95	876756	13036	-93	876770	15620	-93	876783	14790	-94	876797	
-1208	16394	-2578	16660	-95	876827	13013	-93	876841	15648	-93	876854	14818	-95	876868	
Percentuale di fallimenti nel positioning: 5.2%
