Distanza: 25000.0
X [mm]	Y [mm]	Z [mm]	A0 	 RSS 	 Time 	 A1 	 RSS 	 Time 	 A2 	 RSS 	 Time 	 A3 	 RSS 	 Time 	 
781	24486	-9534	26359	-98	954612	22828	-94	954626	25182	-99	954639	24629	-93	954655	
3263	24168	-9824	26458	-97	954684	22799	-93	954697	25074	-98	954711	24629	-91	954724	
2604	24329	-9620	26359	-97	954751	22846	-93	954764	25070	-99	954778	24605	-93	954791	
2890	23956	-10415	26388	-96	954816	22823	-92	954829	25060	-100	954844	24624	-91	954857	
Err	Err	Err	26369	-96	954884	22818	-91	954897	25060	-100	954844	24633	-93	954918	
Err	Err	Err	26327	-97	954949	22832	-93	954963	25060	-100	954844	24586	-93	954984	
Err	Err	Err	26317	-98	955013	22832	-93	955026	25060	-100	954844	24582	-94	955047	
Err	Err	Err	26313	-98	955076	22809	-94	955089	25060	-100	954844	24591	-94	955111	
Err	Err	Err	26341	-98	955138	22781	-93	955153	25060	-100	954844	24530	-95	955174	
-1071	25520	-6048	26186	-99	955203	22767	-94	955216	25154	-100	955230	24465	-96	955244	
Err	Err	Err	26186	-99	955203	22799	-96	955279	25154	-100	955230	24488	-96	955300	
-20943	12149	-4047	26186	-99	955203	22701	-96	955336	25206	-99	955349	24460	-96	955363	
-21413	11130	-3993	26186	-99	955203	22720	-96	955404	25234	-98	955418	24479	-96	955433	
-21316	11524	-3890	26186	-99	955203	22720	-95	955476	25281	-99	955490	24502	-96	955503	
-21060	11960	-4231	26186	-99	955203	22734	-96	955540	25220	-100	955554	24568	-95	955567	
-21046	11904	-4378	26186	-99	955203	22738	-95	955614	25182	-100	955628	24586	-95	955642	
-22338	8335	-4284	26186	-99	955203	22851	-96	955682	25182	-100	955696	24568	-95	955709	
-21370	11106	-4297	26186	-99	955203	22785	-96	955746	25163	-99	955760	24511	-96	955773	
-20744	12596	-4170	26186	-99	955203	22753	-96	955821	25182	-98	955835	24465	-97	955848	
-5147	25511	-3224	26162	-98	955880	22743	-95	955893	25370	-97	955907	24460	-96	955920	
-5199	24825	-6376	26134	-98	955946	22720	-94	955959	25356	-97	955973	24502	-96	955986	
-4326	25717	-2985	26191	-98	956012	22743	-94	956025	25342	-97	956039	24455	-96	956052	
-21426	11324	-3665	26191	-98	956012	22753	-94	956093	25281	-99	956107	24427	-97	956120	
-21154	11861	-3803	26191	-98	956012	22767	-94	956159	25234	-99	956173	24432	-97	956186	
-2886	26087	-1627	26214	-100	956219	22781	-96	956232	25281	-100	956246	24432	-97	956260	
-2417	26094	-2177	26209	-101	956287	22753	-96	956301	25243	-99	956314	24418	-97	956328	
Err	Err	Err	26191	-100	956354	22729	-97	956368	25370	-98	956381	24418	-97	956328	
-4327	25510	-4119	26139	-100	956415	22743	-96	956429	25304	-98	956442	24450	-96	956456	
-23167	4803	-3622	26139	-100	956415	22748	-96	956491	25482	-97	956505	24549	-96	956518	
-5907	25386	-3117	26186	-100	956550	22790	-96	956563	25445	-97	956577	24507	-96	956591	
-2117	25962	-3832	26280	-104	956617	22776	-95	956631	25285	-98	956644	24493	-97	956658	
-2067	26109	-2712	26275	-100	956686	22790	-94	956700	25281	-99	956713	24474	-96	956727	
828	25863	-4939	26284	-99	956752	22837	-93	956765	25131	-100	956779	24493	-96	956792	
1424	25107	-7684	26289	-99	956820	22823	-93	956833	25093	-101	956847	24535	-95	956860	
Err	Err	Err	26266	-98	956887	22860	-91	956901	25093	-101	956847	24563	-95	956922	
-22231	8567	-4541	26266	-98	956887	22865	-92	956957	25145	-99	956971	24615	-93	956984	
-3479	23882	-10159	26214	-97	957017	22837	-92	957030	25351	-97	957044	24652	-93	957057	
-3643	24139	-9408	26158	-98	957084	22828	-92	957097	25313	-96	957111	24601	-95	957124	
-6293	24693	-5885	26134	-98	957150	22757	-94	957163	25431	-96	957177	24530	-97	957190	
-4836	25726	-2038	26162	-100	957218	22776	-95	957231	25356	-96	957245	24446	-98	957258	
Err	Err	Err	26125	-99	957285	22753	-95	957299	25356	-96	957245	24385	-97	957319	
-4913	25743	-932	26125	-99	957348	22738	-95	957361	25323	-96	957375	24389	-98	957388	
-6681	25210	1863	26069	-99	957415	22743	-96	957429	25389	-96	957442	24343	-98	957456	
Err	Err	Err	26214	-99	957482	22743	-96	957429	25337	-96	957502	24375	-97	957516	
-6012	25327	2894	26139	-99	957543	22753	-95	957556	25407	-96	957570	24352	-97	957583	
-4929	25734	-827	26130	-99	957611	22757	-96	957625	25332	-96	957638	24399	-97	957652	
-4264	25897	-1079	26214	-99	957677	22729	-95	957691	25351	-97	957704	24422	-97	957718	
-4841	25663	2707	26167	-99	957743	22771	-95	957757	25360	-96	957771	24357	-97	957784	
-21387	11514	-3511	26167	-99	957743	22753	-95	957825	25346	-96	957838	24418	-97	957852	
-5903	25387	2606	26186	-98	957881	22668	-97	957895	25421	-95	957908	24338	-97	957922	
-4625	25825	-1166	26237	-98	957948	22696	-95	957961	25384	-95	957975	24427	-97	957988	
-23136	4521	-3760	26237	-98	957948	22729	-94	958030	25435	-95	958043	24511	-96	958057	
-4862	25313	-4934	26219	-99	958088	22753	-94	958101	25403	-95	958115	24525	-95	958128	
-6836	24379	-6365	26106	-100	958154	22720	-93	958168	25440	-95	958181	24521	-95	958195	
-5978	25389	-2919	26205	-99	958222	22762	-94	958237	25459	-96	958250	24502	-96	958264	
-4906	25300	-4838	26233	-98	958290	22687	-94	958304	25403	-95	958317	24502	-96	958331	
-5819	25216	-4020	26195	-99	958357	22668	-94	958370	25426	-96	958384	24474	-96	958397	
-7197	24400	-5876	26144	-99	958423	22654	-94	958437	25482	-96	958450	24511	-96	958464	
-5449	25264	-4321	26144	-100	958491	22753	-94	958505	25379	-95	958518	24483	-95	958532	
-5846	24940	-5451	26144	-99	958560	22776	-94	958574	25412	-95	958587	24525	-96	958601	
-5850	25288	-3539	26162	-99	958628	22729	-94	958641	25412	-96	958656	24474	-97	958670	
-5445	25631	-1071	26172	-99	958696	22720	-94	958710	25389	-96	958723	24418	-97	958737	
-5698	25586	591	26186	-99	958764	22701	-94	958778	25412	-97	958791	24389	-98	958806	
-3857	25976	-235	26237	-99	958834	22677	-94	958847	25332	-96	958861	24385	-98	958875	
-3583	25934	2131	26223	-99	958902	22710	-94	958916	25313	-97	958929	24343	-98	958943	
-1448	25818	5043	26373	-98	958969	22720	-95	958983	25299	-98	958996	24324	-97	959010	
-3221	26101	-142	26237	-98	959036	22724	-95	959049	25304	-99	959063	24394	-96	959076	
-770	26237	-2061	26294	-98	959105	22729	-95	959118	25201	-98	959132	24418	-96	959145	
-1102	26398	50	26406	-98	959171	22771	-94	959185	25313	-99	959199	24460	-95	959212	
Err	Err	Err	26280	-98	959239	22785	-94	959252	25313	-99	959199	24521	-95	959280	
Err	Err	Err	26355	-99	959309	22809	-94	959323	25313	-99	959199	24535	-94	959345	
Err	Err	Err	26331	-99	959372	22762	-93	959386	25313	-99	959199	24572	-94	959407	
Err	Err	Err	26359	-98	959436	22790	-94	959450	25313	-99	959199	24558	-94	959471	
Err	Err	Err	26364	-98	959498	22813	-94	959511	25313	-99	959199	24577	-94	959532	
Err	Err	Err	26350	-99	959561	22790	-94	959574	25313	-99	959199	24572	-94	959595	
Err	Err	Err	26364	-99	959622	22790	-94	959635	25313	-99	959199	24535	-94	959656	
Err	Err	Err	26266	-99	959684	22799	-94	959698	25313	-99	959199	24568	-94	959719	
Err	Err	Err	26322	-100	959748	22813	-94	959762	25313	-99	959199	24563	-95	959783	
Err	Err	Err	26270	-101	959813	22781	-94	959826	25313	-99	959199	24558	-95	959854	
Err	Err	Err	26252	-100	959881	22785	-94	959895	25313	-99	959199	24582	-95	959916	
Err	Err	Err	26233	-101	959945	22771	-94	959958	25313	-99	959199	24544	-95	959980	
Err	Err	Err	26223	-100	960007	22734	-94	960020	25313	-99	959199	24516	-95	960048	
Err	Err	Err	26266	-102	960076	22771	-94	960089	25313	-99	959199	24535	-96	960117	
Err	Err	Err	26233	-101	960144	22762	-94	960158	25313	-99	959199	24493	-96	960179	
Err	Err	Err	26252	-100	960208	22776	-93	960222	25313	-99	959199	24507	-95	960243	
Err	Err	Err	26252	-100	960208	22809	-93	960285	25313	-99	959199	24474	-96	960306	
Err	Err	Err	26209	-100	960329	22724	-93	960342	25313	-99	959199	24535	-96	960363	
Err	Err	Err	26214	-100	960392	22734	-93	960406	25313	-99	959199	24497	-96	960427	
Err	Err	Err	26256	-100	960454	22753	-93	960467	25313	-99	959199	24507	-96	960488	
Err	Err	Err	26317	-101	960514	22781	-93	960528	25313	-99	959199	24544	-96	960549	
Err	Err	Err	26317	-101	960514	22790	-93	960592	25313	-99	959199	24530	-96	960613	
Err	Err	Err	26317	-101	960514	22753	-93	960650	25313	-99	959199	24525	-95	960671	
Err	Err	Err	26270	-100	960694	22743	-93	960707	25313	-99	959199	24525	-95	960671	
Err	Err	Err	26331	-100	960745	22781	-93	960758	25313	-99	959199	24507	-95	960779	
Err	Err	Err	26327	-100	960808	22813	-93	960821	25313	-99	959199	24521	-95	960843	
Err	Err	Err	26317	-100	960871	22809	-93	960884	25313	-99	959199	24507	-94	960905	
Err	Err	Err	26289	-99	960931	22785	-93	960944	25313	-99	959199	24535	-94	960966	
Err	Err	Err	26280	-99	960995	22818	-93	961009	25313	-99	959199	24535	-94	961030	
Err	Err	Err	26252	-100	961059	22776	-93	961073	25313	-99	959199	24530	-94	961094	
Err	Err	Err	26284	-100	961122	22809	-93	961136	25313	-99	959199	24577	-94	961157	
Err	Err	Err	26275	-101	961186	22785	-93	961199	25313	-99	959199	24577	-94	961220	
Err	Err	Err	26275	-101	961186	22795	-93	961263	25313	-99	959199	24577	-94	961284	
Err	Err	Err	26303	-100	961305	22813	-93	961318	25313	-99	959199	24530	-94	961339	
Err	Err	Err	26289	-99	961368	22813	-93	961381	25313	-99	959199	24493	-94	961403	
Err	Err	Err	26294	-100	961430	22790	-93	961443	25313	-99	959199	24535	-94	961471	
127	25121	-7765	26336	-100	961500	22743	-93	961514	25182	-100	961527	24549	-94	961541	
-1841	25662	-5415	26223	-100	961569	22813	-94	961583	25238	-99	961596	24507	-95	961610	
Err	Err	Err	26252	-100	961638	22720	-93	961651	25238	-99	961596	24525	-94	961679	
-1934	25150	-7329	26247	-99	961706	22804	-94	961719	25262	-100	961733	24558	-94	961746	
-113	25823	-5342	26322	-99	961773	22842	-93	961787	25215	-101	961800	24540	-94	961814	
-21636	10640	-4177	26322	-99	961773	22771	-93	961856	25234	-100	961870	24563	-95	961883	
-2677	25286	-6557	26242	-99	961914	22776	-93	961928	25295	-100	961941	24540	-94	961955	
-1366	25766	-5136	26284	-99	961984	22753	-93	961997	25238	-99	962011	24497	-94	962024	
-921	25777	-5260	26327	-99	962052	22738	-93	962066	25238	-100	962079	24507	-94	962093	
Err	Err	Err	26275	-99	962121	22790	-93	962134	25238	-100	962079	24502	-94	962157	
Err	Err	Err	26275	-99	962121	22738	-93	962199	25238	-100	962079	24483	-94	962220	
Err	Err	Err	26331	-99	962243	22767	-93	962257	25238	-100	962079	24525	-94	962278	
Err	Err	Err	26275	-99	962304	22720	-93	962318	25238	-100	962079	24516	-94	962339	
Err	Err	Err	26247	-100	962367	22781	-93	962380	25238	-100	962079	24582	-93	962402	
Err	Err	Err	26317	-100	962430	22781	-93	962443	25238	-100	962079	24563	-94	962464	
Err	Err	Err	26298	-100	962493	22785	-93	962507	25238	-100	962079	24568	-93	962528	
Err	Err	Err	26350	-100	962556	22799	-93	962569	25238	-100	962079	24577	-94	962591	
Err	Err	Err	26266	-100	962619	22804	-93	962632	25238	-100	962079	24554	-94	962660	
-705	24220	-10047	26284	-100	962688	22828	-93	962702	25224	-101	962715	24629	-94	962729	
-973	24818	-8582	26322	-99	962754	22795	-93	962768	25257	-103	962781	24605	-93	962795	
-21449	11141	-4095	26322	-99	962754	22771	-93	962838	25234	-102	962852	24540	-94	962865	
Err	Err	Err	26280	-99	962895	22795	-92	962909	25234	-102	962852	24591	-93	962930	
-1612	24781	-8487	26284	-100	962958	22767	-93	962971	25262	-99	962985	24582	-93	962998	
-2449	25147	-7286	26289	-99	963024	22818	-93	963038	25328	-98	963051	24596	-93	963065	
-23089	3642	-4208	26289	-99	963024	22781	-93	963100	25323	-98	963114	24586	-93	963127	
-3117	24871	-7786	26275	-100	963157	22757	-93	963171	25346	-98	963184	24586	-94	963198	
-23203	1976	-3751	26275	-100	963157	22795	-93	963237	25379	-97	963251	24530	-94	963264	
-3539	25276	-6175	26284	-100	963295	22715	-93	963308	25365	-96	963322	24544	-94	963335	
-2883	25187	-6939	26289	-100	963362	22785	-94	963376	25346	-97	963389	24582	-94	963403	
-2615	25356	-6414	26280	-100	963432	22771	-94	963446	25318	-97	963459	24554	-94	963472	
-22925	5849	-4017	26280	-100	963432	22790	-94	963507	25337	-97	963520	24544	-95	963534	
-3183	25292	-6316	26242	-100	963564	22724	-93	963577	25313	-97	963591	24521	-95	963604	
-2114	25442	-6232	26308	-99	963632	22776	-93	963646	25309	-97	963659	24558	-95	963673	
-2187	25427	-6518	26327	-100	963699	22832	-93	963713	25342	-97	963726	24601	-94	963740	
-2936	25017	-7368	26242	-100	963767	22776	-94	963781	25313	-98	963794	24563	-95	963808	
-2515	25117	-7235	26247	-99	963835	22795	-94	963849	25295	-98	963863	24563	-95	963876	
-1189	25248	-7246	26313	-99	963905	22813	-93	963918	25267	-98	963932	24582	-95	963945	
-117	25664	-5972	26359	-100	963972	22781	-94	963985	25224	-99	963999	24544	-95	964012	
-22431	8101	-4184	26359	-100	963972	22771	-94	964048	25276	-99	964062	24582	-95	964075	
36	25569	-6291	26350	-99	964108	22804	-94	964121	25215	-99	964135	24554	-95	964148	
-1851	25704	-5325	26289	-100	964177	22771	-94	964190	25276	-99	964204	24521	-95	964218	
-2138	24465	-9262	26327	-99	964244	22762	-95	964257	25328	-99	964271	24633	-95	964284	
-262	25729	-5680	26345	-99	964311	22785	-94	964324	25224	-99	964338	24535	-95	964351	
-22062	9425	-4037	26345	-99	964311	22762	-95	964384	25267	-100	964398	24544	-95	964411	
-2100	25729	-5064	26252	-99	964442	22785	-94	964455	25267	-99	964469	24507	-95	964482	
-2054	25093	-7515	26266	-100	964509	22809	-94	964523	25285	-101	964536	24577	-95	964550	
-2038	25377	-6448	26280	-100	964576	22710	-94	964590	25267	-104	964603	24516	-96	964617	
-1006	25339	-6915	26289	-100	964644	22762	-94	964658	25224	-102	964671	24535	-95	964685	
-2763	25784	-4455	26289	-100	964714	22762	-94	964728	25328	-100	964741	24516	-95	964754	
-1705	25684	-5513	26313	-101	964781	22771	-94	964794	25285	-99	964808	24535	-95	964821	
-22261	8951	-3791	26313	-101	964781	22767	-94	964864	25337	-99	964877	24497	-95	964891	
-897	24619	-9055	26298	-100	964921	22771	-94	964935	25229	-99	964948	24591	-95	964962	
-134	24648	-8987	26275	-99	964989	22753	-93	965003	25159	-101	965016	24554	-95	965030	
Err	Err	Err	26313	-99	965055	22790	-94	965069	25159	-101	965016	24572	-95	965090	
Err	Err	Err	26289	-99	965121	22757	-93	965134	25159	-101	965016	24507	-94	965156	
Err	Err	Err	26331	-99	965182	22823	-93	965196	25159	-101	965016	24525	-94	965224	
Err	Err	Err	26336	-98	965252	22785	-93	965266	25159	-101	965016	24572	-95	965287	
Err	Err	Err	26350	-98	965316	22771	-93	965329	25159	-101	965016	24596	-95	965351	
Err	Err	Err	26369	-98	965380	22762	-93	965393	25159	-101	965016	24535	-95	965415	
Err	Err	Err	26313	-98	965442	22795	-94	965456	25159	-101	965016	24507	-95	965477	
Err	Err	Err	26345	-98	965506	22748	-93	965520	25159	-101	965016	24511	-95	965547	
Err	Err	Err	26364	-98	965576	22809	-93	965589	25159	-101	965016	24502	-95	965610	
Err	Err	Err	26364	-98	965639	22738	-94	965653	25159	-101	965016	24493	-95	965674	
Err	Err	Err	26364	-98	965702	22743	-93	965716	25159	-101	965016	24511	-95	965737	
Err	Err	Err	26392	-97	965769	22743	-93	965716	25159	-101	965016	24502	-95	965797	
Err	Err	Err	26406	-97	965821	22743	-93	965835	25159	-101	965016	24544	-95	965856	
-472	25656	-6073	26383	-96	965884	22795	-93	965897	25267	-101	965912	24572	-96	965925	
-2423	26283	448	26378	-97	965952	22776	-93	965966	25374	-101	965979	24465	-95	965993	
-1289	26385	-609	26411	-97	966019	22771	-93	966032	25328	-101	966046	24479	-95	966059	
-2146	26150	-2814	26411	-97	966086	22781	-93	966100	25384	-101	966113	24544	-95	966127	
-1830	25662	-5619	26359	-97	966154	22738	-94	966168	25318	-100	966181	24549	-95	966195	
-2602	26223	-1589	26383	-96	966222	22776	-93	966236	25389	-100	966249	24511	-95	966263	
-2368	26022	-3401	26369	-97	966291	22753	-93	966305	25360	-100	966318	24525	-95	966332	
Err	Err	Err	26364	-97	966361	22771	-93	966375	25360	-100	966318	24549	-95	966402	
-1894	25513	-6138	26350	-98	966446	22710	-93	966461	25309	-100	966474	24544	-95	966488	
-3182	26020	-2810	26359	-97	966514	22757	-93	966527	25403	-99	966541	24525	-95	966554	
-1846	25597	-5947	26317	-97	966581	22832	-94	966595	25313	-100	966608	24577	-94	966622	
-1979	25845	-4759	26350	-98	966650	22771	-93	966664	25328	-100	966677	24544	-95	966691	
-2770	25576	-5512	26341	-99	966716	22724	-94	966730	25360	-100	966743	24549	-94	966757	
-3476	25702	-4421	26303	-99	966783	22748	-93	966796	25379	-100	966810	24530	-94	966823	
-2924	25909	-3910	26327	-98	966850	22818	-94	966864	25379	-100	966877	24554	-95	966890	
-3065	25340	-6306	26313	-98	966920	22748	-94	966933	25365	-99	966947	24568	-95	966960	
-2162	26303	-1410	26420	-98	966990	22790	-94	967003	25393	-99	967017	24525	-94	967030	
-3004	26108	-2372	26383	-98	967056	22767	-93	967070	25412	-99	967083	24530	-95	967097	
-1793	25560	-6192	26341	-98	967124	22795	-93	967139	25318	-98	967153	24577	-95	967166	
-2437	25807	-4923	26411	-97	967192	22776	-93	967206	25403	-98	967219	24591	-95	967233	
-3820	25988	-2700	26402	-96	967261	22809	-93	967274	25487	-98	967289	24582	-95	967303	
-3376	25797	-4247	26392	-96	967330	22748	-93	967344	25440	-98	967357	24572	-95	967371	
-3727	26125	215	26425	-96	967398	22724	-94	967411	25478	-98	967425	24493	-95	967438	
-3277	26191	41	26416	-96	967466	22734	-94	967479	25445	-98	967493	24488	-95	967506	
-3874	26053	205	26313	-97	967533	22748	-94	967547	25407	-99	967560	24450	-95	967574	
Err	Err	Err	26350	-97	967600	22790	-93	967613	25407	-99	967560	24375	-96	967641	
-5100	25707	2519	26303	-98	967670	22795	-93	967684	25487	-97	967697	24446	-95	967711	
-3667	25881	3183	26345	-96	967738	22748	-94	967752	25421	-98	967765	24404	-96	967779	
Err	Err	Err	26345	-98	967804	22781	-93	967817	25421	-98	967765	24394	-95	967838	
-3577	25356	6158	26378	-97	967866	22781	-93	967880	25454	-97	967893	24375	-95	967907	
-4444	25590	3848	26158	-98	967936	22799	-91	967949	25337	-101	967963	24338	-96	967976	
Err	Err	Err	26176	-99	968003	22757	-91	968016	25337	-101	967963	24338	-96	968044	
Err	Err	Err	26252	-99	968071	22809	-92	968085	25337	-101	967963	24347	-96	968113	
Err	Err	Err	26219	-99	968141	22781	-93	968154	25337	-101	967963	24357	-97	968175	
-4715	25561	3965	26228	-99	968204	22818	-93	968218	25412	-98	968231	24385	-96	968245	
-3006	26173	100	26270	-98	968272	22832	-93	968285	25342	-98	968299	24455	-95	968312	
Err	Err	Err	26336	-98	968338	22804	-93	968351	25342	-98	968299	24558	-94	968372	
Err	Err	Err	26266	-98	968400	22767	-92	968413	25342	-98	968299	24525	-93	968435	
Err	Err	Err	26247	-99	968463	22767	-92	968413	25342	-98	968299	24572	-93	968491	
Err	Err	Err	26247	-99	968513	22776	-92	968526	25342	-98	968299	24540	-93	968547	
-3145	25163	-6712	26205	-99	968573	22771	-91	968587	25295	-103	968600	24530	-93	968614	
Err	Err	Err	26252	-99	968641	22790	-91	968655	25295	-103	968600	24497	-94	968676	
Err	Err	Err	26223	-99	968705	22790	-93	968719	25295	-103	968600	24540	-95	968746	
-4994	25571	-3360	26205	-101	968775	22785	-93	968789	25403	-99	968803	24502	-95	968816	
-4646	25872	-961	26228	-100	968844	22813	-91	968857	25403	-98	968871	24474	-95	968885	
-6027	25342	-3300	26233	-105	968913	22771	-93	968926	25487	-97	968940	24530	-95	968953	
-2164	26161	-2752	26317	-99	968980	22846	-92	968993	25332	-100	969007	24525	-95	969020	
-1733	26192	-2941	26341	-99	969049	22860	-91	969062	25328	-99	969076	24540	-95	969089	
-2559	25300	-6788	26322	-100	969115	22809	-92	969129	25356	-96	969142	24601	-95	969156	
-6456	25242	-3324	26256	-100	969183	22776	-93	969197	25534	-96	969210	24554	-95	969224	
-5924	25613	-1374	26280	-99	969250	22846	-93	969263	25529	-96	969277	24549	-95	969290	
-7686	24690	-4036	26195	-99	969319	22767	-93	969332	25567	-96	969346	24558	-95	969359	
-5487	25686	-1588	26275	-99	969388	22790	-93	969401	25487	-97	969415	24516	-94	969428	
-4475	25906	-2044	26345	-99	969455	22804	-93	969469	25482	-96	969482	24549	-94	969496	
-3056	26100	-2612	26392	-99	969524	22804	-93	969538	25431	-96	969551	24558	-95	969565	
-5154	25863	56	26336	-98	969592	22823	-94	969605	25520	-96	969619	24525	-95	969632	
-4458	25985	609	26341	-99	969660	22809	-93	969673	25478	-96	969687	24497	-95	969700	
-2810	26216	-1358	26336	-99	969729	22828	-93	969742	25379	-98	969756	24511	-95	969769	
Err	Err	Err	26317	-98	969797	22813	-91	969810	25379	-98	969756	24488	-96	969838	
Err	Err	Err	26294	-98	969869	22879	-92	969882	25379	-98	969756	24450	-97	969904	
Err	Err	Err	26327	-99	969932	22823	-93	969945	25379	-98	969756	24413	-97	969966	
Err	Err	Err	26252	-99	969995	22809	-93	970009	25379	-98	969756	24450	-97	970037	
Err	Err	Err	26266	-98	970065	22851	-93	970079	25379	-98	969756	24455	-97	970108	
-1607	26122	3414	26359	-98	970137	22818	-93	970150	25323	-100	970164	24404	-97	970177	
-2148	26233	1967	26280	-98	970206	22884	-92	970220	25313	-99	970233	24436	-96	970247	
-709	25931	-4499	26261	-98	970273	22823	-93	970286	25201	-99	970300	24493	-96	970313	
-1750	26345	-357	26289	-98	970339	22879	-92	970353	25295	-99	970366	24474	-97	970380	
-2150	25949	-3896	26261	-98	970407	22823	-92	970421	25285	-101	970434	24507	-99	970448	
-1856	26112	-2941	26270	-98	970476	22813	-92	970490	25271	-99	970503	24483	-97	970517	
-22508	7902	-4026	26270	-98	970476	22842	-91	970557	25271	-99	970570	24521	-96	970584	
-2010	26097	-3270	26294	-97	970617	22837	-90	970630	25304	-99	970643	24516	-95	970657	
-1122	25523	-6418	26322	-97	970683	22823	-91	970696	25271	-97	970710	24572	-95	970723	
-1491	25889	-4787	26313	-97	970752	22842	-92	970766	25290	-96	970779	24549	-94	970793	
-2624	25772	-4828	26327	-99	970821	22809	-94	970834	25360	-94	970848	24563	-95	970862	
-4385	25946	-1451	26228	-100	970888	22903	-93	970902	25407	-95	970915	24521	-95	970929	
-4007	26022	331	26205	-98	970956	22893	-93	970969	25365	-95	970983	24465	-95	970996	
-22347	8694	-3754	26205	-98	970956	22813	-92	971032	25337	-95	971046	24474	-95	971059	
-3577	26029	2266	26270	-97	971091	22865	-93	971105	25384	-96	971118	24441	-96	971132	
Err	Err	Err	26294	-98	971161	22813	-93	971174	25318	-95	971188	24441	-96	971132	
-3020	26126	-1335	26242	-98	971223	22795	-94	971237	25313	-96	971250	24450	-96	971264	
-3798	25960	-2216	26261	-98	971290	22837	-93	971304	25384	-96	971317	24511	-96	971331	
-1848	26261	1905	26313	-98	971359	22842	-93	971372	25309	-96	971386	24427	-97	971399	
-22246	9017	-3732	26313	-98	971359	22799	-93	971434	25323	-96	971448	24469	-97	971461	
-2937	26184	416	26261	-100	971494	22799	-94	971507	25323	-95	971521	24427	-95	971534	
-21627	10900	-3662	26261	-100	971494	22776	-95	971576	25323	-95	971590	24455	-95	971603	
-3080	26151	-1076	26317	-101	971634	22762	-95	971648	25365	-95	971661	24469	-95	971675	
-23103	3895	-4033	26317	-101	971634	22790	-95	971710	25374	-94	971724	24521	-95	971737	
-22053	9695	-3665	26317	-101	971634	22799	-95	971775	25346	-94	971789	24460	-96	971802	
-21445	11399	-3526	26317	-101	971634	22762	-95	971850	25360	-95	971864	24432	-97	971877	
-21339	11618	-3672	26317	-101	971634	22748	-95	971923	25346	-94	971936	24474	-96	971950	
-3962	26008	-1126	26266	-101	971981	22781	-95	971995	25384	-94	972009	24469	-96	972022	
-4162	25011	-6692	26205	-100	972051	22781	-94	972065	25360	-96	972079	24554	-96	972092	
-2321	25233	-6983	26289	-99	972119	22776	-93	972132	25309	-97	972146	24568	-94	972159	
-2468	25201	-7106	26303	-98	972185	22809	-92	972199	25337	-94	972212	24596	-92	972226	
Err	Err	Err	26313	-98	972252	22809	-92	972199	25370	-94	972272	24554	-94	972286	
-22865	6333	-3907	26313	-98	972252	22734	-94	972321	25393	-94	972335	24540	-93	972348	
Err	Err	Err	26120	-102	972381	22799	-94	972395	25393	-94	972335	24572	-94	972415	
-22934	5575	-4195	26120	-102	972381	22734	-94	972457	25332	-95	972470	24596	-94	972484	
-3679	25277	-5977	26247	-100	972516	22701	-95	972529	25342	-96	972543	24516	-95	972556	
-21178	11818	-3961	26247	-100	972516	22706	-94	972590	25276	-97	972604	24521	-95	972618	
-2451	25257	-6758	26270	-99	972650	22762	-92	972663	25299	-97	972678	24549	-95	972691	
-2895	24852	-7933	26289	-100	972718	22753	-93	972732	25342	-96	972745	24591	-94	972759	
-3246	25224	-6704	26294	-99	972785	22795	-93	972798	25374	-96	972812	24591	-94	972825	
-3215	25346	-5963	26209	-99	972853	22748	-92	972866	25295	-96	972880	24507	-94	972894	
-3284	25903	-3089	26200	-100	972921	22781	-93	972934	25295	-96	972948	24460	-95	972961	
-4637	25774	-1453	26148	-100	972991	22753	-94	973004	25328	-97	973018	24413	-96	973031	
-2543	25994	-2472	26134	-100	973059	22757	-93	973072	25196	-98	973086	24389	-95	973099	
Err	Err	Err	26134	-100	973059	22818	-92	973132	25196	-98	973086	24446	-95	973160	
-1690	25834	-4390	26148	-100	973182	22846	-92	973195	25182	-97	973209	24460	-96	973222	
-2296	26188	-2133	26256	-100	973250	22865	-92	973263	25299	-98	973277	24493	-95	973290	
-2354	25419	-6265	26261	-98	973318	22781	-91	973331	25290	-96	973345	24540	-94	973358	
-2255	25838	-4438	26298	-106	973385	22743	-93	973398	25299	-95	973411	24502	-95	973425	
-3904	24945	-6857	26116	-101	973451	22757	-94	973464	25271	-96	973478	24493	-95	973491	
-4704	25519	-3495	26101	-99	973518	22738	-94	973532	25295	-97	973547	24422	-97	973560	
-21238	11640	-3790	26101	-99	973518	22757	-94	973597	25257	-98	973610	24418	-97	973624	
-21059	12243	-3406	26101	-99	973518	22724	-94	973671	25337	-97	973684	24380	-97	973698	
-21276	11694	-3562	26101	-99	973518	22781	-92	973739	25313	-98	973753	24394	-96	973766	
Err	Err	Err	26247	-101	973800	22781	-92	973739	25328	-95	973820	24474	-95	973834	
-2180	25983	-3861	26350	-97	973861	22762	-91	973875	25337	-94	973888	24525	-95	973902	
-4012	26030	-413	26270	-100	973930	22795	-93	973944	25393	-95	973957	24465	-96	973971	
-22777	6912	-3782	26270	-100	973930	22795	-95	974006	25370	-95	974019	24479	-96	974033	
-21825	10427	-3563	26270	-100	973930	22823	-93	974071	25318	-96	974085	24418	-97	974098	
-20974	12432	-3423	26270	-100	973930	22809	-93	974141	25299	-99	974155	24338	-97	974169	
-21424	11390	-3640	26270	-100	973930	22818	-91	974208	25304	-98	974222	24432	-97	974235	
Err	Err	Err	26327	-99	974265	22809	-90	974279	25304	-98	974222	24521	-95	974299	
-22978	5382	-3959	26327	-99	974265	22795	-90	974342	25374	-94	974356	24521	-94	974369	
-22334	8872	-3441	26327	-99	974265	22781	-91	974408	25393	-96	974422	24404	-96	974435	
-2768	25827	-3869	26153	-100	974468	22832	-90	974481	25243	-102	974495	24465	-95	974508	
-735	26105	-3895	26373	-96	974536	22832	-89	974550	25285	-99	974565	24544	-93	974578	
-312	25936	-4937	26392	-95	974606	22823	-90	974619	25271	-98	974633	24563	-94	974646	
-622	26255	-2907	26392	-95	974673	22809	-90	974687	25285	-98	974700	24521	-96	974714	
649	25986	4808	26439	-97	974743	22832	-92	974757	25248	-97	974770	24380	-98	974784	
-21436	11343	-3601	26439	-97	974743	22818	-95	974819	25285	-97	974833	24413	-97	974846	
-1539	26244	2056	26289	-99	974877	22799	-96	974890	25262	-97	974904	24385	-97	974917	
-2579	25023	-7586	26336	-100	974943	22696	-99	974956	25342	-96	974970	24577	-95	974984	
-22982	5785	-3968	26336	-100	974943	22828	-96	975017	25337	-94	975031	24605	-94	975044	
-1867	26265	-2090	26392	-99	975074	22795	-98	975087	25356	-95	975101	24521	-96	975114	
-23141	546	-3784	26392	-99	975074	22804	-97	975147	25342	-95	975161	24577	-96	975174	
-22983	5809	-3882	26392	-99	975074	22813	-97	975212	25370	-95	975226	24629	-95	975239	
-21232	11858	-3587	26392	-99	975074	22771	-97	975278	25323	-97	975292	24432	-96	975305	
-20885	12509	-3613	26392	-99	975074	22748	-97	975345	25271	-99	975359	24361	-97	975372	
-1512	25893	4366	26242	-100	975403	22785	-96	975417	25224	-100	975430	24310	-97	975444	
-20896	12329	-3895	26242	-100	975403	22729	-97	975485	25229	-99	975498	24432	-96	975512	
-23259	1480	-3836	26242	-100	975403	22809	-96	975553	25365	-96	975567	24624	-95	975580	
-2662	25421	-6223	26280	-100	975611	22818	-95	975625	25332	-95	975638	24572	-94	975652	
-23129	4031	-4156	26280	-100	975611	22776	-95	975686	25337	-97	975700	24718	-95	975713	
-21046	12120	-3654	26280	-100	975611	22710	-97	975753	25299	-97	975767	24404	-97	975780	
Err	Err	Err	26280	-100	975611	22710	-97	975821	25299	-97	975767	24404	-97	975780	
-21064	11997	-3807	26280	-100	975611	22729	-96	975873	25201	-99	975887	24375	-98	975900	
-2931	26109	655	26153	-102	975931	22767	-96	975945	25234	-99	975958	24352	-99	975972	
-20974	12392	-3313	26153	-102	975931	22701	-97	976007	25360	-97	976021	24338	-97	976034	
-21250	11791	-3486	26153	-102	975931	22734	-95	976076	25323	-96	976090	24389	-96	976103	
Err	Err	Err	26233	-100	976136	22734	-95	976076	25276	-98	976157	24408	-96	976171	
Err	Err	Err	26233	-100	976136	22776	-93	976207	25238	-100	976221	24408	-96	976171	
-1402	26203	2571	26303	-103	976250	22790	-93	976264	25262	-98	976277	24375	-98	976291	
-21412	11339	-3854	26303	-103	976250	22748	-93	976334	25295	-97	976348	24502	-96	976361	
-22343	8645	-3798	26303	-103	976250	22809	-93	976406	25309	-98	976420	24479	-96	976434	
Err	Err	Err	26289	-101	976468	22771	-94	976482	25295	-98	976495	24479	-96	976434	
-21130	12047	-3608	26289	-101	976468	22762	-95	976540	25309	-98	976554	24427	-97	976567	
-22456	8069	-4089	26289	-101	976468	22781	-94	976605	25285	-97	976619	24558	-94	976632	
-2148	24331	-9488	26252	-98	976664	22771	-91	976677	25276	-96	976691	24601	-92	976704	
-1280	25386	-6863	26313	-96	976732	22828	-90	976745	25276	-96	976760	24582	-92	976774	
-2298	26152	-2550	26336	-97	976800	22799	-92	976814	25342	-95	976827	24511	-94	976841	
-4408	25791	-2598	26242	-99	976867	22799	-93	976881	25398	-95	976894	24502	-94	976908	
-22865	6378	-3872	26242	-99	976867	22762	-93	976944	25379	-96	976958	24511	-95	976971	
-3434	25181	-6550	26209	-100	977002	22804	-94	977016	25323	-97	977029	24549	-94	977043	
-2522	25269	-6878	26303	-100	977070	22818	-93	977083	25342	-97	977097	24596	-94	977110	
-1663	25585	-5767	26219	-99	977138	22809	-92	977151	25224	-98	977165	24507	-95	977179	
-21820	10334	-3875	26219	-99	977138	22785	-93	977219	25304	-98	977233	24507	-95	977246	
-1712	25935	-4077	26214	-101	977277	22804	-92	977290	25220	-99	977304	24469	-96	977317	
389	26338	-1947	26313	-99	977344	22870	-92	977357	25187	-98	977371	24474	-95	977384	
-2175	25277	-6824	26219	-99	977413	22832	-93	977426	25262	-97	977440	24549	-95	977453	
-2021	25979	-3884	26275	-98	977481	22832	-92	977495	25290	-96	977509	24516	-94	977523	
-3689	25844	-3229	26247	-99	977550	22785	-93	977563	25356	-94	977577	24497	-94	977590	
-3669	26042	-293	26214	-100	977619	22804	-93	977633	25332	-95	977646	24432	-95	977660	
-21721	10598	-3792	26214	-100	977619	22738	-94	977694	25313	-96	977709	24488	-95	977722	
-2354	26104	-2575	26256	-99	977753	22795	-94	977766	25285	-96	977780	24469	-95	977793	
-4093	25866	-2417	26223	-100	977823	22781	-94	977836	25360	-96	977850	24474	-94	977863	
-2261	25793	-4678	26252	-98	977891	22804	-93	977904	25281	-96	977918	24511	-94	977932	
-996	26321	-1655	26303	-97	977959	22842	-92	977972	25252	-97	977986	24474	-94	977999	
-524	25764	-5369	26247	-97	978027	22828	-91	978040	25182	-98	978054	24502	-94	978068	
830	26330	-1976	26355	-97	978094	22842	-92	978108	25182	-101	978121	24474	-95	978135	
1735	25344	-6830	26322	-97	978162	22767	-93	978175	25079	-101	978189	24502	-96	978202	
991	26133	-3199	26294	-98	978231	22767	-91	978245	25107	-100	978259	24427	-96	978272	
-134	26047	-3767	26256	-98	978300	22790	-93	978314	25154	-98	978327	24450	-97	978341	
-1041	26316	-492	26270	-98	978368	22785	-92	978382	25215	-98	978395	24408	-96	978409	
-2206	26183	950	26223	-99	978439	22743	-94	978452	25238	-98	978467	24357	-97	978481	
-966	26137	-3213	26303	-99	978509	22781	-95	978523	25234	-99	978536	24474	-97	978550	
-21246	11693	-3681	26303	-99	978509	22738	-95	978583	25299	-98	978597	24422	-97	978610	
Err	Err	Err	26303	-99	978509	22767	-95	978650	25299	-98	978597	24422	-97	978610	
-20840	12659	-3519	26303	-99	978509	22701	-96	978709	25313	-97	978722	24371	-97	978736	
-20891	12512	-3351	26303	-99	978509	22692	-96	978782	25299	-98	978795	24324	-96	978809	
-5169	25622	-1150	26111	-99	978842	22645	-96	978855	25309	-97	978869	24347	-96	978883	
-3937	25876	1060	26144	-99	978910	22659	-96	978924	25262	-97	978937	24305	-96	978951	
-3896	25926	-926	26186	-99	978977	22692	-96	978991	25299	-97	979004	24380	-96	979018	
-4345	25689	-2731	26172	-99	979047	22654	-96	979060	25309	-95	979074	24399	-96	979087	
-5243	25457	-3050	26148	-99	979114	22649	-96	979127	25346	-95	979141	24408	-97	979155	
-21057	12071	-3599	26148	-99	979114	22659	-96	979190	25304	-95	979204	24389	-97	979217	
-21254	11639	-3782	26148	-99	979114	22710	-95	979256	25299	-94	979270	24455	-96	979283	
-21912	10021	-3760	26148	-99	979114	22724	-95	979330	25342	-94	979343	24493	-96	979357	
-4017	25467	-4777	26205	-101	979389	22701	-96	979403	25328	-94	979416	24474	-96	979430	
-21098	12071	-3753	26205	-101	979389	22696	-97	979466	25313	-95	979480	24483	-95	979493	
-21263	11587	-3842	26205	-101	979389	22654	-97	979532	25318	-95	979546	24483	-96	979559	
-22251	8981	-3794	26205	-101	979389	22757	-97	979599	25346	-95	979613	24497	-96	979626	
-21982	9826	-3746	26205	-101	979389	22762	-96	979664	25328	-95	979678	24479	-95	979691	
-2752	25563	-5528	26280	-100	979721	22724	-96	979735	25313	-95	979748	24516	-95	979762	
-2974	25168	-6943	26331	-100	979787	22729	-98	979800	25370	-96	979814	24582	-94	979827	
-1943	25119	-7404	26298	-100	979856	22729	-97	979869	25281	-95	979883	24554	-94	979896	
-2683	25566	-5571	26289	-99	979922	22734	-96	979936	25318	-93	979949	24525	-94	979963	
-3567	25401	-5564	26266	-99	979990	22734	-96	980004	25356	-94	980017	24530	-95	980031	
-4777	25231	-5177	26205	-98	980058	22668	-97	980072	25370	-92	980085	24483	-95	980099	
-3119	24784	-7880	26228	-99	980125	22706	-96	980139	25299	-93	980153	24540	-95	980166	
-3644	25192	-6393	26237	-98	980193	22757	-95	980207	25346	-93	980220	24544	-94	980234	
-21025	12301	-3707	26237	-98	980193	22696	-96	980273	25356	-94	980287	24488	-95	980300	
-5193	25423	-3668	26158	-99	980332	22715	-97	980345	25365	-93	980359	24455	-96	980373	
-7233	24556	-5009	26078	-98	980400	22654	-98	980414	25426	-91	980427	24455	-97	980441	
-8536	24118	-4715	26040	-97	980466	22617	-98	980480	25478	-92	980493	24441	-98	980507	
-6928	24698	-4689	26050	-99	980536	22668	-98	980549	25384	-93	980563	24432	-97	980576	
-20875	12573	-3422	26050	-99	980536	22682	-97	980617	25356	-94	980631	24371	-97	980644	
-5560	25602	982	26172	-99	980678	22729	-96	980692	25398	-94	980705	24385	-97	980719	
Err	Err	Err	26280	-99	980746	22743	-95	980760	25417	-95	980773	24385	-97	980719	
-3040	25625	5148	26280	-99	980808	22790	-95	980822	25346	-96	980836	24343	-97	980850	
-1878	26275	1163	26317	-100	980877	22771	-95	980890	25295	-97	980904	24408	-98	980917	
-2457	26212	957	26294	-99	980944	22757	-95	980957	25309	-95	980972	24404	-98	980986	
-1769	26254	-1231	26289	-99	981014	22767	-96	981027	25267	-97	981041	24436	-97	981054	
-2059	26271	-1121	26313	-98	981080	22795	-95	981094	25309	-96	981107	24465	-96	981123	
-2079	26222	-1987	26303	-98	981150	22818	-95	981164	25309	-96	981177	24488	-96	981191	
-558	26333	-1559	26336	-97	981217	22799	-94	981231	25238	-97	981244	24460	-96	981258	
212	26426	890	26411	-97	981291	22809	-94	981305	25248	-96	981318	24441	-96	981332	
-2169	26071	3349	26359	-97	981352	22776	-94	981366	25346	-95	981379	24394	-96	981393	
-1832	25402	6698	26359	-97	981421	22785	-95	981435	25332	-95	981448	24324	-96	981462	
-3537	25817	3334	26223	-97	981489	22738	-96	981502	25318	-95	981516	24333	-96	981529	
-1771	26265	1448	26327	-99	981556	22748	-95	981571	25290	-97	981584	24394	-97	981598	
-1230	26115	3350	26308	-99	981626	22776	-95	981640	25252	-98	981654	24352	-97	981667	
-457	26364	-557	26336	-99	981695	22757	-96	981708	25220	-97	981722	24418	-97	981735	
-20930	12496	-3425	26336	-99	981695	22781	-96	981772	25290	-97	981786	24328	-97	981801	
-20866	12474	-3509	26336	-99	981695	22696	-95	981850	25276	-97	981864	24333	-96	981877	
-2978	26094	864	26209	-99	981910	22734	-96	981924	25271	-97	981937	24361	-97	981951	
-2882	26125	860	26237	-99	981980	22729	-96	981993	25285	-97	982007	24371	-97	982020	
-2120	26167	2012	26284	-99	982050	22734	-96	982063	25276	-96	982077	24361	-97	982091	
-3541	26099	341	26303	-98	982117	22748	-96	982130	25379	-96	982144	24436	-97	982157	
-3868	25855	-2583	26247	-98	982183	22696	-96	982197	25346	-95	982210	24446	-97	982224	
-2709	25962	-2928	26252	-96	982252	22663	-95	982265	25271	-95	982279	24418	-97	982292	
-4921	24459	-7751	26167	-99	982318	22649	-98	982331	25356	-96	982345	24516	-97	982359	
-22047	9580	-3861	26167	-99	982318	22748	-97	982394	25318	-96	982408	24511	-96	982421	
-913	26136	-3438	26350	-98	982451	22771	-96	982465	25262	-98	982478	24497	-96	982492	
-2052	25720	5574	26444	-95	982520	22771	-95	982534	25403	-95	982547	24385	-96	982560	
-3865	24383	-8580	26167	-100	982587	22710	-96	982601	25304	-97	982614	24540	-96	982628	
-21161	11561	-4402	26167	-100	982587	22762	-95	982664	25154	-98	982678	24540	-94	982692	
-21406	10972	-4359	26167	-100	982587	22743	-95	982734	25159	-97	982748	24540	-94	982761	
1370	26280	1939	26364	-99	982794	22762	-95	982808	25131	-99	982821	24352	-95	982835	
-1153	25607	6222	26402	-100	982862	22795	-95	982876	25323	-95	982889	24347	-95	982903	
2740	26344	505	26486	-97	982929	22851	-92	982943	25159	-101	982956	24460	-95	982970	
1126	25921	5011	26472	-97	982997	22776	-94	983010	25224	-97	983024	24352	-95	983037	
-22304	8603	-4126	26472	-97	982997	22804	-93	983073	25262	-95	983087	24554	-95	983100	
-23119	380	-3823	26472	-97	982997	22813	-91	983140	25323	-95	983154	24591	-94	983167	
-543	26120	-3740	26388	-97	983195	22771	-91	983209	25267	-96	983222	24516	-93	983236	
-21348	11276	-4161	26388	-97	983195	22781	-91	983277	25215	-97	983290	24511	-93	983304	
728	25613	-6232	26397	-96	983335	22790	-93	983348	25201	-99	983362	24558	-94	983375	
Err	Err	Err	26383	-96	983401	22734	-93	983414	25201	-99	983362	24563	-93	983435	
2814	25359	-6646	26481	-96	983462	22753	-93	983475	25112	-98	983489	24554	-94	983503	
1585	26249	-2967	26491	-95	983531	22795	-93	983544	25215	-98	983558	24525	-94	983571	
1966	25222	-7289	26388	-95	983598	22762	-93	983612	25107	-98	983626	24540	-93	983639	
1382	25995	-4457	26434	-96	983667	22776	-93	983680	25182	-98	983694	24521	-94	983707	
1427	26067	-4078	26463	-96	983733	22753	-95	983746	25192	-97	983760	24516	-94	983774	
Err	Err	Err	26514	-95	983801	22767	-94	983815	25206	-96	983829	24516	-94	983774	
-615	26385	1483	26467	-94	983864	22720	-94	983877	25313	-96	983891	24427	-95	983904	
-70	26425	1412	26500	-95	983930	22743	-95	983944	25309	-95	983958	24446	-96	983971	
-21083	12028	-3586	26500	-95	983930	22682	-96	984014	25299	-96	984027	24385	-96	984041	
-601	26327	-2018	26383	-97	984076	22720	-96	984089	25252	-97	984103	24455	-96	984116	
2892	26073	-3191	26467	-96	984143	22767	-95	984156	25107	-97	984170	24479	-95	984183	
-457	26395	-1002	26416	-96	984211	22753	-96	984226	25276	-97	984239	24465	-96	984253	
-726	26442	1482	26538	-95	984281	22767	-96	984295	25384	-95	984308	24488	-96	984322	
-2669	26225	1818	26491	-95	984349	22715	-96	984363	25459	-96	984376	24469	-96	984390	
-1656	26227	2852	26449	-95	984419	22771	-96	984433	25379	-95	984446	24436	-96	984460	
-127	26455	65	26481	-96	984489	22743	-95	984503	25299	-95	984516	24465	-96	984530	
-1028	26422	1149	26528	-96	984557	22724	-96	984571	25384	-95	984584	24474	-96	984598	
295	26400	-1437	26524	-96	984625	22682	-96	984639	25285	-95	984652	24479	-96	984666	
145	26459	-478	26575	-96	984693	22673	-96	984706	25328	-95	984720	24483	-96	984734	
Err	Err	Err	26556	-96	984760	22729	-96	984775	25328	-95	984720	24465	-96	984795	
-1293	26408	-489	26505	-96	984825	22687	-97	984838	25374	-95	984852	24483	-96	984865	
-802	26357	-1592	26449	-96	984892	22710	-97	984905	25309	-96	984919	24479	-96	984932	
-2269	26111	2921	26406	-96	984961	22710	-97	984974	25370	-96	984988	24394	-96	985001	
Err	Err	Err	26406	-96	985031	22710	-97	984974	25271	-97	985051	24427	-96	985065	
97	26364	32	26388	-96	985093	22663	-96	985107	25196	-98	985120	24375	-97	985134	
1982	26235	-1869	26369	-98	985161	22734	-95	985174	25088	-103	985188	24404	-96	985201	
-20960	12195	-3966	26369	-98	985161	22748	-95	985236	25196	-99	985250	24413	-96	985264	
-21269	11446	-4161	26369	-98	985161	22790	-95	985304	25201	-96	985317	24497	-95	985331	
1131	26209	-3221	26491	-97	985364	22720	-95	985377	25220	-96	985391	24502	-95	985404	
228	25915	-4901	26528	-97	985432	22626	-95	985445	25276	-95	985459	24530	-96	985473	
-2129	25824	-4711	26369	-97	985500	22715	-96	985514	25337	-96	985528	24530	-97	985541	
-614	26396	-1416	26481	-97	985569	22720	-95	985582	25323	-96	985596	24493	-97	985609	
-21547	10980	-3823	26481	-97	985569	22767	-94	985646	25309	-97	985660	24474	-98	985673	
-490	26372	-1082	26378	-99	985708	22757	-94	985723	25252	-97	985736	24450	-97	985750	
-554	25650	6291	26481	-98	985776	22776	-94	985789	25337	-96	985803	24361	-97	985816	
-4059	25932	-1715	26242	-98	985844	22790	-94	985857	25374	-95	985872	24474	-96	985886	
-21582	10999	-3718	26242	-98	985844	22809	-94	985927	25313	-96	985940	24465	-97	985954	
-1088	26424	1123	26449	-97	985987	22781	-94	986000	25346	-96	986014	24465	-97	986027	
-1785	26320	-157	26308	-98	986054	22799	-94	986067	25290	-97	986081	24441	-97	986095	
-895	26314	1921	26350	-99	986121	22795	-94	986134	25267	-98	986148	24404	-97	986161	
-21374	11402	-3825	26350	-99	986121	22828	-93	986196	25229	-98	986210	24413	-96	986223	
880	26335	-1393	26294	-99	986256	22823	-93	986270	25131	-99	986283	24422	-96	986297	
-20181	13610	-4216	26294	-99	986256	22785	-94	986332	25154	-98	986346	24422	-97	986359	
-21118	11877	-3934	26294	-99	986256	22823	-94	986399	25187	-98	986413	24399	-96	986426	
-20779	12486	-4223	26294	-99	986256	22776	-94	986473	25163	-98	986486	24460	-96	986500	
-20780	12313	-4547	26294	-99	986256	22818	-93	986539	25093	-99	986553	24479	-96	986566	
Err	Err	Err	26209	-100	986597	22771	-93	986610	25093	-99	986553	24455	-96	986638	
-21516	10800	-4285	26209	-100	986597	22842	-92	986673	25168	-98	986687	24516	-95	986700	
-893	24957	-8113	26270	-99	986732	22781	-93	986745	25210	-98	986759	24558	-95	986772	
-67	24455	-9550	26327	-99	986797	22767	-94	986811	25196	-98	986824	24601	-95	986838	
-21219	11488	-4366	26327	-99	986797	22776	-93	986873	25187	-98	986887	24549	-95	986900	
Err	Err	Err	26327	-99	986797	22762	-94	986947	25187	-98	986887	24525	-96	986967	
-954	26204	-2703	26331	-100	986990	22762	-94	987004	25248	-98	987017	24469	-96	987031	
-21326	11359	-4031	26331	-100	986990	22757	-94	987066	25229	-98	987080	24483	-96	987093	
-21270	11488	-4138	26331	-100	986990	22720	-94	987133	25210	-97	987147	24530	-96	987160	
-21115	11701	-4217	26331	-100	986990	22743	-94	987206	25168	-98	987219	24479	-96	987233	
Err	Err	Err	26383	-100	987266	22743	-94	987279	25168	-98	987219	24511	-96	987300	
-21482	10899	-4210	26383	-100	987266	22753	-94	987337	25206	-98	987351	24530	-96	987364	
-506	24240	-9894	26266	-100	987397	22738	-94	987410	25173	-98	987424	24572	-96	987437	
-21173	11526	-4264	26266	-100	987397	22724	-94	987471	25154	-98	987485	24493	-96	987498	
279	25509	-6480	26350	-100	987531	22743	-94	987544	25182	-98	987558	24525	-95	987572	
Err	Err	Err	26313	-99	987598	22743	-94	987544	25234	-98	987619	24479	-95	987632	
-38	25293	-7091	26284	-100	987661	22738	-94	987675	25154	-98	987688	24507	-95	987702	
698	26346	-1866	26397	-99	987728	22799	-94	987742	25206	-98	987755	24474	-96	987769	
-20644	12620	-4488	26397	-99	987728	22743	-94	987809	25112	-99	987822	24497	-96	987836	
-21235	11328	-4262	26397	-99	987728	22724	-95	987884	25126	-99	987898	24465	-96	987911	
-20986	12002	-4217	26397	-99	987728	22734	-94	987953	25177	-99	987967	24488	-96	987980	
-1062	25893	-4639	26303	-99	988014	22757	-94	988028	25234	-99	988042	24493	-96	988055	
-20912	12050	-4473	26303	-99	988014	22734	-94	988098	25140	-99	988111	24530	-96	988125	
Percentuale di fallimenti nel positioning: 21.4%
