Distanza: 35000.0
X [mm]	Y [mm]	Z [mm]	A0 	 RSS 	 Time 	 A1 	 RSS 	 Time 	 A2 	 RSS 	 Time 	 A3 	 RSS 	 Time 	 
-4829	36268	-231	36688	-98	1052645	32865	-96	1052659	35679	-98	1052672	34694	-96	1052686	
Err	Err	Err	36622	-97	1052712	32837	-98	1052725	35679	-98	1052672	34713	-97	1052753	
-7791	35590	3705	36659	-97	1052779	32992	-98	1052793	35825	-101	1052806	34727	-96	1052820	
-9719	35117	3109	36716	-98	1052847	32898	-99	1052860	35946	-100	1052874	34746	-95	1052887	
Err	Err	Err	36598	-98	1052916	33015	-97	1052929	35876	-98	1052943	34746	-95	1052887	
-6071	35752	-5070	36627	-98	1052981	33029	-97	1052994	35731	-98	1053008	34830	-94	1053021	
-5269	35801	-5499	36622	-100	1053048	32996	-100	1053061	35684	-98	1053075	34807	-95	1053088	
Err	Err	Err	36622	-100	1053048	32996	-100	1053061	35750	-99	1053139	34708	-96	1053153	
Err	Err	Err	36622	-100	1053048	32912	-101	1053184	35726	-100	1053198	34657	-97	1053211	
Err	Err	Err	36406	-115	1053240	32917	-100	1053254	35726	-100	1053198	34638	-98	1053281	
Err	Err	Err	36406	-115	1053240	32752	-99	1053324	35726	-100	1053198	34558	-96	1053345	
Err	Err	Err	36392	-99	1053369	32687	-97	1053383	35726	-100	1053198	34422	-96	1053404	
-7652	29133	20267	36636	-98	1053433	33015	-95	1053446	35890	-100	1053459	34446	-95	1053473	
-4731	35087	-9195	36842	-99	1053500	32720	-97	1053513	35764	-99	1053527	34849	-96	1053541	
Err	Err	Err	36500	-102	1053569	32870	-99	1053582	35764	-99	1053527	34610	-98	1053604	
Err	Err	Err	36509	-100	1053633	32860	-99	1053647	35764	-99	1053527	34685	-97	1053669	
Err	Err	Err	36594	-99	1053698	33010	-98	1053711	35764	-99	1053527	35107	-94	1053732	
Err	Err	Err	36594	-99	1053698	33198	-97	1053769	35707	-99	1053782	34643	-94	1053796	
Err	Err	Err	36594	-99	1053698	32935	-99	1053830	35707	-99	1053782	34422	-95	1053858	
Err	Err	Err	36594	-99	1053698	32766	-99	1053887	35707	-99	1053782	34502	-97	1053909	
Err	Err	Err	36439	-101	1053931	32870	-98	1053945	35707	-99	1053782	34525	-98	1053966	
Err	Err	Err	36537	-99	1053994	32907	-99	1054008	35707	-99	1053782	34568	-98	1054030	
Err	Err	Err	36594	-99	1054058	32884	-97	1054072	35707	-99	1053782	34652	-97	1054093	
Err	Err	Err	36589	-99	1054126	32884	-97	1054072	35707	-99	1053782	34568	-98	1054162	
Err	Err	Err	36495	-105	1054186	32888	-98	1054199	35707	-99	1053782	34568	-96	1054220	
-6691	35887	1174	36519	-101	1054248	32931	-97	1054262	35651	-99	1054275	34647	-95	1054289	
-33320	3933	-4925	36519	-101	1054248	32945	-98	1054323	35628	-99	1054337	34610	-95	1054350	
-6666	35600	-4464	36444	-102	1054384	32996	-98	1054398	35609	-98	1054411	34718	-94	1054425	
Err	Err	Err	36444	-102	1054384	32978	-98	1054467	35609	-97	1054481	34741	-93	1054494	
-5048	35900	-4936	36542	-99	1054521	33057	-96	1054535	35628	-97	1054548	34783	-93	1054562	
Err	Err	Err	36598	-97	1054589	33043	-96	1054603	35628	-97	1054548	34722	-93	1054625	
Err	Err	Err	36645	-96	1054651	33057	-95	1054664	35628	-97	1054548	34722	-95	1054686	
Err	Err	Err	36655	-96	1054717	33053	-95	1054730	35628	-97	1054548	34736	-95	1054751	
Err	Err	Err	36636	-96	1054779	33053	-95	1054793	35628	-97	1054548	34722	-95	1054814	
Err	Err	Err	36613	-96	1054843	32982	-96	1054857	35628	-97	1054548	34638	-96	1054878	
Err	Err	Err	36627	-97	1054906	32987	-97	1054920	35628	-97	1054548	34624	-97	1054941	
Err	Err	Err	36617	-97	1054971	32968	-96	1054985	35628	-97	1054548	34586	-98	1055006	
Err	Err	Err	36613	-97	1055035	32935	-96	1055049	35628	-97	1054548	34586	-97	1055070	
Err	Err	Err	36584	-98	1055099	32907	-96	1055113	35628	-97	1054548	34652	-97	1055134	
-8648	34732	7067	36552	-98	1055161	32917	-97	1055176	35773	-100	1055189	34600	-97	1055203	
-8273	35053	5840	36580	-100	1055229	32865	-96	1055243	35764	-99	1055256	34600	-96	1055270	
-9653	34907	3923	36491	-100	1055298	32851	-97	1055311	35754	-98	1055326	34596	-97	1055339	
Err	Err	Err	36505	-102	1055365	32912	-97	1055378	35754	-98	1055326	34582	-97	1055399	
-33369	4291	-4476	36505	-102	1055365	32860	-97	1055440	35792	-98	1055454	34535	-96	1055467	
-33301	5046	-4587	36505	-102	1055365	32827	-97	1055506	35787	-99	1055520	34572	-97	1055533	
-33413	3627	-4470	36505	-102	1055365	32832	-96	1055572	35839	-99	1055586	34544	-96	1055599	
-10647	34687	3410	36505	-100	1055631	32888	-96	1055645	35820	-99	1055658	34643	-96	1055672	
-12080	33921	5073	36448	-101	1055698	32846	-97	1055711	35843	-98	1055725	34591	-96	1055738	
-8799	34879	5979	36547	-102	1055764	32841	-96	1055778	35759	-99	1055791	34577	-96	1055805	
-11066	34553	2979	36514	-101	1055831	32832	-97	1055845	35839	-99	1055858	34633	-96	1055872	
-33178	6207	-4544	36514	-101	1055831	32827	-98	1055911	35764	-99	1055925	34553	-96	1055938	
Err	Err	Err	36514	-101	1055831	32827	-98	1055911	35820	-99	1055985	34511	-96	1055999	
-33173	6235	-4337	36514	-101	1055831	32771	-99	1056027	35796	-100	1056041	34488	-96	1056054	
-32999	7562	-4204	36514	-101	1055831	32781	-98	1056095	35792	-100	1056109	34455	-96	1056122	
Err	Err	Err	36514	-101	1055831	32766	-97	1056161	35792	-100	1056109	34497	-96	1056182	
Err	Err	Err	36514	-101	1055831	32790	-97	1056218	35792	-100	1056109	34441	-96	1056239	
Err	Err	Err	36514	-101	1055831	32851	-98	1056268	35792	-100	1056109	34436	-96	1056289	
Err	Err	Err	36514	-101	1055831	32813	-98	1056320	35792	-100	1056109	34436	-96	1056341	
Err	Err	Err	36378	-100	1056362	32851	-98	1056376	35792	-100	1056109	34464	-96	1056397	
Err	Err	Err	36378	-100	1056362	32823	-97	1056434	35792	-100	1056109	34497	-95	1056455	
Err	Err	Err	36378	-100	1056362	32823	-97	1056486	35792	-100	1056109	34478	-96	1056507	
Err	Err	Err	36378	-100	1056362	32743	-97	1056537	35792	-100	1056109	34492	-96	1056558	
Err	Err	Err	36378	-100	1056362	32795	-98	1056590	35792	-100	1056109	34497	-95	1056611	
Err	Err	Err	36378	-100	1056362	32898	-97	1056642	35792	-100	1056109	34474	-95	1056663	
Err	Err	Err	36378	-100	1056362	32935	-97	1056692	35792	-100	1056109	34483	-95	1056713	
Err	Err	Err	36378	-100	1056362	32827	-97	1056742	35792	-100	1056109	34478	-95	1056763	
Err	Err	Err	36378	-100	1056362	32837	-98	1056793	35792	-100	1056109	34521	-95	1056814	
Err	Err	Err	36378	-100	1056362	32846	-97	1056846	35792	-100	1056109	34516	-95	1056867	
Err	Err	Err	36378	-100	1056362	32804	-98	1056896	35792	-100	1056109	34488	-94	1056917	
Err	Err	Err	36378	-100	1056362	32785	-97	1056947	35792	-100	1056109	34539	-94	1056968	
Err	Err	Err	36378	-100	1056362	32766	-97	1056997	35792	-100	1056109	34516	-95	1057018	
Err	Err	Err	36378	-100	1056362	32884	-97	1057047	35792	-100	1056109	34483	-95	1057070	
Err	Err	Err	36378	-100	1056362	32809	-96	1057101	35792	-100	1056109	34521	-95	1057122	
Err	Err	Err	36378	-100	1056362	32898	-96	1057151	35792	-100	1056109	34478	-95	1057172	
Err	Err	Err	36378	-100	1056362	32827	-97	1057202	35792	-100	1056109	34469	-95	1057223	
Err	Err	Err	36378	-100	1056362	32790	-97	1057252	35792	-100	1056109	34464	-95	1057273	
Err	Err	Err	36378	-100	1056362	32738	-98	1057302	35792	-100	1056109	34492	-95	1057332	
Err	Err	Err	36378	-100	1056362	32752	-98	1057362	35792	-100	1056109	34521	-95	1057383	
Err	Err	Err	36378	-100	1056362	32757	-97	1057413	35792	-100	1056109	34502	-95	1057434	
Err	Err	Err	36378	-100	1056362	32785	-97	1057465	35792	-100	1056109	34521	-96	1057486	
-33188	6132	-4307	36378	-100	1056362	32781	-98	1057517	35796	-100	1057531	34474	-96	1057545	
Err	Err	Err	36378	-100	1056362	32724	-98	1057586	35796	-100	1057531	34507	-95	1057608	
Err	Err	Err	36378	-100	1056362	32734	-97	1057639	35796	-100	1057531	34488	-95	1057661	
Err	Err	Err	36378	-100	1056362	32705	-98	1057692	35796	-100	1057531	34460	-95	1057713	
Err	Err	Err	36378	-100	1056362	32724	-97	1057749	35796	-100	1057531	34516	-95	1057771	
Err	Err	Err	36425	-105	1057792	32743	-98	1057805	35796	-100	1057531	34572	-95	1057826	
Err	Err	Err	36425	-105	1057792	32766	-97	1057861	35796	-100	1057531	34474	-95	1057882	
Err	Err	Err	36425	-105	1057792	32752	-96	1057921	35796	-100	1057531	34535	-96	1057942	
Err	Err	Err	36425	-105	1057792	32757	-96	1057973	35796	-100	1057531	34539	-95	1057994	
Err	Err	Err	36425	-105	1057792	32776	-96	1058024	35796	-100	1057531	34544	-95	1058045	
Err	Err	Err	36425	-105	1057792	32809	-96	1058076	35796	-100	1057531	34521	-95	1058097	
Err	Err	Err	36425	-105	1057792	32837	-95	1058128	35796	-100	1057531	34507	-96	1058149	
Err	Err	Err	36425	-105	1057792	32771	-96	1058178	35796	-100	1057531	34511	-96	1058199	
Err	Err	Err	36425	-105	1057792	32809	-96	1058230	35796	-100	1057531	34497	-95	1058251	
Err	Err	Err	36425	-105	1057792	32799	-96	1058282	35796	-100	1057531	34483	-95	1058303	
Err	Err	Err	36425	-105	1057792	32799	-97	1058333	35796	-100	1057531	34427	-95	1058354	
Err	Err	Err	36406	-100	1058377	32781	-98	1058390	35796	-100	1057531	34516	-96	1058411	
Err	Err	Err	36406	-100	1058377	32743	-97	1058447	35796	-100	1057531	34464	-96	1058469	
Err	Err	Err	36406	-100	1058377	32766	-98	1058500	35796	-100	1057531	34511	-96	1058521	
Err	Err	Err	36425	-101	1058543	32724	-98	1058556	35796	-100	1057531	34539	-95	1058580	
Err	Err	Err	36425	-101	1058543	32841	-98	1058617	35796	-100	1057531	34521	-96	1058638	
Err	Err	Err	36425	-101	1058543	32841	-98	1058617	35796	-100	1057531	34535	-96	1058682	
Err	Err	Err	36425	-101	1058543	32766	-98	1058711	35796	-100	1057531	34549	-95	1058732	
Err	Err	Err	36425	-101	1058543	32865	-97	1058762	35796	-100	1057531	34558	-94	1058783	
Err	Err	Err	36425	-101	1058543	32846	-96	1058814	35796	-100	1057531	34577	-95	1058837	
Err	Err	Err	36425	-101	1058543	32809	-95	1058868	35796	-100	1057531	34553	-96	1058889	
Err	Err	Err	36425	-101	1058543	32837	-96	1058919	35796	-100	1057531	34549	-96	1058940	
Err	Err	Err	36425	-101	1058543	32790	-96	1058970	35796	-100	1057531	34521	-96	1058991	
Err	Err	Err	36425	-101	1058543	32851	-98	1059020	35796	-100	1057531	34544	-96	1059041	
Err	Err	Err	36425	-101	1058543	32856	-100	1059071	35796	-100	1057531	34535	-95	1059092	
Err	Err	Err	36425	-101	1058543	32870	-100	1059128	35796	-100	1057531	34535	-96	1059149	
Err	Err	Err	36425	-101	1058543	32870	-100	1059128	35796	-100	1057531	34525	-96	1059194	
Err	Err	Err	36500	-98	1059215	32870	-100	1059128	35796	-100	1057531	34568	-97	1059245	
Err	Err	Err	36500	-98	1059215	32940	-96	1059282	35796	-100	1057531	34568	-97	1059303	
Err	Err	Err	36500	-98	1059215	32893	-97	1059334	35796	-100	1057531	34553	-96	1059355	
Err	Err	Err	36500	-98	1059215	32832	-97	1059384	35796	-100	1057531	34549	-96	1059405	
Err	Err	Err	36500	-98	1059215	32860	-96	1059435	35796	-100	1057531	34521	-97	1059456	
Err	Err	Err	36500	-98	1059215	32874	-96	1059486	35796	-100	1057531	34544	-97	1059507	
Err	Err	Err	36500	-98	1059215	32837	-96	1059539	35796	-100	1057531	34563	-97	1059560	
Err	Err	Err	36500	-98	1059215	32865	-97	1059589	35796	-100	1057531	34539	-97	1059610	
Err	Err	Err	36491	-99	1059632	32846	-97	1059646	35796	-100	1057531	34507	-96	1059667	
Err	Err	Err	36491	-99	1059632	32893	-98	1059703	35796	-100	1057531	34530	-96	1059724	
Err	Err	Err	36491	-99	1059632	32898	-98	1059754	35796	-100	1057531	34530	-96	1059724	
Err	Err	Err	36491	-99	1059632	32917	-98	1059799	35796	-100	1057531	34521	-95	1059820	
Err	Err	Err	36491	-99	1059632	32823	-98	1059851	35796	-100	1057531	34516	-95	1059872	
Err	Err	Err	36491	-99	1059632	32898	-97	1059900	35796	-100	1057531	34535	-95	1059921	
Err	Err	Err	36491	-99	1059632	32860	-97	1059951	35796	-100	1057531	34553	-95	1059972	
Err	Err	Err	36491	-99	1059632	32902	-98	1060002	35796	-100	1057531	34525	-95	1060023	
Err	Err	Err	36491	-99	1059632	32902	-98	1060002	35796	-100	1057531	34530	-95	1060074	
Err	Err	Err	36491	-99	1059632	32902	-98	1060002	35796	-100	1057531	34549	-95	1060120	
Err	Err	Err	36491	-99	1059632	32996	-97	1060150	35796	-100	1057531	34563	-95	1060171	
Err	Err	Err	36491	-99	1059632	32968	-98	1060203	35796	-100	1057531	34577	-95	1060224	
Err	Err	Err	36491	-99	1059632	33001	-98	1060252	35796	-100	1057531	34563	-95	1060273	
Err	Err	Err	36491	-99	1059632	32898	-98	1060302	35796	-100	1057531	34591	-95	1060323	
Err	Err	Err	36491	-99	1059632	32945	-98	1060352	35796	-100	1057531	34596	-95	1060373	
Err	Err	Err	36491	-99	1059632	32917	-98	1060403	35796	-100	1057531	34577	-95	1060424	
Err	Err	Err	36491	-99	1059632	32917	-98	1060403	35796	-100	1057531	34591	-95	1060475	
Err	Err	Err	36491	-99	1059632	32973	-98	1060505	35796	-100	1057531	34549	-95	1060526	
Err	Err	Err	36509	0	1060549	32921	-97	1060563	35796	-100	1057531	34563	-96	1060584	
Err	Err	Err	36453	-102	1060613	32921	-97	1060563	35796	-100	1057531	34572	-97	1060649	
Err	Err	Err	36453	-102	1060613	32963	-97	1060685	35796	-100	1057531	34586	-96	1060706	
Err	Err	Err	36453	-102	1060613	32921	-97	1060744	35796	-100	1057531	34596	-96	1060765	
Err	Err	Err	36453	-102	1060613	32926	-97	1060801	35796	-100	1057531	34568	-96	1060822	
Err	Err	Err	36453	-102	1060613	32940	-97	1060852	35796	-100	1057531	34600	-96	1060874	
Err	Err	Err	36448	-101	1060896	32940	-98	1060909	35796	-100	1057531	34610	-96	1060930	
Err	Err	Err	36448	-101	1060896	32992	-99	1060972	35796	-100	1057531	34591	-95	1060993	
Err	Err	Err	36514	-100	1061017	32982	-99	1061031	35796	-100	1057531	34596	-95	1061052	
Err	Err	Err	36491	-99	1061081	32982	-98	1061095	35796	-100	1057531	34661	-95	1061116	
Err	Err	Err	36542	-98	1061143	32940	-98	1061156	35796	-100	1057531	34671	-94	1061178	
Err	Err	Err	36523	-98	1061205	32940	-98	1061156	35796	-100	1057531	34638	-94	1061240	
Err	Err	Err	36505	-98	1061264	32856	-100	1061277	35796	-100	1057531	34638	-95	1061299	
Err	Err	Err	36533	-98	1061329	32837	-101	1061343	35796	-100	1057531	34661	-96	1061364	
Err	Err	Err	36477	-100	1061393	32884	-98	1061406	35796	-100	1057531	34553	-97	1061428	
Err	Err	Err	36481	-100	1061457	32870	-98	1061470	35796	-100	1057531	34553	-96	1061492	
Err	Err	Err	36481	-100	1061457	32921	-99	1061535	35796	-100	1057531	34511	-97	1061556	
Err	Err	Err	36477	-98	1061578	32968	-98	1061592	35796	-100	1057531	34610	-97	1061613	
Err	Err	Err	36519	-97	1061641	32968	-98	1061592	35796	-100	1057531	34568	-95	1061671	
Err	Err	Err	36467	-98	1061693	32968	-98	1061592	35796	-100	1057531	34572	-94	1061723	
Err	Err	Err	36420	-99	1061747	32968	-98	1061592	35796	-100	1057531	34643	-94	1061783	
Err	Err	Err	36453	-100	1061804	33043	-97	1061817	35796	-100	1057531	34610	-94	1061839	
Err	Err	Err	36481	-101	1061867	33057	-96	1061880	35796	-100	1057531	34577	-95	1061901	
Err	Err	Err	36509	-98	1061933	33109	-95	1061947	35796	-100	1057531	34614	-94	1061968	
Err	Err	Err	36486	-100	1061998	33038	-98	1062012	35796	-100	1057531	34568	-97	1062034	
Err	Err	Err	36472	-98	1062062	32893	-99	1062076	35796	-100	1057531	34619	-97	1062097	
Err	Err	Err	36500	-98	1062125	32912	-100	1062139	35796	-100	1057531	34629	-96	1062160	
Err	Err	Err	36472	-98	1062189	33043	-97	1062202	35796	-100	1057531	34624	-95	1062224	
Err	Err	Err	36477	-97	1062252	33034	-96	1062266	35796	-100	1057531	34727	-93	1062287	
Err	Err	Err	36500	-98	1062314	33043	-96	1062328	35796	-100	1057531	34750	-93	1062349	
Err	Err	Err	36495	-98	1062376	33015	-95	1062389	35796	-100	1057531	34675	-94	1062412	
Err	Err	Err	36430	-98	1062441	33053	-94	1062454	35796	-100	1057531	34657	-95	1062475	
Err	Err	Err	36491	-97	1062503	33029	-96	1062516	35796	-100	1057531	34624	-96	1062537	
Err	Err	Err	36458	-97	1062564	32940	-96	1062577	35796	-100	1057531	34605	-98	1062598	
Err	Err	Err	36448	-97	1062625	32921	-97	1062639	35796	-100	1057531	34614	-98	1062660	
Err	Err	Err	36519	-97	1062688	32902	-97	1062701	35796	-100	1057531	34638	-96	1062723	
Err	Err	Err	36491	-96	1062751	32963	-97	1062764	35796	-100	1057531	34680	-95	1062792	
Err	Err	Err	36486	-97	1062820	32954	-97	1062834	35796	-100	1057531	34685	-95	1062855	
Err	Err	Err	36542	-97	1062884	33038	-96	1062898	35796	-100	1057531	34704	-94	1062919	
Err	Err	Err	36547	-96	1062948	33001	-96	1062961	35796	-100	1057531	34624	-95	1062989	
Err	Err	Err	36514	-97	1063018	33057	-96	1063032	35796	-100	1057531	34680	-94	1063053	
1111	36352	-4353	36589	-95	1063082	33034	-95	1063095	35393	-99	1063109	34708	-93	1063123	
Err	Err	Err	36519	-97	1063150	33114	-94	1063164	35393	-99	1063109	34713	-92	1063192	
Err	Err	Err	36528	-97	1063220	33109	-93	1063234	35393	-99	1063109	34713	-92	1063261	
-3378	36336	-3043	36477	-96	1063289	33118	-93	1063303	35524	-101	1063316	34732	-90	1063330	
-6965	35935	797	36514	-97	1063355	33109	-93	1063369	35698	-99	1063382	34741	-90	1063396	
-7323	35562	-4231	36523	-95	1063423	33034	-94	1063436	35707	-99	1063450	34783	-89	1063463	
-4458	36154	-3588	36519	-96	1063491	33099	-95	1063504	35595	-100	1063518	34765	-90	1063532	
-6050	36018	2233	36495	-98	1063558	33095	-96	1063572	35642	-101	1063585	34694	-93	1063599	
Err	Err	Err	36505	-97	1063626	33095	-95	1063639	35642	-101	1063585	34624	-95	1063660	
Err	Err	Err	36453	-98	1063687	33067	-95	1063701	35642	-101	1063585	34633	-96	1063722	
Err	Err	Err	36500	-97	1063751	33104	-94	1063765	35642	-101	1063585	34596	-97	1063786	
Err	Err	Err	36462	-97	1063812	33160	-95	1063826	35642	-101	1063585	34643	-96	1063847	
Err	Err	Err	36523	-97	1063873	33170	-94	1063887	35642	-101	1063585	34694	-95	1063908	
Err	Err	Err	36519	-98	1063938	33165	-94	1063951	35642	-101	1063585	34647	-95	1063972	
Err	Err	Err	36458	-98	1063999	33193	-93	1064012	35642	-101	1063585	34600	-96	1064034	
Err	Err	Err	36481	0	1064063	33137	-95	1064076	35642	-101	1063585	34614	-96	1064097	
Err	Err	Err	36439	-98	1064126	33081	-96	1064139	35642	-101	1063585	34614	-96	1064097	
Err	Err	Err	36462	-98	1064177	33029	-97	1064191	35642	-101	1063585	34577	-95	1064212	
Err	Err	Err	36355	-97	1064240	33057	-98	1064254	35642	-101	1063585	34614	-95	1064275	
Err	Err	Err	36383	-96	1064301	32978	-98	1064315	35642	-101	1063585	34661	-95	1064336	
Err	Err	Err	36387	-96	1064364	32931	-98	1064377	35642	-101	1063585	34633	-95	1064399	
Err	Err	Err	36486	-95	1064427	32978	-100	1064441	35642	-101	1063585	34614	-94	1064462	
-2771	36318	-3026	36453	-97	1064492	32996	-99	1064505	35449	-104	1064519	34652	-93	1064532	
Err	Err	Err	36481	-97	1064560	32926	-99	1064574	35449	-104	1064519	34633	-93	1064602	
-5465	36063	-1324	36439	-98	1064630	32940	-98	1064643	35538	-101	1064657	34629	-92	1064670	
Err	Err	Err	36444	-98	1064696	33085	-96	1064710	35538	-101	1064657	34680	-91	1064731	
-25531	-19555	-4442	36444	-98	1064696	33053	-95	1064767	35501	-101	1064780	34675	-93	1064794	
Err	Err	Err	36477	-97	1064821	33095	-97	1064835	35501	-101	1064780	34652	-92	1064863	
Err	Err	Err	36420	-97	1064892	32973	-97	1064907	35501	-101	1064780	34643	-93	1064928	
Err	Err	Err	36420	-98	1064955	33057	-97	1064968	35501	-101	1064780	34671	-92	1064989	
Err	Err	Err	36434	-97	1065016	32996	-98	1065030	35501	-101	1064780	34638	-93	1065051	
Err	Err	Err	36411	-99	1065079	32996	-98	1065030	35501	-101	1064780	34614	-95	1065116	
Err	Err	Err	36373	-97	1065139	32912	-98	1065152	35501	-101	1064780	34577	-95	1065174	
Err	Err	Err	36416	-97	1065201	33029	-97	1065216	35501	-101	1064780	34638	-95	1065237	
Err	Err	Err	36378	-97	1065264	33104	-97	1065278	35501	-101	1064780	34685	-94	1065299	
Err	Err	Err	36472	-97	1065326	33043	-97	1065340	35501	-101	1064780	34671	-94	1065361	
Err	Err	Err	36439	-96	1065390	33085	-96	1065403	35501	-101	1064780	34689	-93	1065425	
Err	Err	Err	36472	-97	1065453	33062	-97	1065466	35501	-101	1064780	34704	-93	1065488	
Err	Err	Err	36448	-97	1065518	33095	-97	1065531	35501	-101	1064780	34675	-92	1065552	
Err	Err	Err	36486	-97	1065583	33029	-96	1065596	35501	-101	1064780	34750	-93	1065617	
Err	Err	Err	36486	-96	1065645	33057	-95	1065659	35501	-101	1064780	34708	-93	1065680	
Err	Err	Err	36444	-97	1065707	33071	-95	1065720	35501	-101	1064780	34704	-93	1065743	
Err	Err	Err	36458	-97	1065770	33057	-96	1065785	35501	-101	1064780	34694	-93	1065806	
Err	Err	Err	36462	-98	1065836	33142	-95	1065849	35501	-101	1064780	34638	-95	1065870	
Err	Err	Err	36481	-97	1065901	33146	-95	1065914	35501	-101	1064780	34680	-94	1065936	
Err	Err	Err	36444	-98	1065965	33146	-95	1065978	35501	-101	1064780	34713	-93	1065999	
Err	Err	Err	36453	-99	1066029	33123	-95	1066043	35501	-101	1064780	34708	-93	1066065	
Err	Err	Err	36528	-98	1066092	33132	-96	1066106	35501	-101	1064780	34685	-93	1066127	
Err	Err	Err	36509	-98	1066157	33151	-96	1066171	35501	-101	1064780	34647	-93	1066191	
Err	Err	Err	36477	-98	1066219	33095	-95	1066232	35501	-101	1064780	34699	-94	1066260	
Err	Err	Err	36448	-97	1066288	33137	-95	1066302	35501	-101	1064780	34741	-94	1066324	
-14382	30976	12544	36486	-98	1066354	33189	-95	1066367	36087	-101	1066381	34708	-93	1066394	
-7004	35868	1902	36505	-99	1066422	33090	-95	1066436	35689	-101	1066449	34713	-93	1066463	
Err	Err	Err	36448	-97	1066489	33029	-96	1066503	35689	-101	1066449	34708	-93	1066524	
-8289	35433	3212	36495	-99	1066553	33053	-95	1066566	35731	-100	1066580	34689	-93	1066593	
Err	Err	Err	36401	-98	1066619	33095	-94	1066633	35731	-100	1066580	34732	-93	1066654	
Err	Err	Err	36406	-97	1066682	33057	-95	1066696	35731	-100	1066580	34704	-93	1066717	
Err	Err	Err	36462	-97	1066744	33057	-95	1066696	35731	-100	1066580	34736	-94	1066774	
Err	Err	Err	36472	-98	1066798	33057	-95	1066811	35731	-100	1066580	34769	-93	1066832	
Err	Err	Err	36505	-98	1066860	33090	-95	1066874	35731	-100	1066580	34750	-93	1066895	
Err	Err	Err	36462	-98	1066922	33071	-96	1066936	35731	-100	1066580	34779	-92	1066957	
Err	Err	Err	36514	-98	1066985	32996	-96	1066998	35731	-100	1066580	34741	-92	1067020	
Err	Err	Err	36472	-99	1067049	33043	-96	1067062	35731	-100	1066580	34741	-91	1067083	
Err	Err	Err	36472	-99	1067049	33043	-96	1067062	35731	-100	1066580	34765	-92	1067135	
Err	Err	Err	36509	-98	1067157	33020	-96	1067170	35731	-100	1066580	34760	-92	1067192	
Err	Err	Err	36495	-99	1067219	32987	-96	1067233	35731	-100	1066580	34746	-92	1067254	
Err	Err	Err	36514	-99	1067282	33048	-97	1067296	35731	-100	1066580	34708	-93	1067317	
Err	Err	Err	36491	-99	1067345	33024	-97	1067358	35731	-100	1066580	34704	-94	1067379	
Err	Err	Err	36430	-99	1067411	33034	-97	1067425	35731	-100	1066580	34680	-94	1067446	
Err	Err	Err	36439	-98	1067475	32982	-97	1067489	35731	-100	1066580	34671	-94	1067510	
Err	Err	Err	36509	-98	1067539	32992	-95	1067553	35731	-100	1066580	34680	-94	1067574	
Err	Err	Err	36491	-98	1067604	33029	-96	1067617	35731	-100	1066580	34694	-94	1067638	
Err	Err	Err	36462	-98	1067667	32963	-96	1067680	35731	-100	1066580	34727	-93	1067702	
Err	Err	Err	36491	-98	1067729	33043	-95	1067742	35731	-100	1066580	34736	-94	1067764	
Err	Err	Err	36472	-97	1067793	32978	-98	1067807	35731	-100	1066580	34736	-95	1067828	
Err	Err	Err	36369	-98	1067856	32926	-99	1067870	35731	-100	1066580	34694	-94	1067891	
Err	Err	Err	36486	-97	1067918	32926	-99	1067870	35731	-100	1066580	34704	-95	1067953	
Err	Err	Err	36425	-98	1067976	32837	-102	1067990	35731	-100	1066580	34718	-94	1068011	
Err	Err	Err	36383	-98	1068037	32837	-102	1067990	35731	-100	1066580	34732	-93	1068066	
Err	Err	Err	36444	-98	1068088	33015	-98	1068102	35731	-100	1066580	34793	-91	1068123	
Err	Err	Err	36533	-98	1068152	32949	-98	1068165	35731	-100	1066580	34746	-93	1068187	
Err	Err	Err	36477	-98	1068214	32926	-98	1068227	35731	-100	1066580	34727	-93	1068249	
Err	Err	Err	36523	-99	1068280	32912	-97	1068293	35731	-100	1066580	34727	-92	1068314	
Err	Err	Err	36491	-98	1068344	32912	-97	1068293	35585	-100	1068364	34671	-93	1068378	
Err	Err	Err	36477	-97	1068406	32912	-98	1068420	35585	-100	1068364	34718	-93	1068441	
-7446	34221	-9726	36383	-98	1068470	32846	-98	1068483	35576	-101	1068497	34708	-92	1068510	
Err	Err	Err	36481	-98	1068537	32846	-98	1068483	35576	-101	1068497	34699	-93	1068566	
Err	Err	Err	36467	-98	1068590	32870	-99	1068603	35576	-101	1068497	34671	-93	1068625	
Err	Err	Err	36481	-97	1068655	32921	-100	1068670	35576	-101	1068497	34685	-92	1068691	
Err	Err	Err	36406	-97	1068720	32954	-98	1068733	35576	-101	1068497	34732	-92	1068755	
Err	Err	Err	36453	-97	1068783	32954	-99	1068796	35576	-101	1068497	34689	-92	1068819	
Err	Err	Err	36416	-97	1068847	32954	-97	1068861	35576	-101	1068497	34689	-91	1068889	
Err	Err	Err	36411	-97	1068916	32945	-98	1068930	35576	-101	1068497	34680	-93	1068951	
Err	Err	Err	36434	-96	1068980	32973	-99	1068993	35576	-101	1068497	34685	-93	1069015	
Err	Err	Err	36406	-97	1069044	33029	-99	1069057	35576	-101	1068497	34647	-93	1069079	
Err	Err	Err	36430	-97	1069107	33081	-98	1069121	35576	-101	1068497	34713	-94	1069142	
-4464	36261	-4	36434	-97	1069170	33071	-98	1069184	35524	-99	1069197	34661	-93	1069211	
-6341	35536	5786	36514	-97	1069238	33062	-97	1069252	35665	-99	1069266	34643	-93	1069279	
-3812	35654	7550	36561	-98	1069305	33160	-97	1069319	35618	-98	1069333	34661	-94	1069346	
-4802	35254	8367	36481	-98	1069375	33114	-98	1069389	35590	-98	1069402	34600	-94	1069416	
Err	Err	Err	36425	-98	1069442	33114	-98	1069389	35496	-98	1069470	34694	-93	1069483	
Err	Err	Err	36406	-97	1069513	33114	-98	1069389	35477	-99	1069535	34671	-93	1069549	
Err	Err	Err	36495	-97	1069578	33114	-98	1069389	35510	-99	1069599	34671	-93	1069613	
-4207	35115	-8618	36430	-97	1069642	32841	-97	1069655	35459	-98	1069669	34666	-94	1069682	
-5586	35937	-2688	36486	-96	1069711	32827	-97	1069725	35553	-98	1069738	34619	-94	1069752	
-2559	35733	-6788	36448	-96	1069779	32898	-95	1069793	35412	-98	1069806	34652	-94	1069820	
-3144	35994	-4950	36448	-97	1069847	32879	-97	1069861	35431	-98	1069875	34624	-95	1069888	
-4717	35897	-3843	36430	-98	1069917	32771	-101	1069931	35459	-97	1069944	34568	-95	1069958	
-3522	35716	-6368	36448	-99	1069986	32865	-97	1070000	35445	-97	1070013	34643	-94	1070027	
-2146	36488	1288	36519	-98	1070053	33006	-98	1070067	35473	-97	1070080	34624	-95	1070094	
-2650	36394	1053	36453	-99	1070122	32931	-100	1070137	35426	-98	1070150	34563	-95	1070164	
-3562	36312	1872	36509	-99	1070192	32931	-99	1070206	35506	-98	1070219	34591	-95	1070233	
-4587	36210	104	36523	-99	1070259	32823	-99	1070272	35534	-97	1070286	34582	-95	1070299	
-2439	36419	-233	36491	-99	1070325	32827	-100	1070338	35416	-99	1070352	34544	-95	1070365	
Err	Err	Err	36444	-98	1070393	32827	-100	1070338	38550	-102	1070414	34521	-96	1070428	
Err	Err	Err	36406	-98	1070455	32827	-100	1070338	38550	-102	1070414	34549	-96	1070484	
Err	Err	Err	36444	-98	1070507	32827	-100	1070338	38550	-102	1070414	34572	-95	1070536	
Err	Err	Err	36481	-97	1070559	32827	-100	1070338	35384	0	1070580	34558	-95	1070594	
1011	36502	1348	36500	-98	1070622	32931	-100	1070636	35304	-99	1070650	34535	-96	1070663	
Err	Err	Err	36439	-98	1070691	32846	-98	1070704	35304	-99	1070650	34483	-96	1070726	
-1161	36344	-2956	36439	-98	1070753	32874	-98	1070766	35337	-102	1070780	34563	-95	1070793	
Err	Err	Err	36467	-98	1070819	32856	-99	1070832	35337	-102	1070780	34544	-94	1070854	
Err	Err	Err	36467	-99	1070881	32832	-99	1070894	35337	-102	1070780	34591	-93	1070922	
Err	Err	Err	36458	-98	1070951	33048	-98	1070964	35337	-102	1070780	34657	-93	1070986	
Err	Err	Err	36519	-97	1071016	33048	-98	1070964	35337	-102	1070780	34685	-93	1071044	
Err	Err	Err	36477	-98	1071067	33128	-98	1071080	35337	-102	1070780	34685	-93	1071108	
-1131	36464	-2073	36434	-98	1071137	33053	-98	1071150	35384	0	1071164	34638	-94	1071177	
-1488	36530	2513	36547	-98	1071204	33099	-99	1071217	35492	-99	1071231	34661	-95	1071244	
Err	Err	Err	36552	-97	1071271	33099	-99	1071217	35473	-99	1071292	34619	-95	1071306	
Err	Err	Err	36528	-97	1071333	33099	-99	1071217	35473	-99	1071292	34657	-95	1071362	
Err	Err	Err	36509	-97	1071384	33099	-99	1071217	35445	-97	1071411	34633	-93	1071424	
Err	Err	Err	36444	-98	1071452	33099	-99	1071217	35473	-97	1071473	34680	-92	1071487	
Err	Err	Err	36528	-97	1071515	33099	-99	1071217	35501	-97	1071537	34750	-92	1071551	
Err	Err	Err	36556	-98	1071580	33099	-99	1071217	35515	-97	1071601	34746	-92	1071615	
-3366	34986	-9613	36458	-98	1071642	32902	-99	1071656	35459	-97	1071669	34713	-91	1071683	
-2770	32908	-15144	36477	-99	1071712	32860	-99	1071726	35445	-97	1071739	34793	-91	1071753	
-3948	33673	-13054	36472	-98	1071779	32818	-99	1071793	35482	-97	1071806	34750	-92	1071820	
-2509	36447	-1672	36514	-97	1071847	32978	-98	1071861	35477	-96	1071874	34652	-92	1071888	
-4776	35831	-5030	36444	-98	1071915	32963	-99	1071928	35520	-96	1071942	34685	-92	1071956	
-2342	36147	-4872	36519	-98	1071983	32954	-98	1071996	35468	-97	1072010	34685	-91	1072023	
-2919	35244	-8865	36495	-98	1072050	32879	-99	1072064	35459	-96	1072077	34704	-92	1072091	
-4558	35463	-7230	36495	-98	1072118	32893	-99	1072132	35534	-96	1072146	34708	-91	1072159	
-4842	35609	-6304	36533	-98	1072188	32823	-98	1072202	35557	-96	1072215	34685	-92	1072229	
-5130	36133	-1422	36472	-98	1072257	32959	-97	1072270	35553	-97	1072284	34652	-93	1072297	
-3656	36378	227	36486	-97	1072326	32982	-97	1072339	35506	-96	1072353	34629	-93	1072366	
-4189	36309	246	36528	-96	1072394	32935	-97	1072407	35548	-97	1072422	34633	-93	1072435	
-3256	36213	-3621	36533	-97	1072461	32912	-96	1072475	35506	-97	1072489	34666	-93	1072502	
-4440	35883	5575	36462	-97	1072528	33114	-96	1072542	35557	-98	1072555	34624	-94	1072569	
341	36529	-1932	36505	-96	1072596	32996	-97	1072610	35356	-99	1072623	34624	-94	1072637	
-2574	36448	-407	36505	-97	1072664	32926	-99	1072678	35459	-99	1072692	34605	-93	1072705	
-3726	36328	1002	36552	-97	1072732	32851	-98	1072746	35524	-98	1072759	34586	-94	1072773	
-1672	36349	-2752	36500	-97	1072802	32823	-98	1072815	35388	-100	1072829	34572	-94	1072842	
-2511	36278	2785	36491	-98	1072871	32799	-97	1072884	35412	-105	1072898	34488	-94	1072911	
-3972	36207	-484	36411	-98	1072941	32813	-97	1072954	35421	-101	1072968	34521	-94	1072982	
-5146	36005	1834	36458	-98	1073009	32724	-96	1073022	35487	-100	1073036	34483	-94	1073050	
-3861	36165	-859	36383	-100	1073078	32729	-100	1073092	35374	-99	1073105	34469	-94	1073119	
-33037	3864	-5263	36383	-100	1073078	32659	-100	1073160	35360	-99	1073173	34469	-93	1073187	
-29626	-12754	-4849	36383	-100	1073078	32710	-99	1073225	35431	-100	1073239	34502	-91	1073252	
-6889	34727	-7956	36317	-99	1073283	32748	-96	1073297	35473	-99	1073310	34591	-91	1073324	
-2986	33137	15000	36359	-98	1073352	33414	-95	1073365	35515	-98	1073380	34596	-91	1073394	
-1109	35997	6745	36406	-97	1073421	33343	-96	1073434	35449	-97	1073448	34666	-90	1073461	
Err	Err	Err	36467	-98	1073488	33259	-98	1073501	35449	-97	1073448	34657	-90	1073521	
-3371	36161	-4239	36467	-98	1073549	33057	-97	1073563	35501	-96	1073576	34713	-90	1073590	
-964	36591	2265	36519	-98	1073616	33240	-96	1073630	35492	-96	1073643	34718	-90	1073657	
Err	Err	Err	36561	-98	1073684	33109	-97	1073697	35529	-97	1073711	34718	-90	1073657	
-4215	36082	-4097	36486	-97	1073745	33029	-97	1073759	35543	-96	1073772	34718	-92	1073786	
-4326	36266	1435	36481	-98	1073812	33010	-98	1073826	35538	-96	1073839	34633	-92	1073853	
1114	34786	11325	36467	-98	1073880	33240	-98	1073894	35374	-98	1073908	34549	-93	1073921	
-75	35884	-6216	36491	-100	1073950	32734	-99	1073963	35285	-99	1073977	34553	-96	1073990	
-5664	36038	1112	36425	-98	1074021	32949	-99	1074034	35538	-96	1074048	34596	-95	1074061	
-3050	36373	666	36472	-98	1074087	32902	-97	1074100	35449	-99	1074114	34568	-94	1074128	
Err	Err	Err	36462	-99	1074155	32832	-98	1074169	35449	-99	1074114	34610	-94	1074190	
Err	Err	Err	36519	-97	1074219	32832	-98	1074169	35520	-98	1074240	34657	-94	1074254	
-3342	35097	-9340	36580	-96	1074281	32832	-100	1074295	35529	-95	1074308	34741	-92	1074322	
-3196	35479	-7966	36566	-95	1074349	32870	-96	1074363	35520	-94	1074376	34727	-92	1074390	
-4108	35565	-6703	36467	-94	1074416	32776	-95	1074430	35463	-96	1074443	34624	-94	1074457	
Err	Err	Err	36364	-96	1074484	32790	-99	1074498	35463	-96	1074443	34469	-94	1074526	
Err	Err	Err	36401	-98	1074554	32790	-99	1074498	35463	-96	1074443	34469	-94	1074583	
Err	Err	Err	36495	-99	1074606	32799	-98	1074619	35463	-96	1074443	34488	-93	1074640	
-4718	36031	-2897	36387	-98	1074666	32921	-98	1074680	35463	-98	1074693	34605	-93	1074707	
Err	Err	Err	36509	-98	1074734	32921	-98	1074680	35506	-98	1074754	34610	-92	1074768	
Err	Err	Err	36448	-98	1074796	32921	-98	1074680	35398	-98	1074824	34563	-92	1074837	
-1296	36294	3823	36439	-99	1074866	32968	-99	1074880	35370	-101	1074893	34521	-94	1074907	
-2946	36219	3420	36444	-98	1074935	32940	-98	1074949	35435	-98	1074962	34535	-95	1074976	
Err	Err	Err	36439	-96	1075002	32865	-96	1075016	35435	-98	1074962	34507	-96	1075044	
-4119	36205	521	36401	-96	1075072	32837	-95	1075086	35426	-98	1075099	34516	-96	1075113	
Err	Err	Err	36434	-97	1075140	32865	-97	1075154	35426	-98	1075099	34525	-95	1075174	
-2145	36418	-686	36434	-98	1075201	32888	-98	1075215	35379	-101	1075229	34549	-96	1075242	
Err	Err	Err	36387	-97	1075271	32888	-98	1075215	35379	-101	1075229	34596	-95	1075300	
Err	Err	Err	36514	-96	1075322	32931	-98	1075336	35379	-101	1075229	34577	-96	1075357	
Err	Err	Err	36491	-96	1075385	32870	-98	1075399	35379	-101	1075229	34539	-96	1075420	
Err	Err	Err	36519	-96	1075449	32837	-98	1075462	35379	-101	1075229	34610	-96	1075483	
Err	Err	Err	36566	-95	1075512	32917	-99	1075525	35379	-101	1075229	34610	-95	1075547	
-960	36314	-3922	36533	-95	1075575	32898	-99	1075589	35402	-99	1075602	34633	-94	1075616	
384	36121	-5388	36491	-95	1075643	32926	-100	1075657	35323	-98	1075670	34629	-94	1075684	
Err	Err	Err	36528	-95	1075711	32926	-100	1075657	35412	-98	1075733	34675	-95	1075747	
Err	Err	Err	36533	-96	1075775	32926	-100	1075657	35412	-98	1075733	34685	-95	1075810	
Err	Err	Err	36542	-95	1075831	32926	-100	1075657	35379	-98	1075853	34629	-95	1075867	
Err	Err	Err	36542	-95	1075831	32926	-100	1075657	35374	-99	1075911	34629	-95	1075925	
-1613	36234	-4495	36533	-95	1075946	32931	-101	1075960	35440	-98	1075975	34666	-94	1075988	
Err	Err	Err	36533	-95	1076015	32931	-101	1075960	35463	-98	1076042	34647	-94	1076055	
Err	Err	Err	36537	-95	1076085	32931	-101	1075960	35496	-97	1076106	34652	-93	1076120	
Err	Err	Err	36556	-95	1076150	32931	-101	1075960	35487	-96	1076171	34713	-94	1076185	
Err	Err	Err	36514	-96	1076211	32931	-101	1075960	35510	-95	1076232	34671	-93	1076246	
Err	Err	Err	36500	-96	1076274	32931	-101	1075960	35520	-95	1076302	34675	-93	1076316	
Err	Err	Err	36528	-97	1076344	32931	-101	1075960	35520	-95	1076302	34736	-93	1076374	
Err	Err	Err	36528	-98	1076396	32931	-101	1075960	35482	-95	1076417	34666	-93	1076431	
Err	Err	Err	36528	-98	1076396	32931	-101	1075960	35543	-95	1076482	34722	-93	1076496	
-2233	35954	-5921	36495	-99	1076518	32912	-100	1076532	35435	-96	1076545	34666	-93	1076559	
Err	Err	Err	36495	-99	1076518	32813	-98	1076596	35510	-96	1076610	34629	-94	1076624	
Err	Err	Err	36331	-99	1076651	32902	-99	1076664	35506	-96	1076678	34629	-94	1076624	
-5452	34569	-9896	36420	-99	1076713	32799	-100	1076726	35501	-96	1076740	34680	-94	1076753	
-6188	35889	-1240	36416	-99	1076781	32879	-99	1076795	35538	-96	1076808	34596	-94	1076823	
-3904	36193	-2029	36434	-99	1076851	32851	-98	1076864	35445	-97	1076878	34572	-94	1076891	
-6582	35689	-2739	36364	-99	1076917	32851	-98	1076930	35510	-97	1076944	34582	-94	1076957	
-5886	35895	-1851	36383	-100	1076985	32884	-99	1076998	35501	-96	1077012	34586	-94	1077026	
-4481	36230	-769	36491	-100	1077054	32898	-98	1077067	35524	-96	1077081	34614	-94	1077094	
-4968	35866	-4590	36453	-98	1077120	32940	-98	1077134	35529	-95	1077147	34675	-93	1077161	
-5188	35741	-4888	36411	-98	1077189	32893	-98	1077202	35496	-96	1077216	34638	-93	1077229	
-5243	35817	-4420	36406	-98	1077256	32959	-99	1077269	35510	-95	1077283	34661	-93	1077296	
Err	Err	Err	36528	-98	1077323	32959	-99	1077269	35538	-95	1077344	34718	-94	1077358	
Err	Err	Err	36561	-97	1077385	32959	-99	1077269	35449	-98	1077407	34666	-94	1077422	
503	35689	-7656	36542	-97	1077450	32874	-98	1077463	35337	-98	1077477	34661	-94	1077490	
-636	36067	-5737	36519	-97	1077518	32917	-97	1077532	35384	-98	1077545	34657	-94	1077559	
1455	36289	-4347	36552	-96	1077586	32968	-96	1077600	35332	-99	1077613	34652	-93	1077627	
Err	Err	Err	36509	-97	1077657	32940	-97	1077671	35332	-99	1077613	34600	-93	1077699	
Err	Err	Err	36491	-98	1077727	32888	-99	1077741	35332	-99	1077613	34577	-94	1077762	
Err	Err	Err	36467	-98	1077790	32846	-99	1077804	35332	-99	1077613	34558	-94	1077825	
Err	Err	Err	36434	-98	1077853	32799	-99	1077866	35332	-99	1077613	34558	-95	1077894	
Err	Err	Err	36472	-98	1077922	32846	-100	1077935	35332	-99	1077613	34539	-95	1077963	
Err	Err	Err	36491	-98	1077991	32827	-100	1078004	35332	-99	1077613	34577	-95	1078025	
Err	Err	Err	36495	-98	1078053	32912	-100	1078066	35332	-99	1077613	34572	-94	1078087	
Err	Err	Err	36486	-98	1078116	32926	-99	1078130	35332	-99	1077613	34624	-93	1078151	
Err	Err	Err	36430	-99	1078180	32893	-98	1078193	35332	-99	1077613	34586	-93	1078213	
-1083	36556	-782	36500	-99	1078243	32996	-99	1078256	35412	-99	1078270	34624	-92	1078283	
Err	Err	Err	36505	-99	1078310	32996	-99	1078256	35412	-99	1078270	34647	-94	1078339	
Err	Err	Err	36505	-99	1078310	33278	-98	1078371	35477	-99	1078385	34582	-96	1078398	
Err	Err	Err	36481	-99	1078425	32902	-98	1078439	35477	-99	1078385	34558	-95	1078460	
Err	Err	Err	36472	-98	1078488	32945	-98	1078501	35477	-99	1078385	34563	-95	1078529	
Err	Err	Err	36448	-98	1078555	32926	-98	1078569	35477	-99	1078385	34507	-95	1078590	
Err	Err	Err	36472	-98	1078616	32931	-99	1078630	35477	-99	1078385	34694	-95	1078651	
-6541	35669	-4400	36556	-98	1078680	32926	-101	1078694	35674	-98	1078707	34741	-95	1078720	
Err	Err	Err	36570	-97	1078747	32926	-101	1078694	35642	-96	1078775	34675	-95	1078788	
-3812	36390	728	36617	-99	1078816	32926	-98	1078830	35595	-97	1078843	34661	-96	1078857	
-2980	36433	-902	36575	-98	1078884	32898	-99	1078897	35520	-99	1078911	34638	-96	1078924	
Err	Err	Err	36552	-99	1078951	32898	-99	1078897	35520	-99	1078911	34563	-96	1078987	
Err	Err	Err	36575	-98	1079010	32898	-99	1078897	35520	-99	1078911	34680	-95	1079040	
Err	Err	Err	36537	-98	1079064	32898	-99	1078897	35520	-99	1078911	34666	-94	1079094	
Err	Err	Err	36566	-98	1079116	32898	-99	1078897	35454	-99	1079138	34661	-94	1079151	
Err	Err	Err	36617	-97	1079179	32945	-98	1079193	35482	-98	1079206	34661	-94	1079151	
921	36492	-2674	36575	-96	1079242	32978	-96	1079255	35374	-100	1079269	34652	-93	1079282	
Err	Err	Err	36598	-96	1079309	32978	-96	1079255	35374	-100	1079269	34685	-94	1079338	
Err	Err	Err	36570	-96	1079362	32992	-97	1079375	35374	-100	1079269	34633	-93	1079396	
-2942	36494	-190	36552	-98	1079424	33053	-98	1079438	35543	-97	1079451	34694	-97	1079465	
Err	Err	Err	36514	-102	1079492	33053	-98	1079438	35623	-95	1079519	34755	-96	1079533	
-5034	35838	-5114	36584	-98	1079563	32907	-100	1079578	35623	-96	1079591	34736	-95	1079605	
-2240	36565	254	36627	-97	1079632	32982	-99	1079645	35548	-98	1079659	34680	-96	1079672	
Err	Err	Err	36542	-99	1079700	32982	-99	1079645	35613	-97	1079721	34765	-95	1079735	
-29218	-14214	-4888	36542	-99	1079700	33099	-100	1079770	35595	-97	1079784	34788	-94	1079797	
-4145	36442	1528	36692	-96	1079827	33090	-99	1079841	35707	-97	1079854	34774	-94	1079868	
Err	Err	Err	36772	-96	1079895	33090	-99	1079841	35449	-100	1079916	34699	-94	1079930	
Err	Err	Err	36786	-96	1079957	33090	-99	1079841	35449	-100	1079916	34671	-94	1079988	
Err	Err	Err	36650	-97	1080011	32917	-99	1080024	35449	-100	1079916	34614	-96	1080045	
Err	Err	Err	36650	-98	1080073	32973	-100	1080087	35449	-100	1079916	34638	-96	1080108	
Err	Err	Err	36570	-99	1080138	32973	-100	1080087	35393	-97	1080160	34652	-94	1080174	
Err	Err	Err	36697	-97	1080201	32973	-100	1080087	35412	-98	1080228	34774	-95	1080241	
Err	Err	Err	36659	-97	1080271	32973	-100	1080087	35440	-100	1080292	34680	-96	1080306	
Err	Err	Err	36613	-97	1080334	32973	-100	1080087	35416	-99	1080355	34675	-96	1080369	
Err	Err	Err	36570	-97	1080396	32973	-100	1080087	35449	-100	1080417	34657	-96	1080431	
Err	Err	Err	36631	-97	1080461	32973	-100	1080087	35445	-99	1080484	34699	-96	1080498	
Err	Err	Err	36627	-97	1080526	32973	-100	1080087	35426	-99	1080547	34671	-96	1080561	
Err	Err	Err	36523	-98	1080590	32973	-100	1080087	35501	-98	1080611	34666	-96	1080626	
Err	Err	Err	36505	-98	1080655	32973	-100	1080087	35454	-97	1080676	34680	-96	1080690	
Err	Err	Err	36650	-97	1080719	32973	-100	1080087	35492	-98	1080740	34675	-95	1080754	
Err	Err	Err	36584	-97	1080782	32973	-100	1080087	35501	-99	1080804	34713	-95	1080818	
Err	Err	Err	36608	-97	1080847	32963	-99	1080861	35501	-99	1080804	34727	-95	1080883	
Err	Err	Err	36603	-97	1080912	32963	-99	1080861	35557	-100	1080940	34713	-95	1080954	
-2104	35807	-7128	36575	-98	1080981	32978	-99	1080995	35506	-105	1081009	34755	-95	1081022	
Err	Err	Err	36608	-98	1081048	32968	-99	1081062	35506	-105	1081009	34722	-95	1081082	
-905	36235	-5200	36603	-98	1081109	33010	-100	1081123	35482	-102	1081136	34741	-95	1081150	
Err	Err	Err	36608	-98	1081176	33010	-100	1081123	35567	-102	1081197	34704	-94	1081211	
-1905	36413	-3535	36650	-99	1081239	32973	-99	1081253	35548	-101	1081266	34736	-94	1081280	
Err	Err	Err	36650	-99	1081239	33015	-99	1081321	35548	-101	1081266	34694	-94	1081342	
-1808	36547	-1287	36589	-98	1081364	32978	-100	1081378	35501	-100	1081391	34675	-94	1081405	
-1657	36559	-1243	36580	-98	1081431	32992	-101	1081444	35492	-101	1081458	34675	-94	1081471	
Err	Err	Err	36622	-99	1081498	32992	-101	1081444	35482	-100	1081519	34675	-94	1081533	
Err	Err	Err	36622	-99	1081498	32992	-101	1081444	35482	-100	1081519	34699	-94	1081585	
Err	Err	Err	36636	-102	1081608	32992	-101	1081444	35529	-100	1081630	34708	-95	1081644	
Err	Err	Err	36636	-102	1081608	32992	-101	1081444	35524	-100	1081693	34835	-97	1081706	
Err	Err	Err	36636	-102	1081608	32992	-101	1081444	35562	-100	1081745	34685	-96	1081759	
Err	Err	Err	36537	-97	1081781	32992	-101	1081444	35529	-99	1081802	34722	-95	1081816	
Err	Err	Err	36537	-97	1081781	32992	-101	1081444	35515	-99	1081858	34685	-94	1081872	
Err	Err	Err	36542	-97	1081893	32992	-101	1081444	35487	-99	1081914	34671	-94	1081928	
Err	Err	Err	36519	-97	1081955	32992	-101	1081444	35459	-99	1081976	34605	-93	1081990	
Err	Err	Err	36519	-98	1082019	32992	-101	1081444	35431	-100	1082040	34619	-94	1082054	
-3280	35775	-5914	36383	-100	1082082	32837	-100	1082096	35379	-101	1082109	34586	-94	1082122	
Err	Err	Err	36383	-100	1082082	32837	-100	1082096	35379	-100	1082171	34680	-94	1082184	
Err	Err	Err	36655	-98	1082207	32837	-100	1082096	35534	-100	1082228	34657	-94	1082242	
Err	Err	Err	36655	-98	1082207	32837	-100	1082096	35651	-99	1082285	34708	-94	1082299	
Err	Err	Err	36580	-97	1082319	32837	-100	1082096	35642	-98	1082340	34704	-94	1082354	
Err	Err	Err	36580	-97	1082380	32837	-100	1082096	35613	-98	1082402	34708	-94	1082416	
Err	Err	Err	36636	-97	1082443	32837	-100	1082096	35660	-97	1082465	34736	-95	1082479	
Err	Err	Err	36631	-97	1082505	32837	-100	1082096	35609	-98	1082533	34750	-95	1082546	
Err	Err	Err	36636	-98	1082573	32837	-100	1082096	35553	-97	1082594	34718	-95	1082608	
Err	Err	Err	36561	-98	1082635	32837	-100	1082096	35585	-102	1082656	34652	-96	1082670	
Err	Err	Err	36617	-100	1082698	32837	-100	1082096	35585	-102	1082656	34614	-95	1082728	
Err	Err	Err	36617	-100	1082698	32837	-100	1082096	35585	-102	1082656	34539	-95	1082781	
Err	Err	Err	36617	-100	1082698	32837	-100	1082096	35585	-102	1082656	34647	-95	1082828	
Err	Err	Err	36580	-100	1082852	32837	-100	1082096	35585	-102	1082656	34647	-96	1082881	
Err	Err	Err	36598	-99	1082903	32837	-100	1082096	35585	-102	1082656	34624	-95	1082932	
Err	Err	Err	36622	-99	1082953	32837	-100	1082096	35721	-100	1082975	34661	-95	1082989	
Err	Err	Err	36566	-99	1083016	32837	-100	1082096	35670	-100	1083039	34704	-95	1083053	
Err	Err	Err	36641	-99	1083082	32837	-100	1082096	35721	-101	1083103	34657	-95	1083117	
Err	Err	Err	36566	-100	1083145	32837	-100	1082096	35721	-101	1083103	34657	-95	1083117	
Err	Err	Err	36645	-100	1083191	32837	-100	1082096	35721	-101	1083103	34647	-95	1083220	
Err	Err	Err	36645	-100	1083191	32837	-100	1082096	35721	-101	1083103	34629	-94	1083266	
Err	Err	Err	36645	-100	1083191	32837	-100	1082096	35721	-101	1083103	34600	-94	1083318	
Err	Err	Err	36645	-100	1083191	32837	-100	1082096	35721	-101	1083103	34619	-94	1083371	
Err	Err	Err	36645	-100	1083191	32837	-100	1082096	35721	-101	1083103	34638	-94	1083422	
Err	Err	Err	36645	-100	1083191	32837	-100	1082096	35721	-101	1083103	34624	-93	1083473	
Err	Err	Err	36645	-100	1083191	32837	-100	1082096	35721	-101	1083103	34629	-93	1083520	
Percentuale di fallimenti nel positioning: 73.6%
