Distanza: 40000.0
X [mm]	Y [mm]	Z [mm]	A0 	 RSS 	 Time 	 A1 	 RSS 	 Time 	 A2 	 RSS 	 Time 	 A3 	 RSS 	 Time 	 
Err	Err	Err	39727	-99	1098517	36345	-98	1098531	0	0	1705985	38296	-96	1098561	
455	37815	-12516	39839	-99	1098587	36364	-97	1098601	38695	-98	1098614	38109	-96	1098628	
-724	34867	-18833	39694	-99	1098653	36345	-98	1098667	38639	-99	1098680	38137	-97	1098694	
Err	Err	Err	39694	-99	1098653	36345	-98	1098667	38714	-98	1098736	37982	-101	1098750	
-5536	38951	-5535	39643	-101	1098772	36270	-100	1098785	38756	-98	1098800	37940	-100	1098814	
Err	Err	Err	39643	-101	1098772	36200	-100	1098854	38742	-97	1098868	37931	-100	1098881	
Err	Err	Err	39643	-101	1098772	36294	-101	1098913	38756	-97	1098927	37931	-100	1098881	
Err	Err	Err	39643	-101	1098772	36294	-101	1098913	38751	-96	1098975	37940	-99	1098990	
Err	Err	Err	39643	-101	1098772	36237	-99	1099019	38704	-97	1099033	37940	-99	1098990	
Err	Err	Err	39643	-101	1098772	36247	-98	1099075	38672	-96	1099089	37851	-98	1099103	
Err	Err	Err	39643	-101	1098772	36214	-98	1099135	38606	-97	1099149	37823	-97	1099163	
1743	38855	8801	39947	-99	1099189	36251	-97	1099203	38681	-98	1099216	37809	-97	1099230	
Err	Err	Err	39947	-99	1099189	36181	-95	1099262	38672	-98	1099276	38334	-97	1099289	
Err	Err	Err	39947	-99	1099189	36181	-95	1099262	38620	-97	1099330	37898	-97	1099343	
Err	Err	Err	39947	-99	1099189	36181	-95	1099262	38601	-95	1099380	37888	-97	1099393	
3185	38526	9734	39933	-99	1099414	36251	-97	1099428	38611	-97	1099441	37771	-96	1099455	
Err	Err	Err	39933	-99	1099414	36219	-98	1099489	38658	-100	1099503	37860	-96	1099516	
Err	Err	Err	39933	-99	1099414	36143	-98	1099551	38690	-98	1099565	37893	-98	1099578	
Err	Err	Err	39825	-100	1099604	36280	-99	1099618	38653	-100	1099631	37893	-98	1099578	
Err	Err	Err	39825	-100	1099604	36280	-99	1099618	38719	-99	1099680	37940	-97	1099694	
220	39431	-6251	39915	-97	1099715	36317	-99	1099728	38742	-99	1099742	38043	-97	1099755	
517	39562	-5094	39905	-97	1099782	36242	-102	1099795	38700	-100	1099809	37982	-97	1099822	
Err	Err	Err	39830	-99	1099849	36237	-99	1099863	38700	-100	1099809	38024	-101	1099884	
Err	Err	Err	39863	-100	1099910	36237	-99	1099863	38737	-99	1099938	37935	-99	1099951	
Err	Err	Err	39896	-99	1099978	36256	-99	1099991	38728	-99	1100005	37935	-99	1099951	
-281	39891	1272	39868	-99	1100039	36298	-100	1100053	38723	-100	1100067	37921	-98	1100080	
Err	Err	Err	39900	-99	1100107	36289	-100	1100121	38723	-100	1100067	38038	-94	1100142	
Err	Err	Err	39980	-99	1100169	36345	-101	1100183	38723	-100	1100067	37935	-95	1100204	
Err	Err	Err	39858	-101	1100231	36270	-101	1100245	38723	-100	1100067	37968	-99	1100266	
Err	Err	Err	39844	-101	1100291	36284	-102	1100305	38723	-100	1100067	37996	-96	1100326	
Err	Err	Err	39872	-100	1100354	36256	-100	1100367	38723	-100	1100067	37977	-96	1100389	
Err	Err	Err	39985	-98	1100418	36204	-100	1100431	38723	-100	1100067	38024	-97	1100452	
Err	Err	Err	39933	-99	1100479	36176	-101	1100493	38723	-100	1100067	37987	-97	1100514	
Err	Err	Err	39886	-100	1100541	36176	-101	1100493	38789	-100	1100563	37940	-97	1100577	
Err	Err	Err	39854	-101	1100604	36209	-101	1100617	38789	-100	1100563	38010	-96	1100639	
Err	Err	Err	39854	-101	1100604	36247	-105	1100674	38789	-99	1100688	37987	-96	1100701	
-1178	39494	-5563	39905	-99	1100729	36265	-101	1100743	38775	-98	1100756	38020	-96	1100770	
-1858	39793	-2747	39943	-99	1100796	36256	-100	1100809	38826	-97	1100823	38006	-97	1100836	
Err	Err	Err	39943	-99	1100796	36284	-100	1100878	38845	-97	1100891	38067	-98	1100905	
-1876	39791	-2920	39905	-99	1100932	36317	-100	1100946	38817	-97	1100959	38020	-97	1100973	
-3477	39761	-425	39835	-101	1101000	36345	-100	1101013	38836	-97	1101027	37987	-97	1101040	
Err	Err	Err	39835	-101	1101000	36350	-101	1101075	38817	-98	1101089	38024	-96	1101102	
Err	Err	Err	39835	-101	1101000	36317	-102	1101143	38836	-98	1101156	38034	-96	1101170	
-2498	39029	-7721	39849	-101	1101202	36298	-102	1101216	38798	-99	1101229	38052	-96	1101243	
Err	Err	Err	39849	-101	1101202	36298	-102	1101216	38770	-99	1101291	38024	-96	1101305	
Err	Err	Err	39849	-101	1101202	36298	-102	1101216	38803	-99	1101345	38010	-96	1101358	
Err	Err	Err	39849	-101	1101202	36298	-102	1101216	38761	-99	1101403	37968	-97	1101417	
Err	Err	Err	39830	-103	1101438	36298	-102	1101216	38789	-100	1101459	37977	-97	1101473	
Err	Err	Err	39802	-104	1101499	36298	-102	1101216	38789	-100	1101459	38038	-98	1101527	
-1518	38361	-10530	39858	-102	1101548	36242	-101	1101561	38751	-100	1101575	38057	-98	1101588	
Err	Err	Err	39858	-102	1101548	36242	-101	1101623	38751	-100	1101575	38034	-98	1101644	
Err	Err	Err	39858	-102	1101548	36308	-100	1101681	38826	-99	1101695	38029	-98	1101708	
-1664	39176	-7220	39858	-99	1101736	36294	-100	1101749	38770	-98	1101764	38038	-98	1101778	
-547	39181	-7712	39943	-99	1101806	36336	-100	1101819	38798	-97	1101833	38095	-98	1101846	
-3406	39151	-6603	39825	-100	1101874	36284	-99	1101887	38812	-98	1101901	38029	-97	1101914	
-3736	39701	1749	39854	-101	1101940	36326	-99	1101954	38855	-97	1101967	37963	-97	1101981	
Err	Err	Err	39854	-101	1101940	36251	-99	1102014	38826	-98	1102028	38038	-97	1102041	
-31841	-15968	-5341	39854	-101	1101940	36214	-99	1102081	38817	-98	1102094	37982	-97	1102108	
-3332	39425	-4632	39839	-102	1102137	36209	-99	1102150	38798	-99	1102164	37973	-97	1102177	
-975	38309	-10822	39830	-99	1102205	36289	-98	1102218	38723	-99	1102232	38062	-97	1102246	
-274	38990	-8130	39816	-99	1102274	36261	-99	1102288	38676	-101	1102301	37996	-98	1102315	
Err	Err	Err	39816	-99	1102274	36233	-100	1102355	38784	-99	1102368	37991	-96	1102382	
-3805	39161	-6190	39793	-99	1102413	36280	-100	1102426	38803	-98	1102440	38010	-96	1102453	
-3086	38764	-8921	39929	-97	1102480	36289	-98	1102494	38878	-96	1102507	38113	-95	1102521	
-3521	38458	-9908	39886	-98	1102545	36317	-99	1102559	38873	-97	1102572	38123	-95	1102586	
-1927	39629	-4454	39929	-98	1102612	36280	-100	1102626	38826	-97	1102639	38034	-97	1102653	
-2074	39844	-2541	39952	-98	1102678	36369	-99	1102692	38873	-96	1102706	38067	-97	1102719	
Err	Err	Err	39825	-98	1102747	36369	-99	1102692	38836	-97	1102776	38010	-97	1102789	
Err	Err	Err	39905	-100	1102819	36369	-99	1102692	38836	-97	1102846	38090	-98	1102859	
-3203	37825	-11757	39868	-100	1102887	36125	-102	1102902	38798	-98	1102915	38048	-99	1102929	
-27745	-21914	-4859	39868	-100	1102887	36190	-100	1102964	38803	-98	1102978	37940	-100	1102992	
-2654	39631	-3071	39858	-99	1103024	36209	-100	1103038	38784	-98	1103052	37954	-98	1103065	
-1857	39715	-3442	39896	-99	1103093	36275	-99	1103106	38798	-98	1103120	38001	-98	1103133	
-787	39459	-6274	39943	-99	1103161	36369	-98	1103175	38817	-98	1103188	38095	-97	1103202	
-793	39161	-7647	39943	-98	1103230	36350	-97	1103244	38812	-100	1103257	38104	-95	1103271	
884	39493	-6171	39980	-98	1103297	36364	-97	1103310	38775	-102	1103324	38090	-96	1103337	
-853	39371	-6677	39915	-99	1103364	36298	-99	1103378	38779	-100	1103391	38052	-96	1103405	
1799	37577	-13067	39900	-98	1103430	36303	-100	1103443	38662	-100	1103457	38104	-96	1103470	
Err	Err	Err	39943	-96	1103498	36261	-98	1103511	38662	-100	1103457	38062	-95	1103533	
Err	Err	Err	40051	-94	1103562	36359	-95	1103576	38662	-100	1103457	38188	-94	1103597	
7025	39409	-1122	40135	-94	1103628	36364	-95	1103642	38625	-100	1103655	38024	-96	1103669	
Err	Err	Err	39971	-96	1103697	36237	-99	1103710	38625	-100	1103655	38034	-97	1103731	
-106	38564	-10071	39919	-97	1103758	36247	-98	1103772	38737	-99	1103785	38067	-97	1103799	
-3713	38914	-7669	39886	-98	1103825	36190	-100	1103839	38845	-99	1103853	38034	-98	1103866	
Err	Err	Err	39807	-99	1103892	36190	-100	1103839	38845	-100	1103914	38034	-99	1103928	
Err	Err	Err	39854	-99	1103955	36270	-100	1103969	38704	-102	1103982	38034	-99	1103928	
-2396	38843	-8589	39882	-98	1104016	36261	-99	1104029	38808	-101	1104043	38062	-99	1104056	
Err	Err	Err	39882	-98	1104016	36261	-98	1104097	38808	-100	1104110	38015	-98	1104124	
-1713	39821	-2651	39910	-98	1104150	36247	-98	1104164	38794	-99	1104177	37982	-99	1104191	
-2317	39548	-4448	39849	-98	1104220	36247	-98	1104234	38775	-98	1104247	37982	-100	1104261	
-3897	39315	-5110	39849	-98	1104289	36200	-98	1104302	38826	-98	1104316	37987	-100	1104329	
-4299	39634	725	39844	-99	1104356	36270	-100	1104370	38855	-97	1104383	37949	-102	1104397	
-4459	39532	-1679	39858	-100	1104424	36219	-99	1104438	38859	-98	1104451	37963	-98	1104465	
-4339	39205	-5706	39839	-99	1104491	36270	-99	1104505	38855	-97	1104519	38029	-98	1104532	
-3755	39248	-5861	39900	-98	1104558	36294	-98	1104572	38883	-97	1104585	38067	-97	1104599	
-2571	39777	-2388	39915	-99	1104626	36294	-99	1104639	38845	-97	1104653	38015	-99	1104666	
-4613	39511	-3165	39839	-99	1104692	36359	-98	1104706	38887	-97	1104719	38043	-97	1104733	
Err	Err	Err	39839	-99	1104692	36284	-99	1104776	38878	-96	1104789	37959	-99	1104803	
Err	Err	Err	39872	-99	1104830	36284	-99	1104776	38855	-96	1104851	38029	-98	1104865	
-3824	39728	1335	39905	-98	1104895	36312	-98	1104908	38892	-97	1104922	37987	-98	1104935	
-3532	39761	1294	39886	-98	1104962	36336	-98	1104976	38873	-96	1104989	37987	-98	1105003	
-2822	39777	-2351	39924	-98	1105031	36336	-98	1105044	38873	-96	1105058	38043	-98	1105071	
-2701	39478	-5372	39924	-98	1105097	36317	-97	1105111	38864	-96	1105124	38071	-97	1105138	
-1034	39748	-4384	39952	-97	1105164	36411	-96	1105178	38845	-96	1105191	38099	-97	1105205	
-1492	39866	-3049	39971	-97	1105231	36387	-96	1105245	38869	-96	1105258	38085	-96	1105272	
-1039	39964	-2205	39999	-98	1105300	36411	-97	1105313	38878	-96	1105327	38095	-97	1105340	
-1383	39925	-1910	39961	-97	1105367	36392	-97	1105380	38859	-96	1105394	38067	-97	1105407	
-1029	40008	1030	39976	-97	1105436	36420	-97	1105449	38864	-96	1105463	38048	-96	1105476	
-1286	39990	-1547	39990	-97	1105504	36448	-96	1105518	38892	-96	1105531	38104	-96	1105545	
-2092	39719	-4186	39961	-97	1105570	36392	-96	1105583	38887	-97	1105597	38104	-96	1105610	
-347	39466	-6421	39990	-97	1105636	36364	-96	1105650	38831	-96	1105663	38113	-97	1105677	
-1364	39547	-5554	39938	-97	1105702	36369	-96	1105716	38836	-96	1105730	38090	-96	1105743	
-774	39995	-921	39990	-97	1105771	36373	-96	1105785	38850	-96	1105798	38052	-96	1105812	
-3	40040	-796	40036	-96	1105838	36397	-97	1105851	38859	-97	1105866	38076	-96	1105880	
-1514	39979	-1544	39980	-98	1105908	36425	-97	1105921	38887	-97	1105935	38090	-96	1105948	
1019	40018	-762	39971	-97	1105975	36472	-96	1105989	38798	-97	1106002	38071	-97	1106016	
-1749	39888	-2484	39957	-97	1106046	36401	-96	1106059	38873	-98	1106073	38081	-97	1106086	
-1515	39975	-130	39915	-97	1106113	36439	-96	1106126	38845	-97	1106140	38048	-97	1106153	
-716	39797	4012	39947	-98	1106181	36434	-96	1106195	38836	-99	1106209	38001	-98	1106222	
-1390	39948	-437	39961	-97	1106248	36326	-97	1106262	38840	-99	1106275	38015	-98	1106289	
Err	Err	Err	39952	-98	1106316	36289	-97	1106330	38840	-99	1106275	38001	-99	1106350	
-1234	39710	-4030	39882	-99	1106381	36345	-98	1106395	38784	-99	1106408	38029	-98	1106421	
Err	Err	Err	39947	-98	1106448	36247	-97	1106462	38784	-99	1106408	38006	-99	1106483	
-2063	39875	-398	39877	-98	1106511	36345	-98	1106525	38812	-99	1106538	37991	-98	1106552	
Err	Err	Err	39947	-98	1106577	36294	-98	1106591	38883	-98	1106605	37991	-98	1106552	
-2333	39878	1854	39947	-98	1106639	36364	-98	1106654	38878	-98	1106668	38010	-97	1106681	
-1754	39887	-1130	39910	-99	1106707	36322	-99	1106721	38817	-98	1106734	38001	-98	1106748	
-2620	39838	-244	39877	-99	1106773	36336	-100	1106787	38831	-99	1106800	37991	-97	1106814	
-3735	39102	-6576	39882	-100	1106842	36167	-102	1106856	38836	-100	1106869	38006	-98	1106883	
-2197	39415	-5441	39863	-100	1106909	36209	-101	1106923	38770	-99	1106936	37982	-98	1106950	
-4160	39508	-3216	39877	-100	1106977	36195	-100	1106991	38855	-98	1107004	37977	-97	1107018	
-3143	39328	-5580	39882	-100	1107044	36190	-99	1107057	38817	-98	1107071	37996	-98	1107084	
-3085	39800	1036	39924	-98	1107113	36284	-99	1107127	38869	-97	1107140	37977	-97	1107154	
-2604	39846	825	39915	-99	1107179	36326	-98	1107193	38855	-97	1107206	37991	-97	1107220	
Err	Err	Err	39961	-98	1107248	36355	-98	1107261	38850	-97	1107275	37991	-97	1107220	
-3631	39779	962	39947	-98	1107309	36312	-98	1107323	38915	-97	1107337	38010	-96	1107350	
-2528	39802	-2828	39961	-97	1107378	36350	-98	1107391	38892	-97	1107405	38071	-97	1107418	
-1922	39708	-4386	39961	-96	1107445	36401	-97	1107458	38883	-96	1107472	38109	-96	1107485	
Err	Err	Err	39961	-96	1107445	36397	-96	1107519	38897	-97	1107533	38062	-96	1107546	
-1202	39707	4938	39957	-96	1107574	36472	-95	1107588	38873	-95	1107602	38020	-96	1107615	
-2755	39895	1334	39966	-95	1107643	36425	-95	1107656	38925	-95	1107670	38062	-96	1107683	
-377	40003	1234	40008	-96	1107710	36383	-96	1107723	38850	-97	1107737	38034	-95	1107750	
-2283	39838	2840	39985	-96	1107779	36373	-96	1107792	38906	-96	1107806	38020	-96	1107819	
Err	Err	Err	39966	-96	1107847	36350	-98	1107860	38939	-97	1107874	38020	-96	1107819	
-1423	39979	1374	39985	-97	1107907	36411	-97	1107921	38883	-96	1107934	38048	-97	1107948	
-608	39971	1971	39952	-97	1107974	36420	-96	1107987	38831	-97	1108001	38020	-97	1108014	
Err	Err	Err	39990	-97	1108041	36444	-97	1108054	38826	-98	1108068	38020	-97	1108014	
160	40006	-815	39961	-97	1108102	36434	-97	1108116	38812	-98	1108129	38057	-96	1108143	
1084	40015	797	39990	-97	1108168	36439	-97	1108181	38798	-98	1108195	38043	-97	1108209	
-555	39827	-3263	39961	-97	1108234	36312	-99	1108248	38803	-98	1108261	38034	-97	1108275	
Err	Err	Err	39961	-97	1108234	36298	-102	1108318	38747	-100	1108331	38020	-96	1108345	
Err	Err	Err	39961	-97	1108234	36298	-102	1108318	38747	-100	1108331	37996	-97	1108410	
Err	Err	Err	39961	-97	1108234	36298	-102	1108318	38756	-101	1108447	37991	-96	1108460	
-712	39272	-7064	39891	-97	1108482	36326	-99	1108495	38765	-100	1108509	38057	-95	1108522	
-147	38811	-9382	39966	-97	1108549	36322	-98	1108562	38794	-99	1108576	38118	-94	1108589	
-39	39934	-2027	39957	-97	1108616	36359	-98	1108630	38794	-99	1108643	38034	-95	1108657	
Err	Err	Err	40032	-97	1108683	36355	-98	1108697	38794	-99	1108643	38090	-94	1108724	
2034	39419	-6492	39999	-97	1108752	36392	-97	1108765	38751	-101	1108779	38104	-94	1108793	
1483	39367	-6709	39980	-96	1108820	36336	-96	1108834	38742	-100	1108847	38076	-95	1108861	
446	39972	-1686	39985	-96	1108889	36387	-96	1108902	38803	-99	1108916	38052	-96	1108929	
-739	39964	-1783	40013	-96	1108955	36340	-96	1108970	38855	-97	1108983	38057	-95	1108997	
56	39708	4883	40004	-96	1109026	36369	-96	1109039	38826	-98	1109053	37973	-98	1109066	
Err	Err	Err	39929	-97	1109095	36322	-99	1109110	38826	-98	1109053	37916	-98	1109131	
229	39964	868	39915	-98	1109160	36364	-98	1109173	38756	-100	1109187	37977	-95	1109200	
-1259	39985	446	39961	-95	1109225	36378	-95	1109239	38850	-98	1109252	38029	-95	1109266	
Err	Err	Err	39966	-96	1109293	36247	-99	1109307	38850	-98	1109252	38029	-95	1109266	
1503	39633	-4753	39966	-98	1109345	36280	-100	1109359	38714	-98	1109373	38015	-96	1109386	
85	39945	-1973	39976	-95	1109413	36345	-96	1109427	38798	-103	1109440	38034	-98	1109454	
Err	Err	Err	40004	-96	1109482	36331	-96	1109495	38798	-103	1109440	38010	-97	1109517	
Err	Err	Err	39915	-98	1109546	36261	-98	1109559	38798	-103	1109440	37963	-97	1109580	
Err	Err	Err	39905	-98	1109607	36355	-99	1109620	38798	-103	1109440	37963	-97	1109649	
1034	39800	2386	39835	-101	1109677	36294	-100	1109691	38648	-100	1109704	37874	-97	1109719	
Err	Err	Err	39835	-101	1109677	36265	-101	1109760	38686	-98	1109773	37888	-97	1109787	
Err	Err	Err	39835	-101	1109677	36214	-101	1109829	38728	-97	1109843	37949	-97	1109856	
Err	Err	Err	39797	-101	1109884	36214	-101	1109829	38756	-97	1109906	37907	-97	1109920	
Err	Err	Err	39788	-100	1109948	36214	-101	1109829	38719	-96	1109976	37865	-97	1109990	
Err	Err	Err	39797	-100	1110018	36214	-101	1109829	38742	-96	1110045	37879	-95	1110059	
-1822	39623	3696	39821	-100	1110087	36204	-100	1110100	38723	-98	1110114	37837	-96	1110127	
Err	Err	Err	39839	-100	1110154	36204	-100	1110100	38639	-101	1110175	37893	-99	1110189	
Err	Err	Err	39863	-99	1110217	36204	-100	1110100	38798	-97	1110239	37884	-97	1110253	
Err	Err	Err	39854	-99	1110284	36204	-100	1110100	38803	-97	1110307	37874	-96	1110321	
Err	Err	Err	39882	-100	1110348	36204	-100	1110100	38751	-101	1110370	37879	-97	1110384	
Err	Err	Err	39886	-98	1110413	36204	-100	1110100	38850	-96	1110441	37893	-97	1110455	
-1270	39960	250	39938	-95	1110482	36350	-98	1110497	38826	-95	1110510	38006	-96	1110524	
430	39866	-2951	39924	-97	1110551	36369	-99	1110564	38756	-96	1110578	38029	-94	1110591	
Err	Err	Err	39924	-97	1110551	36369	-99	1110564	38756	-96	1110578	38006	-99	1110649	
Err	Err	Err	39924	-97	1110551	36369	-99	1110564	38756	-96	1110578	37902	-99	1110694	
-738	39921	-2106	39966	-96	1110717	36340	-99	1110730	38822	-97	1110744	38038	-95	1110757	
-2690	39218	-6719	39933	-97	1110783	36223	-99	1110797	38845	-94	1110810	38048	-97	1110824	
Err	Err	Err	39933	-97	1110783	36223	-99	1110797	38737	-98	1110866	37827	-98	1110879	
-2649	39236	-6544	39854	-98	1110902	36284	-100	1110916	38803	-99	1110929	38034	-96	1110943	
66	39998	1625	40004	-96	1110970	36387	-99	1110984	38831	-98	1110997	38024	-97	1111011	
-547	39565	-5422	39947	-98	1111037	36298	-101	1111050	38789	-98	1111064	38048	-97	1111077	
-1543	39674	-4077	39919	-98	1111105	36261	-101	1111118	38798	-98	1111132	38010	-98	1111145	
-2304	39736	2584	39854	-97	1111172	36270	-106	1111186	38784	-101	1111199	37907	-96	1111213	
-2959	39491	4644	39854	-98	1111241	36261	-101	1111254	38808	-99	1111268	37884	-95	1111281	
130	39895	2049	39886	-98	1111307	36355	-100	1111321	38737	-99	1111334	37945	-97	1111348	
1112	39778	-3804	39952	-97	1111375	36364	-98	1111389	38747	-99	1111402	38043	-96	1111416	
-19	39919	2696	39943	-97	1111445	36439	-96	1111458	38808	-99	1111472	38010	-96	1111485	
-490	39488	-5930	39943	-98	1111512	36298	-97	1111525	38784	-98	1111539	38052	-96	1111552	
-692	38263	-10963	39844	-98	1111579	36247	-99	1111593	38709	-98	1111606	38048	-96	1111620	
-1340	38921	-8480	39886	-98	1111646	36237	-100	1111660	38761	-98	1111673	38038	-96	1111687	
-2786	39321	-5934	39891	-97	1111713	36219	-99	1111727	38817	-96	1111740	38015	-97	1111754	
-3629	39151	-6533	39839	-97	1111780	36284	-99	1111793	38831	-96	1111807	38038	-96	1111820	
Err	Err	Err	39825	-96	1111846	36345	-97	1111860	38845	-96	1111873	38038	-96	1111820	
-2433	39521	-5096	39900	-96	1111908	36317	-97	1111922	38836	-96	1111935	38052	-96	1111949	
-2312	39724	-3415	39915	-96	1111975	36312	-97	1111988	38840	-95	1112002	38034	-96	1112015	
-2537	39828	-1362	39919	-97	1112043	36289	-98	1112056	38845	-95	1112070	38001	-97	1112083	
-4113	39516	-3497	39877	-97	1112110	36256	-100	1112123	38869	-95	1112137	38010	-97	1112150	
-4361	39573	-921	39797	-98	1112178	36228	-101	1112192	38812	-96	1112205	37926	-98	1112219	
-2749	39003	-7587	39793	-98	1112248	36289	-100	1112262	38765	-97	1112275	38020	-97	1112289	
-1559	39332	-6416	39872	-98	1112316	36275	-100	1112330	38770	-98	1112343	38024	-97	1112357	
-2528	39337	-5703	39821	-98	1112385	36219	-100	1112399	38756	-98	1112412	37973	-96	1112426	
-1633	39479	-5624	39900	-97	1112454	36294	-98	1112467	38798	-97	1112481	38038	-95	1112494	
-1998	38698	-9383	39919	-96	1112522	36237	-97	1112536	38812	-98	1112549	38076	-96	1112563	
-3209	39794	59	39886	-97	1112589	36331	-99	1112602	38859	-98	1112616	37996	-95	1112629	
Err	Err	Err	39830	-97	1112657	36247	-100	1112670	38761	-98	1112684	37996	-95	1112629	
-3445	39556	-3270	39783	-97	1112718	36261	-103	1112732	38775	-98	1112745	37954	-96	1112759	
Err	Err	Err	39844	-98	1112784	36256	-100	1112798	38775	-98	1112745	37973	-96	1112820	
-3740	39263	-5651	39886	-98	1112849	36158	-100	1112862	38836	-98	1112876	37991	-95	1112889	
-2334	39693	-3226	39886	-98	1112915	36251	-99	1112928	38803	-98	1112942	37987	-95	1112955	
-1720	39529	-4820	39830	-98	1112983	36261	-100	1112997	38742	-99	1113010	37977	-96	1113023	
-1311	39899	-145	39854	-97	1113049	36308	-99	1113063	38756	-98	1113076	37949	-96	1113090	
-2556	39577	-4197	39891	-97	1113116	36223	-99	1113129	38808	-97	1113142	37991	-95	1113156	
-1271	39850	-1913	39863	-97	1113184	36322	-99	1113198	38765	-97	1113211	37982	-96	1113225	
-2215	39390	-5625	39858	-97	1113253	36219	-98	1113266	38770	-96	1113280	37987	-96	1113293	
-1933	39827	-1504	39858	-98	1113321	36294	-98	1113335	38779	-97	1113348	37968	-97	1113362	
-1211	39623	-4385	39877	-99	1113390	36247	-98	1113404	38751	-97	1113417	37982	-98	1113431	
-227	39830	-2781	39919	-98	1113458	36280	-97	1113472	38751	-100	1113485	37987	-97	1113499	
17	39265	-7095	39924	-97	1113527	36270	-97	1113540	38742	-99	1113554	38038	-97	1113567	
-888	39798	-3083	39886	-97	1113594	36317	-99	1113607	38765	-98	1113621	38001	-97	1113634	
-2337	39712	-3145	39900	-98	1113661	36247	-100	1113674	38812	-97	1113688	37991	-98	1113701	
-2697	39807	-622	39891	-99	1113727	36256	-99	1113741	38822	-97	1113754	37963	-98	1113768	
Err	Err	Err	39891	-99	1113727	36331	-97	1113802	38756	-99	1113816	38029	-96	1113829	
-62	39985	85	39933	-97	1113858	36378	-97	1113871	38784	-98	1113885	38006	-97	1113898	
Err	Err	Err	39919	-97	1113925	36378	-97	1113871	38812	-99	1113945	38006	-97	1113898	
1974	39910	-283	39910	-97	1113977	36336	-97	1113991	38676	-99	1114004	37954	-97	1114018	
-749	39969	1591	39999	-96	1114045	36355	-96	1114060	38850	-97	1114073	38015	-96	1114087	
-2465	39745	-2717	39933	-97	1114113	36280	-97	1114126	38850	-97	1114140	38020	-97	1114153	
-3126	39867	-15	39971	-97	1114179	36359	-97	1114193	38925	-96	1114206	38052	-96	1114220	
-1792	39949	-551	39990	-96	1114246	36331	-96	1114260	38878	-97	1114273	38038	-95	1114287	
Err	Err	Err	39919	-97	1114315	36331	-96	1114260	38911	-97	1114336	38043	-96	1114350	
-4576	39603	-526	39868	-97	1114377	36228	-100	1114391	38873	-97	1114404	37959	-97	1114419	
-3877	39667	631	39844	-97	1114447	36242	-101	1114461	38831	-99	1114474	37931	-98	1114489	
Err	Err	Err	39807	-97	1114516	36209	-101	1114529	38831	-99	1114474	37921	-98	1114557	
-4353	39436	-3197	39769	-98	1114586	36237	-99	1114599	38794	-99	1114613	37945	-98	1114626	
-2943	39721	50	39760	-98	1114653	36256	-99	1114667	38737	-100	1114680	37893	-98	1114694	
221	39252	7001	39868	-99	1114724	36270	-98	1114739	38695	-99	1114752	37827	-98	1114766	
-735	39859	2042	39877	-98	1114792	36298	-98	1114806	38747	-99	1114819	37921	-99	1114833	
-2542	39609	4277	39891	-97	1114859	36308	-97	1114873	38831	-98	1114886	37926	-98	1114900	
-1056	39913	2338	39952	-96	1114928	36392	-95	1114941	38840	-97	1114955	38006	-95	1114968	
1113	39961	307	39919	-96	1114996	36359	-95	1115009	38723	-99	1115023	37973	-95	1115036	
-656	39236	7580	39947	-96	1115064	36406	-95	1115078	38826	-98	1115091	37940	-95	1115105	
-2452	39541	5127	39929	-96	1115134	36340	-94	1115147	38864	-98	1115160	37949	-96	1115174	
2124	39421	6448	39961	-95	1115202	36453	-94	1115215	38742	-99	1115229	37954	-96	1115242	
Err	Err	Err	39943	-95	1115270	36387	-94	1115284	38742	-99	1115229	37996	-95	1115305	
Err	Err	Err	39952	-94	1115333	36373	-95	1115347	38742	-99	1115229	37945	-97	1115368	
-300	39965	283	39933	-95	1115395	36331	-96	1115409	38779	-100	1115422	37982	-96	1115436	
Err	Err	Err	39929	-96	1115463	36406	-97	1115477	38779	-100	1115422	37954	-95	1115498	
Err	Err	Err	39877	0	1115526	36317	-97	1115540	38779	-100	1115422	37996	-95	1115567	
-823	39282	-7017	39886	-96	1115593	36340	-97	1115607	38770	-99	1115620	38062	-95	1115634	
-2151	39786	-2980	39943	-96	1115662	36317	-97	1115676	38855	-99	1115689	38043	-96	1115703	
Err	Err	Err	39900	-96	1115730	36275	-97	1115743	38855	-99	1115689	37968	-97	1115763	
-189	39857	-2193	39891	-96	1115791	36303	-98	1115805	38737	-101	1115819	37977	-97	1115832	
Err	Err	Err	39919	-96	1115859	36256	-98	1115873	38737	-101	1115819	37982	-97	1115894	
Err	Err	Err	39896	-96	1115922	36322	-98	1115935	38737	-101	1115819	37959	-97	1115957	
Err	Err	Err	39882	-95	1115986	36340	-97	1115999	38737	-101	1115819	37959	-97	1115957	
Err	Err	Err	39924	-96	1116037	36317	-96	1116050	38737	-101	1115819	37888	-96	1116072	
Err	Err	Err	39844	-97	1116099	36303	-97	1116112	38737	-101	1115819	37945	-97	1116134	
Err	Err	Err	39830	-98	1116161	36209	-100	1116175	38737	-101	1115819	37977	-97	1116196	
Err	Err	Err	39844	-98	1116225	36275	-99	1116238	38737	-101	1115819	37945	-97	1116260	
Err	Err	Err	39839	-98	1116289	36247	-98	1116303	38737	-101	1115819	37921	-98	1116325	
Err	Err	Err	39863	-98	1116356	36265	-98	1116369	38737	-101	1115819	37968	-97	1116390	
Err	Err	Err	39872	-98	1116419	36265	-98	1116432	38737	-101	1115819	37968	-97	1116455	
Err	Err	Err	39872	-98	1116483	36265	-98	1116432	38737	-101	1115819	37977	-97	1116519	
Err	Err	Err	39886	-98	1116542	36261	-99	1116555	38737	-101	1115819	37959	-97	1116576	
Err	Err	Err	39877	-98	1116603	36251	-99	1116616	38737	-101	1115819	38006	-97	1116637	
Err	Err	Err	39877	-98	1116666	36233	-99	1116680	38737	-101	1115819	37973	-98	1116701	
Err	Err	Err	39863	-98	1116729	36340	-99	1116743	38737	-101	1115819	37977	-97	1116765	
Err	Err	Err	39807	-98	1116793	36265	-99	1116806	38737	-101	1115819	37945	-97	1116827	
Err	Err	Err	39896	-98	1116854	36303	-99	1116868	38737	-101	1115819	37996	-96	1116889	
Err	Err	Err	39891	-97	1116917	36200	-99	1116931	38737	-101	1115819	37963	-96	1116952	
Err	Err	Err	39830	-98	1116981	36251	-99	1116994	38737	-101	1115819	37921	-95	1117016	
Err	Err	Err	39844	-98	1117045	36219	-100	1117059	38737	-101	1115819	37916	-96	1117080	
Err	Err	Err	39802	-98	1117108	36256	-100	1117121	38737	-101	1115819	37832	-96	1117143	
441	39680	-3781	39854	-99	1117171	36223	-99	1117185	38662	-100	1117198	37931	-96	1117212	
-331	39845	1514	39825	-98	1117238	36298	-100	1117252	38695	-101	1117265	37898	-96	1117279	
-309	39212	-7046	39839	-98	1117306	36237	-99	1117319	38686	-100	1117333	37982	-95	1117347	
-740	39505	-5388	39882	-97	1117373	36237	-98	1117387	38733	-99	1117400	37987	-95	1117414	
2091	39690	-3492	39915	-97	1117441	36228	-97	1117455	38639	-99	1117468	37940	-95	1117482	
663	39371	-6284	39816	-96	1117510	36322	-97	1117523	38658	-102	1117537	37991	-95	1117550	
Err	Err	Err	39858	-97	1117577	36233	-98	1117590	38658	-102	1117537	37991	-94	1117613	
Err	Err	Err	39868	-97	1117641	36270	-98	1117655	38658	-102	1117537	37959	-94	1117676	
-368	39637	-4274	39858	-97	1117704	36233	-97	1117718	38700	-101	1117732	37954	-94	1117745	
-348	39543	-5416	39910	-97	1117773	36284	-97	1117787	38751	-100	1117800	38020	-94	1117813	
920	38874	-8673	39854	-97	1117839	36256	-96	1117853	38653	-100	1117866	38006	-93	1117880	
628	39240	-6949	39882	-98	1117905	36275	-97	1117919	38690	-100	1117932	38010	-94	1117946	
-900	39684	-4137	39882	-98	1117972	36294	-97	1117986	38756	-100	1117999	38001	-93	1118013	
-579	38919	-8514	39872	-98	1118040	36233	-97	1118054	38719	-100	1118067	38020	-94	1118081	
-721	39780	-2674	39919	-97	1118107	36261	-98	1118122	38765	-99	1118136	37982	-95	1118149	
1469	39279	-6845	39896	-98	1118176	36294	-99	1118189	38672	-99	1118203	38015	-95	1118216	
-34	38908	-8697	39872	-98	1118243	36289	-99	1118256	38714	-99	1118270	38043	-96	1118283	
-1178	39675	-4222	39929	-97	1118311	36256	-100	1118325	38789	-99	1118338	38010	-97	1118352	
-1889	39825	-2080	39896	-98	1118377	36289	-100	1118391	38803	-99	1118404	37991	-98	1118418	
-19	39708	4665	39929	-97	1118445	36392	-99	1118459	38784	-99	1118472	37954	-97	1118486	
-5304	39504	-770	39863	-98	1118512	36237	-99	1118526	38901	-99	1118539	37973	-97	1118553	
-1626	39888	412	39896	-98	1118579	36294	-99	1118592	38794	-100	1118606	37959	-95	1118620	
Err	Err	Err	39858	-99	1118647	36289	-99	1118660	38798	-100	1118674	37959	-95	1118620	
-1244	39870	-1623	39863	-98	1118708	36312	-98	1118722	38761	-99	1118735	37973	-95	1118749	
-416	39911	-1148	39933	-99	1118777	36256	-99	1118791	38761	-99	1118804	37963	-96	1118818	
-2094	39478	-5231	39868	-98	1118845	36261	-99	1118858	38784	-99	1118872	38006	-95	1118885	
Err	Err	Err	39952	-98	1118911	36256	-99	1118925	38784	-99	1118872	37987	-95	1118945	
Err	Err	Err	39882	-99	1118974	36256	-99	1118925	38784	-99	1118872	37977	-95	1119009	
Err	Err	Err	39844	-98	1119031	36284	-98	1119044	38784	-99	1118872	37968	-95	1119066	
355	39316	-6738	39896	-98	1119093	36270	-98	1119107	38709	-101	1119120	38015	-96	1119134	
Err	Err	Err	39896	-98	1119093	36280	-99	1119169	38953	-103	1119183	37996	-96	1119196	
Err	Err	Err	39863	-98	1119224	36204	-99	1119237	38953	-103	1119183	38015	-96	1119258	
Err	Err	Err	39858	-98	1119290	36228	-99	1119304	38953	-103	1119183	37949	-96	1119325	
Err	Err	Err	39835	-98	1119358	36195	-98	1119371	38953	-103	1119183	37982	-96	1119393	
Err	Err	Err	39844	-99	1119421	36228	-98	1119434	38953	-103	1119183	37935	-96	1119456	
Err	Err	Err	39882	-98	1119484	36242	-98	1119498	38953	-103	1119183	37912	-96	1119526	
Err	Err	Err	39872	-98	1119554	36172	-97	1119568	38953	-103	1119183	37912	-95	1119589	
Err	Err	Err	39868	-98	1119619	36265	-98	1119632	38953	-103	1119183	37916	-95	1119654	
Err	Err	Err	39849	-97	1119681	36214	-98	1119694	38953	-103	1119183	37898	-95	1119716	
Err	Err	Err	39844	-97	1119745	36228	-97	1119759	38953	-103	1119183	37898	-95	1119780	
Err	Err	Err	39877	-97	1119808	36265	-97	1119821	38953	-103	1119183	37916	-95	1119843	
Err	Err	Err	39872	-97	1119870	36242	-98	1119884	38953	-103	1119183	37893	-95	1119905	
Err	Err	Err	39929	-97	1119934	36256	-97	1119947	38953	-103	1119183	37921	-95	1119969	
Err	Err	Err	39844	-97	1119999	36275	-97	1120013	38953	-103	1119183	37912	-95	1120034	
Err	Err	Err	39844	-96	1120062	36308	-97	1120075	38953	-103	1119183	37991	-95	1120096	
Err	Err	Err	39886	-96	1120123	36261	-97	1120137	38953	-103	1119183	37902	-95	1120158	
Err	Err	Err	39886	-97	1120187	36303	-97	1120201	38953	-103	1119183	37940	-96	1120222	
-1110	39816	-2120	39905	-97	1120251	36242	-98	1120265	38765	-101	1120278	37963	-96	1120292	
Err	Err	Err	39854	-98	1120318	36251	-97	1120332	38765	-101	1120278	37935	-96	1120353	
-76	39877	-1608	39886	-97	1120384	36270	-97	1120397	38719	-100	1120411	37949	-97	1120424	
Err	Err	Err	39816	-97	1120449	36247	-97	1120463	38719	-100	1120411	37921	-97	1120485	
-2537	39734	2356	39882	-97	1120514	36233	-98	1120528	38803	-99	1120542	37907	-97	1120555	
-2144	39681	-3208	39849	-98	1120581	36237	-98	1120595	38765	-99	1120608	37959	-97	1120622	
821	39812	3037	39933	-98	1120648	36280	-99	1120661	38719	-99	1120675	37907	-98	1120688	
-678	39906	-707	39900	-97	1120715	36265	-99	1120728	38751	-99	1120742	37949	-97	1120757	
-714	39857	2555	39919	-97	1120783	36326	-98	1120796	38784	-97	1120810	37949	-97	1120823	
-2074	39715	3268	39891	-97	1120848	36275	-98	1120862	38803	-97	1120877	37916	-97	1120890	
-375	39887	1985	39929	-98	1120917	36284	-99	1120931	38765	-97	1120945	37935	-96	1120958	
-2768	39717	-1843	39854	-99	1120984	36204	-99	1120997	38784	-98	1121011	37935	-95	1121024	
Err	Err	Err	39896	-99	1121051	36256	-98	1121064	38784	-98	1121011	37940	-96	1121085	
-3006	39613	-2876	39858	-98	1121118	36139	-99	1121131	38779	-98	1121145	37921	-96	1121158	
-1661	39842	1353	39877	-98	1121185	36270	-99	1121199	38775	-98	1121212	37926	-97	1121226	
-2104	39777	2371	39877	-98	1121253	36275	-99	1121266	38794	-97	1121280	37921	-96	1121293	
-2606	39611	-3804	39849	-98	1121319	36275	-99	1121332	38794	-98	1121346	37991	-96	1121359	
-1707	39871	-864	39947	-98	1121386	36219	-99	1121399	38812	-98	1121413	37963	-96	1121426	
-1810	39586	-4723	39933	-98	1121455	36223	-99	1121469	38808	-97	1121482	38010	-97	1121496	
Err	Err	Err	39896	-98	1121525	36223	-99	1121469	38808	-98	1121545	37973	-97	1121559	
-1495	39641	-4262	39919	-99	1121589	36219	-100	1121602	38784	-97	1121616	37991	-97	1121629	
-3917	38787	-8044	39863	-98	1121657	36148	-100	1121670	38826	-98	1121684	38010	-97	1121697	
Err	Err	Err	39863	-98	1121657	36251	-100	1121741	38784	-98	1121755	37973	-97	1121768	
-2158	39254	-6572	39886	-97	1121796	36204	-99	1121809	38784	-99	1121825	38006	-97	1121838	
-797	39801	-2630	39877	-97	1121864	36256	-98	1121878	38737	-100	1121891	37959	-97	1121905	
-1391	39821	-2580	39896	-97	1121933	36308	-97	1121947	38789	-99	1121960	38001	-98	1121974	
Err	Err	Err	39952	-96	1122001	36308	-97	1121947	38709	-98	1122021	38010	-98	1122035	
982	39853	-2433	39957	-97	1122064	36261	-98	1122078	38723	-98	1122091	37977	-97	1122105	
470	39897	2106	39943	-97	1122130	36303	-98	1122144	38747	-99	1122157	37940	-97	1122171	
-1849	38970	-8176	39905	-97	1122196	36233	-100	1122210	38794	-99	1122224	38048	-96	1122237	
-1901	39844	-1721	39910	-97	1122264	36284	-99	1122277	38812	-97	1122291	37991	-97	1122304	
-1256	39923	845	39919	-99	1122332	36336	-100	1122345	38808	-98	1122359	37982	-99	1122373	
-337	39407	-6319	39933	-98	1122399	36265	-100	1122414	38761	-99	1122427	38034	-98	1122441	
2445	39946	460	39966	-97	1122466	36420	-97	1122480	38723	-99	1122493	38010	-97	1122507	
3455	39839	-2176	39990	-96	1122533	36448	-96	1122547	38709	-99	1122560	38057	-97	1122573	
2159	39948	706	39957	-96	1122601	36420	-95	1122615	38728	-99	1122628	38006	-98	1122642	
454	39836	-2111	39877	-98	1122669	36251	-97	1122683	38686	-101	1122696	37935	-97	1122710	
445	39922	2415	39924	-97	1122736	36416	-97	1122750	38770	-101	1122763	37987	-96	1122776	
3030	39884	-740	39966	-96	1122804	36378	-96	1122818	38686	-100	1122832	37996	-95	1122845	
1034	39792	-3726	39976	-96	1122871	36331	-96	1122885	38756	-100	1122899	38038	-95	1122912	
-445	38592	-10064	39947	-96	1122940	36275	-98	1122954	38779	-99	1122967	38099	-95	1122981	
518	39941	1252	39929	-96	1123010	36340	-96	1123023	38747	-100	1123037	37963	-95	1123050	
-2457	39520	5217	39943	-96	1123077	36303	-97	1123091	38864	-100	1123105	37935	-96	1123118	
-1829	39845	2387	39947	-97	1123145	36317	-98	1123158	38845	-99	1123172	37973	-96	1123185	
-280	39581	-4741	39854	-98	1123213	36237	-99	1123227	38695	-99	1123240	37959	-98	1123254	
-3223	39655	-2720	39839	-100	1123282	36280	-100	1123295	38812	-99	1123309	37982	-97	1123322	
1416	39822	-2955	39896	-99	1123349	36373	-98	1123362	38700	-99	1123376	38006	-98	1123389	
1352	39722	3945	39929	-96	1123417	36308	-96	1123431	38704	-100	1123444	37902	-97	1123458	
4340	39731	446	39938	-97	1123485	36364	-97	1123499	38611	-98	1123512	37945	-100	1123526	
3639	39760	41	39938	-96	1123553	36284	-98	1123566	38611	-97	1123580	37916	-99	1123594	
-7	39878	1405	39844	-97	1123621	36312	-100	1123635	38700	-98	1123648	37912	-98	1123662	
1711	39665	4096	39858	-98	1123689	36312	-100	1123703	38643	-97	1123716	37865	-94	1123730	
407	39592	-5032	39900	-99	1123757	36284	-99	1123770	38714	-97	1123784	38001	-95	1123797	
Err	Err	Err	39900	-99	1123757	36237	-99	1123838	38747	-97	1123851	37898	-95	1123865	
392	39618	4793	39919	-97	1123892	36256	-99	1123905	38719	-97	1123919	37870	-97	1123932	
1663	39897	-1992	39947	-97	1123958	36280	-98	1123971	38695	-95	1123985	37968	-98	1123998	
2551	39836	-1500	39938	-97	1124024	36294	-97	1124037	38658	-97	1124051	37954	-97	1124064	
1646	39627	4593	39905	-98	1124092	36308	-97	1124106	38676	-98	1124120	37879	-97	1124133	
502	38627	-9914	39872	-98	1124160	36326	-97	1124174	38704	-98	1124187	38071	-96	1124201	
3688	39791	-1439	39924	-96	1124228	36397	-97	1124241	38639	-98	1124255	37987	-97	1124269	
1612	39788	3017	39929	-96	1124297	36284	-97	1124310	38686	-100	1124324	37898	-97	1124337	
-1541	39772	-947	39793	-99	1124365	36167	-99	1124380	38681	-101	1124393	37860	-96	1124407	
797	39863	1890	39919	-98	1124433	36247	-98	1124447	38700	-99	1124460	37898	-96	1124474	
3029	39769	-2730	39990	-96	1124501	36317	-98	1124514	38681	-97	1124529	38001	-96	1124543	
2976	39744	2005	39924	-97	1124569	36233	-98	1124583	38611	-96	1124596	37865	-99	1124610	
2460	39526	4860	39896	-98	1124637	36270	-98	1124650	38625	-97	1124664	37841	-98	1124677	
Err	Err	Err	39896	-99	1124706	36162	-99	1124719	38578	-98	1124733	37841	-98	1124677	
1484	39832	-628	39816	-99	1124769	36242	-100	1124782	38601	-98	1124796	37870	-98	1124809	
Err	Err	Err	39816	-99	1124769	36242	-100	1124782	38625	-99	1124852	37879	-99	1124866	
Err	Err	Err	39910	-98	1124886	36214	-99	1124900	38625	-99	1124852	37916	-100	1124921	
Err	Err	Err	39802	-98	1124948	36214	-99	1124900	38742	-98	1124969	37902	-98	1124982	
Err	Err	Err	39802	-98	1124948	36214	-99	1124900	38761	-99	1125033	37921	-98	1125046	
Err	Err	Err	39802	-98	1124948	36158	-100	1125082	38709	-99	1125096	37996	-97	1125109	
-934	39768	-2277	39839	-98	1125136	36186	-99	1125149	38695	-99	1125163	37902	-98	1125178	
1232	38753	-9114	39835	-98	1125204	36261	-99	1125218	38629	-98	1125231	38001	-98	1125245	
1212	39753	-3157	39858	-97	1125272	36298	-98	1125285	38658	-97	1125299	37954	-98	1125312	
1416	39869	642	39891	-98	1125341	36237	-99	1125355	38653	-97	1125368	37888	-99	1125382	
431	39877	1011	39886	-97	1125410	36228	-99	1125423	38686	-98	1125437	37888	-99	1125450	
549	39842	1656	39863	-99	1125477	36233	-98	1125491	38667	-98	1125504	37870	-99	1125518	
Err	Err	Err	39863	-99	1125477	36289	-99	1125552	38747	-98	1125567	37888	-98	1125581	
-1396	39619	-3859	39816	-99	1125608	36195	-98	1125621	38700	-98	1125635	37921	-98	1125648	
-2648	39690	2293	39816	-100	1125674	36219	-98	1125687	38756	-98	1125701	37870	-98	1125714	
Err	Err	Err	39816	-100	1125674	36219	-99	1125749	38751	-98	1125763	37846	-98	1125777	
-2683	39689	2201	39821	-100	1125806	36219	-98	1125819	38761	-98	1125833	37874	-97	1125846	
84	39340	6565	39896	-99	1125872	36251	-97	1125886	38714	-98	1125899	37837	-96	1125913	
-3533	39638	-1297	39732	-99	1125941	36247	-97	1125955	38737	-98	1125968	37898	-96	1125982	
-1796	39765	-1618	39779	-98	1126010	36233	-97	1126023	38700	-98	1126037	37898	-96	1126050	
-3926	39621	-889	39760	-99	1126079	36256	-97	1126092	38775	-98	1126106	37916	-96	1126119	
-1617	39641	3689	39788	-99	1126146	36265	-98	1126160	38709	-98	1126173	37851	-97	1126187	
-2073	39786	22	39760	-99	1126214	36275	-98	1126228	38709	-98	1126241	37893	-97	1126256	
672	39825	-2196	39835	-98	1126284	36294	-98	1126297	38662	-97	1126311	37935	-97	1126326	
Err	Err	Err	39807	-99	1126352	36284	-98	1126366	38662	-97	1126311	37870	-98	1126393	
2997	39815	-637	39872	-98	1126422	36322	-97	1126436	38606	-98	1126449	37921	-98	1126463	
1237	39710	-3578	39844	-98	1126491	36284	-98	1126505	38643	-98	1126518	37945	-98	1126532	
1583	39686	3898	39863	-98	1126557	36317	-96	1126571	38653	-99	1126584	37874	-98	1126598	
2551	39825	-1763	39910	-98	1126623	36350	-96	1126637	38658	-98	1126650	37973	-98	1126664	
755	39818	2914	39858	-98	1126689	36359	-96	1126703	38695	-98	1126716	37916	-100	1126730	
2882	39814	1249	39900	-97	1126756	36322	-96	1126770	38629	-98	1126783	37912	-99	1126797	
Err	Err	Err	39905	-97	1126824	36322	-96	1126770	38662	-98	1126844	37912	-99	1126797	
2621	39850	1640	39900	-97	1126875	36378	-97	1126889	38658	-98	1126902	37940	-98	1126916	
4199	39381	-4959	39886	-98	1126944	36340	-97	1126957	38573	-98	1126971	37977	-98	1126984	
Err	Err	Err	39886	-98	1126944	36331	-97	1127025	38573	-98	1126971	38006	-97	1127053	
3303	39377	-5739	39947	-97	1127075	36298	-96	1127089	38634	-98	1127102	38006	-96	1127115	
455	39690	-4314	39863	-98	1127143	36340	-97	1127156	38704	-98	1127170	38001	-97	1127183	
-11	39835	2085	39854	-100	1127210	36256	-99	1127223	38690	-98	1127237	37879	-99	1127250	
-1077	39623	-3963	39797	-99	1127278	36219	-98	1127291	38681	-98	1127305	37921	-98	1127318	
Err	Err	Err	39797	-99	1127278	36294	-97	1127354	38606	-97	1127368	38006	-97	1127381	
591	39844	-2211	39849	-99	1127409	36298	-97	1127423	38676	-98	1127436	37945	-96	1127450	
519	39560	-5049	39849	-97	1127476	36289	-97	1127489	38676	-97	1127503	37977	-96	1127516	
98	39022	-8121	39872	-97	1127544	36261	-98	1127558	38700	-99	1127571	38020	-96	1127585	
2005	39175	-7215	39877	-98	1127612	36298	-97	1127626	38639	-101	1127639	38006	-96	1127653	
899	39508	-5248	39863	-98	1127679	36233	-97	1127693	38653	-99	1127706	37954	-98	1127720	
1765	39344	-5901	39788	-98	1127746	36265	-96	1127759	38578	-98	1127773	37931	-98	1127786	
Err	Err	Err	39811	-99	1127812	36186	-98	1127825	38578	-98	1127773	37893	-98	1127846	
-666	38510	-9944	39793	-100	1127874	36214	-97	1127887	38662	-99	1127902	37991	-97	1127915	
Err	Err	Err	39793	-100	1127874	36200	-97	1127956	38723	-99	1127969	37968	-96	1127983	
-825	39367	-6248	39858	-98	1128012	36265	-98	1128025	38728	-98	1128039	38001	-95	1128052	
2077	39802	3014	39952	-97	1128078	36336	-97	1128091	38700	-100	1128105	37931	-95	1128118	
Err	Err	Err	39863	-97	1128145	36336	-98	1128158	38700	-100	1128105	37902	-97	1128186	
Err	Err	Err	39807	-99	1128214	36256	-100	1128227	38700	-100	1128105	37879	-100	1128249	
747	39231	-6802	39797	-100	1128276	36237	-100	1128289	38615	-100	1128303	37945	-102	1128316	
Err	Err	Err	39821	-100	1128346	36223	-100	1128360	38779	-99	1128373	37945	-102	1128316	
244	39737	-3568	39891	-100	1128407	36251	-100	1128422	38704	-99	1128435	37963	-98	1128449	
Err	Err	Err	39854	-99	1128477	36251	-100	1128422	38709	-99	1128497	37963	-98	1128511	
-209	39868	-1284	39849	-100	1128538	36275	-101	1128551	38700	-99	1128565	37931	-98	1128578	
-1847	38770	-8817	39816	-101	1128604	36223	-101	1128617	38728	-99	1128631	38006	-98	1128645	
Err	Err	Err	39816	-101	1128604	36275	-101	1128679	38676	-99	1128693	38001	-98	1128706	
2207	39080	-7535	39886	-100	1128734	36247	-99	1128748	38620	-99	1128761	37987	-99	1128775	
Err	Err	Err	39764	-101	1128803	36247	-99	1128748	38704	-99	1128824	37968	-98	1128838	
-208	39470	-5341	39825	-101	1128865	36204	-102	1128878	38662	-99	1128892	37935	-98	1128905	
Err	Err	Err	39764	-100	1128934	36204	-102	1128878	38704	-99	1128955	37912	-97	1128969	
-741	39655	-3408	39774	-101	1128997	36190	-102	1129011	38643	-99	1129024	37884	-98	1129038	
Err	Err	Err	39774	-101	1128997	36190	-102	1129011	38639	-99	1129088	37827	-99	1129102	
-844	39732	-2165	39797	-100	1129123	36139	-101	1129137	38648	-99	1129150	37855	-100	1129164	
113	39374	-5589	39760	-100	1129191	36148	-100	1129204	38587	-99	1129218	37874	-99	1129231	
-1813	39475	-4931	39821	-99	1129257	36190	-102	1129271	38719	-99	1129284	37940	-100	1129298	
1529	38833	-8637	39830	-99	1129326	36209	-101	1129340	38597	-99	1129353	37963	-98	1129367	
807	37908	-11981	39844	-98	1129394	36204	-99	1129408	38634	-100	1129421	38024	-97	1129435	
2698	39549	-4478	39849	-98	1129460	36308	-100	1129474	38597	-99	1129487	37954	-98	1129501	
1936	39020	-7629	39811	-98	1129531	36209	-100	1129544	38568	-100	1129557	37935	-100	1129571	
1132	39555	-4187	39821	-99	1129598	36176	-100	1129612	38597	-100	1129625	37888	-100	1129639	
Err	Err	Err	39811	-98	1129664	36195	-101	1129677	38597	-100	1129625	37907	-100	1129705	
-196	39490	-5149	39849	-100	1129734	36167	-100	1129748	38667	-101	1129761	37926	-101	1129775	
Err	Err	Err	39774	-99	1129802	36237	-100	1129815	38639	-101	1129829	37926	-101	1129775	
Err	Err	Err	39844	-100	1129864	36237	-100	1129879	38639	-101	1129829	37898	-100	1129906	
-319	39674	-3933	39863	-100	1129934	36228	-100	1129948	38700	-100	1129961	37949	-100	1129975	
-334	39775	-2817	39849	-99	1130000	36242	-99	1130014	38695	-98	1130028	37935	-98	1130041	
-1251	39659	-3685	39886	-99	1130069	36237	-98	1130082	38756	-98	1130096	37973	-98	1130109	
Err	Err	Err	39891	-99	1130138	36233	-98	1130151	38709	-98	1130165	37973	-98	1130109	
Err	Err	Err	39891	-99	1130138	36261	-99	1130216	38672	-98	1130230	37963	-97	1130243	
-24	39655	-4073	39825	-99	1130272	36261	-99	1130285	38672	-98	1130299	37945	-97	1130312	
-573	38646	-9651	39868	-100	1130342	36242	-99	1130355	38719	-96	1130369	38038	-97	1130382	
-1869	39063	-7515	39839	-99	1130409	36214	-98	1130422	38742	-97	1130435	37996	-96	1130449	
-1025	39168	-7266	39835	-97	1130476	36275	-97	1130490	38723	-96	1130503	38010	-95	1130517	
-895	38961	-8268	39835	-97	1130544	36261	-97	1130557	38714	-98	1130570	38015	-96	1130584	
-1201	39562	-4782	39854	-98	1130611	36242	-98	1130625	38733	-98	1130638	37973	-97	1130652	
Err	Err	Err	39919	-98	1130680	36242	-98	1130625	38723	-98	1130701	37973	-97	1130715	
-673	39191	-7205	39877	-98	1130744	36223	-98	1130757	38723	-97	1130771	38001	-98	1130784	
-998	39501	-5280	39849	-98	1130809	36247	-98	1130823	38723	-98	1130837	37977	-97	1130850	
719	37806	-12415	39868	-98	1130878	36261	-99	1130891	38672	-99	1130905	38071	-95	1130918	
905	39424	-5830	39839	-98	1130944	36270	-98	1130958	38648	-99	1130971	37968	-95	1130985	
1933	39694	-3401	39830	-99	1131011	36298	-98	1131024	38611	-100	1131038	37935	-95	1131052	
159	39729	-3613	39849	-98	1131080	36289	-97	1131094	38690	-100	1131107	37963	-95	1131121	
2425	39705	-3343	39886	-98	1131146	36312	-96	1131160	38634	-100	1131173	37963	-95	1131187	
2023	38503	-10295	39938	-97	1131213	36322	-95	1131226	38686	-99	1131240	38090	-95	1131253	
Err	Err	Err	39872	-96	1131280	36289	-96	1131293	38737	-98	1131307	38090	-95	1131253	
56	39404	-6152	39844	-97	1131342	36303	-98	1131356	38695	-97	1131369	38001	-97	1131383	
-1198	39870	-289	39825	-98	1131412	36280	-98	1131426	38723	-98	1131439	37921	-98	1131453	
Percentuale di fallimenti nel positioning: 34.2%
