Distanza: 10000.0
X [mm]	Y [mm]	Z [mm]	A0 	 RSS 	 Time 	 A1 	 RSS 	 Time 	 A2 	 RSS 	 Time 	 A3 	 RSS 	 Time 	 
361	6725	-673	6846	-88	740955	3019	-85	740969	5712	-84	740982	4883	-83	740996	
572	6927	8	7198	-87	741022	3127	-88	741035	5717	-85	741049	4972	-85	741063	
325	6834	-107	6987	-89	741091	3048	-85	741105	5712	-84	741118	4888	-86	741132	
-478	6347	-1502	6537	-90	741159	3062	-87	741173	5698	-84	741186	4944	-85	741200	
-355	6486	-1274	6645	-90	741231	3015	-87	741244	5703	-84	741258	5000	-85	741271	
-594	6191	-1906	6457	-88	741299	3080	-87	741312	5717	-84	741326	5145	-84	741339	
-682	6127	-2120	6415	-88	741370	3071	-85	741384	5745	-85	741397	5431	-82	741411	
Err	Err	Err	7071	-87	741439	3071	-85	741384	5759	-85	741461	5478	-82	741475	
430	6915	-1005	7160	-87	741503	3104	-83	741516	5731	-85	741530	5496	-82	741543	
-248	6480	-1776	6720	-87	741565	3123	-84	741579	5726	-84	741592	5413	-83	741606	
-169	6617	-1527	6827	-89	741635	3071	-84	741649	5726	-85	741663	5455	-83	741676	
-785	6080	-2052	6359	-89	741703	3066	-85	741717	5745	-85	741730	5305	-84	741744	
-326	6597	-1468	6757	-88	741771	3090	-84	741784	5740	-85	741798	5427	-83	741811	
-266	6539	-1706	6757	-91	741838	3099	-85	741852	5740	-85	741866	5488	-84	741879	
272	6844	-1020	7015	-90	741909	3109	-84	741922	5750	-85	741936	5337	-83	741949	
153	6805	-1125	7062	-88	741978	3160	-82	741991	5754	-85	742005	5216	-83	742018	
603	6916	-878	7170	-88	742047	3170	-82	742061	5750	-85	742074	5300	-83	742088	
Err	Err	Err	7132	-89	742115	3127	-83	742129	5750	-85	742142	5300	-83	742088	
586	6917	-133	7057	-91	742176	3202	-83	742190	5736	-86	742203	4968	-85	742217	
989	6902	-122	7066	-90	742245	3240	-82	742258	5750	-86	742272	4982	-86	742285	
681	6854	-919	7001	-89	742310	3292	-82	742324	5717	-86	742337	5169	-85	742351	
1047	7001	-155	7306	-90	742378	3347	-82	742392	5731	-86	742405	5108	-87	742419	
1065	6959	504	7287	-90	742447	3361	-82	742460	5721	-86	742474	4996	-87	742487	
347	6565	-1605	6701	-90	742513	3436	-82	742527	5679	-86	742541	5019	-85	742554	
0	6133	-2408	6626	-91	742579	3380	-82	742593	5707	-88	742606	5080	-84	742620	
119	6438	-1808	6664	-91	742646	3347	-81	742660	5693	-87	742673	5009	-85	742687	
103	6426	-1761	6626	-90	742716	3338	-81	742729	5665	-86	742743	4977	-85	742756	
497	6574	-1465	6733	-89	742785	3324	-83	742799	5642	-85	742812	4977	-85	742826	
746	6862	-483	6898	-91	742852	3347	-83	742865	5712	-85	742879	4972	-84	742892	
780	6815	-548	6888	-92	742919	3277	-85	742933	5679	-85	742946	4944	-85	742960	
1006	6794	-730	6982	-91	742988	3245	-84	743001	5679	-85	743015	4991	-85	743028	
Err	Err	Err	7038	-90	743054	3342	-83	743068	5679	-85	743015	5000	-85	743088	
918	6938	3	7052	-91	743111	3319	-83	743125	5778	-85	743138	4996	-85	743152	
829	6935	169	7029	-92	743177	3305	-83	743191	5782	-84	743204	4968	-85	743218	
1046	6909	-210	7038	-91	743244	3342	-82	743258	5736	-85	743271	5005	-85	743285	
1082	6921	-297	7076	-91	743313	3338	-81	743326	5754	-85	743340	5033	-85	743354	
1125	6862	-544	7062	-91	743382	3305	-83	743395	5721	-85	743409	5033	-85	743422	
-1754	5577	-2060	7062	-91	743382	3300	-84	743463	5750	-84	743476	5019	-84	743490	
840	6846	-521	6977	-92	743521	3231	-85	743535	5721	-85	743548	4977	-84	743562	
Err	Err	Err	6912	-93	743589	3231	-85	743535	5731	-85	743610	4944	-83	743623	
499	6826	2	6869	-93	743650	3156	-84	743663	5717	-85	743677	4860	-84	743690	
297	6814	338	6841	-92	743716	3156	-83	743730	5750	-85	743743	4827	-84	743757	
177	6815	-18	6794	-92	743784	3188	-82	743797	5750	-85	743811	4855	-84	743824	
199	6789	-566	6771	-91	743851	3245	-81	743865	5736	-86	743879	4911	-84	743893	
250	6833	-188	6799	-91	743920	3245	-80	743934	5745	-86	743947	4888	-84	743961	
270	6838	-38	6808	-91	743987	3235	-80	744001	5745	-85	744014	4874	-84	744029	
-2520	5447	-857	6808	-91	743987	3268	-80	744071	5745	-86	744084	4878	-84	744098	
147	6818	-270	6780	-91	744129	3231	-81	744142	5754	-86	744156	4888	-83	744169	
282	6787	-623	6757	-92	744198	3292	-81	744211	5712	-86	744225	4916	-83	744238	
Err	Err	Err	6724	-92	744265	3287	-80	744278	5759	-86	744292	4916	-83	744238	
201	6824	-532	6724	-92	744326	3399	-80	744340	5726	-87	744353	4930	-83	744367	
1303	6741	1163	6822	-90	744394	3605	-80	744408	5707	-86	744422	4907	-83	744435	
372	6836	-293	6799	-91	744463	3287	-80	744478	5721	-86	744492	4902	-83	744505	
Err	Err	Err	6771	-91	744533	3235	-81	744546	5721	-86	744492	4907	-85	744568	
117	6703	-875	6725	-91	744598	3221	-82	744611	5717	-87	744625	4911	-87	744638	
230	6594	-1379	6729	-91	744664	3259	-84	744678	5698	-87	744691	4968	-89	744705	
Err	Err	Err	6725	-92	744731	3268	-83	744744	5693	-87	744758	4968	-89	744705	
314	6408	-1901	6724	-92	744792	3296	-83	744806	5679	-88	744819	5028	-84	744833	
95	6392	-2031	6729	-91	744860	3357	-82	744873	5693	-86	744887	5145	-83	744901	
18	6379	-2028	6725	-91	744927	3328	-81	744941	5768	-86	744954	5080	-83	744968	
-102	6311	-2015	6654	-91	744996	3277	-81	745009	5736	-86	745023	5028	-95	745036	
41	6540	-1491	6687	-91	745065	3268	-81	745079	5717	-86	745092	4972	-83	745106	
-45	6644	-1021	6659	-90	745134	3254	-82	745148	5712	-86	745161	4907	-83	745175	
-73	6667	-935	6654	-91	745202	3268	-83	745216	5717	-86	745229	4902	-83	745243	
-23	6450	-1557	6626	-92	745270	3202	-83	745283	5675	-86	745297	4925	-85	745310	
-46	6490	-1527	6645	-92	745337	3245	-83	745351	5703	-86	745365	4949	-86	745378	
200	6491	-1618	6687	-91	745406	3268	-83	745419	5675	-85	745433	4972	-86	745446	
150	6515	-1465	6678	-92	745474	3207	-84	745487	5670	-86	745501	4935	-86	745514	
88	6541	-1438	6678	-91	745542	3245	-84	745556	5693	-86	745569	4949	-86	745583	
126	6466	-1606	6701	-92	745608	3188	-84	745621	5628	-86	745635	5004	-86	745649	
143	6528	-1490	6701	-92	745678	3221	-85	745691	5693	-87	745705	4958	-86	745718	
-130	6248	-2049	6635	-92	745745	3193	-85	745759	5717	-87	745772	5000	-86	745786	
125	6618	-1182	6706	-92	745812	3207	-87	745826	5698	-87	745839	4925	-86	745853	
91	6548	-1365	6720	-91	745879	3132	-87	745892	5707	-86	745906	4935	-86	745919	
-74	6589	-1245	6771	-92	745946	3071	-86	745960	5707	-86	745973	5023	-84	745987	
740	6667	-1455	6898	-91	746017	3361	-82	746030	5712	-85	746044	5075	-83	746058	
652	6762	-1287	7010	-90	746085	3338	-82	746098	5707	-85	746112	5150	-82	746125	
662	6883	-702	7071	-91	746153	3240	-82	746167	5721	-85	746180	5061	-94	746194	
Err	Err	Err	7024	-92	746222	3249	-83	746235	5721	-85	746180	5089	-82	746255	
437	6832	-812	7005	-91	746285	3207	-84	746298	5717	-85	746312	5051	-83	746325	
352	6712	-1290	6902	-92	746353	3263	-84	746367	5721	-86	746380	5080	-82	746394	
971	6813	-710	6977	-92	746423	3277	-85	746437	5693	-86	746450	5000	-84	746464	
838	6929	327	7109	-88	746492	3306	-83	746506	5721	-85	746519	4949	-84	746533	
704	6892	583	7118	-88	746561	3249	-83	746574	5731	-86	746588	4893	-83	746601	
685	6894	320	7062	-89	746630	3226	-86	746643	5707	-85	746657	4902	-82	746670	
633	6883	210	7071	-89	746697	3160	-88	746711	5698	-85	746724	4897	-84	746738	
471	6717	-969	6837	-93	746766	3179	-86	746780	5703	-86	746793	4949	-84	746807	
482	6571	-1551	6822	-93	746834	3235	-85	746847	5698	-85	746861	5019	-84	746874	
-154	6464	-1764	6733	-92	746903	3179	-84	746916	5698	-86	746930	5216	-84	746943	
Err	Err	Err	6794	-91	746971	3216	-83	746985	5693	-87	746998	5216	-84	746943	
110	6800	-333	6711	-93	747034	3305	-82	747048	5721	-88	747061	4878	-83	747075	
-731	6584	-242	6462	-94	747102	3292	-82	747116	5721	-88	747129	4775	-83	747143	
471	6728	1097	6855	-92	747169	3249	-83	747183	5731	-87	747197	4775	-83	747210	
389	6818	958	7099	-92	747238	3226	-84	747252	5745	-86	747265	4771	-83	747279	
Err	Err	Err	7090	-91	747307	3216	-85	747321	5764	-85	747334	4771	-83	747279	
161	6855	542	7109	-90	747369	3165	-86	747383	5745	-84	747396	4813	-84	747409	
326	6860	550	7118	-90	747437	3113	-86	747450	5764	-85	747464	4846	-85	747477	
524	6921	490	7109	-90	747505	3235	-85	747518	5778	-83	747532	4916	-85	747546	
778	6928	634	7160	-92	747575	3324	-83	747589	5745	-84	747602	4930	-85	747616	
623	6910	395	6954	-92	747644	3314	-83	747657	5782	-84	747672	4921	-85	747685	
383	6900	18	6846	-92	747713	3352	-82	747726	5768	-84	747740	4925	-85	747753	
106	6834	-505	6790	-92	747780	3314	-83	747794	5787	-84	747807	4949	-85	747822	
317	6836	-549	6799	-93	747848	3338	-85	747861	5745	-84	747875	4949	-86	747888	
-282	6402	-1527	6607	-93	747916	3109	-85	747929	5717	-84	747943	4907	-86	747956	
125	6640	-1085	6725	-92	747984	3170	-84	747998	5707	-85	748011	4916	-85	748025	
44	6701	-946	6743	-93	748051	3216	-83	748064	5750	-85	748078	4935	-85	748092	
-339	6601	-969	6603	-92	748119	3245	-82	748133	5740	-84	748146	4888	-86	748161	
209	6843	63	6874	-91	748189	3137	-82	748202	5797	-84	748216	4878	-84	748231	
-842	6064	-1968	6462	-92	748258	3249	-81	748272	5745	-85	748285	4869	-84	748298	
-592	6533	-969	6551	-93	748326	3221	-82	748340	5759	-85	748353	4869	-84	748367	
-96	6437	-1628	6621	-92	748394	3245	-82	748407	5698	-85	748421	4949	-84	748434	
-2181	5145	-2072	6621	-92	748394	3254	-85	748476	5736	-84	748489	4991	-85	748503	
-241	6413	-1653	6626	-93	748536	3207	-85	748549	5736	-84	748563	4958	-85	748576	
-391	6459	-1462	6598	-94	748604	3235	-85	748618	5754	-84	748631	4939	-86	748645	
745	6962	343	7216	-90	748671	3254	-85	748685	5731	-85	748699	4963	-85	748712	
901	6912	226	7019	-91	748739	3305	-84	748753	5754	-85	748766	4949	-85	748780	
-91	6614	-1261	6682	-89	748807	3292	-84	748820	5750	-85	748834	4963	-85	748847	
-251	6171	-2155	6575	-90	748873	3249	-84	748887	5712	-85	748900	5000	-85	748914	
-1995	6085	-300	6575	-90	748873	3292	-85	748954	5745	-84	748967	4977	-86	748981	
-301	6570	-1216	6673	-92	749011	3184	-86	749025	5782	-84	749038	4939	-85	749052	
77	6631	-1293	6752	-92	749081	3240	-84	749094	5754	-85	749108	4982	-84	749121	
-249	6588	-1374	6682	-93	749147	3328	-83	749160	5797	-85	749174	5000	-84	749187	
Err	Err	Err	6635	-92	749215	3328	-83	749160	5712	-86	749235	5014	-84	749249	
-106	6085	-2351	6556	-92	749277	3319	-82	749290	5670	-86	749304	5019	-85	749317	
-193	6127	-2270	6575	-92	749342	3282	-83	749355	5703	-86	749369	5019	-85	749382	
-222	6218	-2130	6546	-92	749410	3380	-83	749423	5698	-86	749437	5009	-85	749450	
-144	6137	-2196	6537	-91	749476	3277	-82	749489	5656	-86	749503	4977	-86	749516	
-174	6082	-2249	6528	-93	749542	3226	-85	749556	5651	-86	749569	4968	-83	749582	
-1206	5846	-2033	6528	-93	749542	3207	-87	749624	5736	-85	749638	4921	-82	749651	
135	6752	-674	6766	-91	749685	3193	-87	749699	5740	-87	749712	4907	-82	749726	
154	6721	-844	6733	-92	749753	3240	-85	749767	5717	-85	749780	4916	-82	749794	
76	6591	-1141	6659	-91	749821	3188	-86	749835	5670	-87	749848	4888	-82	749862	
961	6888	301	7137	-90	749890	3277	-85	749903	5637	-88	749917	4921	-82	749931	
1156	6852	-142	7038	-90	749958	3263	-85	749972	5684	-88	749985	4958	-82	749999	
866	6923	77	7085	-91	750024	3282	-85	750038	5707	-87	750051	4963	-82	750065	
Err	Err	Err	6916	-92	750086	3282	-85	750038	5740	-85	750107	4939	-82	750120	
472	6893	-18	6893	-91	750149	3282	-84	750162	5768	-85	750176	4925	-82	750190	
332	6861	-451	6841	-92	750218	3305	-84	750232	5768	-84	750246	4954	-82	750260	
-2375	5618	-976	6841	-92	750218	3306	-84	750301	5782	-84	750314	4925	-82	750328	
-1743	5567	-2034	6841	-92	750218	3287	-84	750366	5801	-84	750380	4921	-82	750393	
Err	Err	Err	6832	-91	750424	3310	-84	750437	5801	-84	750380	4907	-82	750459	
Err	Err	Err	6762	-89	750488	3310	-84	750437	5787	-85	750508	4855	-83	750522	
62	6834	248	6771	-89	750549	3287	-84	750563	5778	-86	750576	4860	-84	750590	
Err	Err	Err	6766	-89	750616	3263	-84	750630	5778	-86	750576	4907	-84	750650	
283	6847	-237	6818	-90	750680	3259	-85	750693	5754	-85	750707	4907	-83	750720	
Err	Err	Err	7071	-88	750749	3212	-86	750762	5782	-86	750776	4907	-83	750720	
-1362	5674	-2200	7071	-88	750749	3245	-85	750827	5750	-86	750840	4944	-82	750854	
343	6780	-799	6832	-90	750887	3235	-85	750901	5745	-86	750916	4958	-83	750929	
325	6831	-667	6879	-90	750956	3235	-85	750970	5787	-85	750983	4977	-82	750997	
456	6831	-562	6865	-90	751023	3231	-85	751036	5740	-85	751050	4944	-82	751063	
651	6842	-474	6944	-89	751090	3188	-85	751104	5740	-85	751118	4954	-82	751131	
452	6808	-670	6893	-88	751157	3184	-85	751170	5754	-85	751185	4958	-82	751199	
424	6751	-797	6822	-88	751227	3193	-85	751241	5707	-85	751254	4930	-82	751268	
Err	Err	Err	6827	-89	751293	3207	-86	751306	5707	-85	751320	4930	-82	751268	
295	6565	-1568	6808	-89	751356	3216	-86	751370	5736	-85	751385	5023	-82	751398	
229	6676	-1246	6790	-90	751425	3249	-86	751439	5745	-86	751452	4991	-82	751466	
129	6482	-1686	6738	-91	751490	3212	-86	751503	5726	-86	751517	5004	-83	751530	
215	6521	-1628	6729	-91	751558	3282	-86	751572	5707	-86	751585	5004	-82	751599	
246	6379	-1929	6724	-92	751627	3245	-85	751640	5689	-86	751654	5023	-82	751667	
Err	Err	Err	6724	-92	751695	3305	-85	751708	5703	-86	751722	5023	-82	751667	
138	6453	-1796	6692	-92	751756	3328	-85	751770	5707	-86	751784	5019	-82	751797	
221	6444	-1822	6696	-92	751825	3333	-84	751838	5689	-86	751852	5019	-82	751865	
139	6702	-1088	6706	-92	751893	3361	-84	751907	5721	-86	751920	4963	-83	751934	
54	6687	-1086	6715	-91	751959	3305	-84	751973	5740	-86	751987	4958	-83	752001	
Err	Err	Err	7268	-88	752029	3221	-84	752043	5703	-85	752056	4958	-83	752001	
439	6846	505	7052	-90	752091	3123	-84	752104	5717	-85	752118	4832	-84	752131	
361	6858	677	7165	-91	752157	3104	-84	752171	5745	-84	752184	4817	-85	752198	
145	6789	113	6799	-91	752225	3113	-83	752238	5750	-86	752252	4822	-85	752266	
Err	Err	Err	6579	-92	752292	3240	-85	752306	5703	-86	752319	4822	-85	752266	
-448	6010	-2416	6485	-93	752354	3380	-83	752368	5717	-86	752381	5070	-85	752395	
-178	6230	-2265	6631	-92	752423	3399	-81	752436	5745	-85	752450	5122	-84	752463	
-86	6332	-2036	6598	-93	752490	3441	-83	752503	5712	-86	752517	5037	-85	752530	
-308	6170	-2166	6542	-94	752559	3301	-83	752572	5698	-87	752586	5042	-86	752599	
-471	6131	-2366	6560	-94	752626	3357	-83	752640	5782	-85	752654	5244	-84	752667	
429	6866	-730	6883	-90	752696	3361	-83	752710	5787	-85	752723	5019	-83	752737	
691	6923	504	7019	-90	752765	3300	-84	752779	5811	-86	752792	4939	-84	752806	
487	6853	-433	6902	-91	752832	3221	-85	752845	5759	-86	752859	4949	-86	752872	
-220	6546	-1746	6785	-91	752901	3207	-87	752914	5782	-86	752928	5384	-81	752941	
22	6392	-2045	6729	-94	752971	3347	-85	752984	5707	-85	752998	5187	-81	753011	
-28	6462	-1972	6780	-92	753038	3306	-86	753051	5703	-87	753065	5319	-82	753078	
117	6724	-1376	6916	-88	753107	3287	-83	753120	5782	-86	753134	5159	-82	753148	
49	6626	-1330	6743	-91	753174	3268	-82	753188	5759	-86	753201	4991	-85	753215	
637	6842	-662	6893	-87	753241	3319	-82	753255	5731	-87	753268	4986	-85	753282	
833	6639	-1483	6888	-88	753308	3366	-81	753322	5679	-85	753335	5065	-84	753349	
869	6448	-2025	6869	-87	753377	3460	-81	753390	5670	-85	753404	5140	-82	753417	
346	6536	-1876	6851	-88	753444	3399	-81	753457	5703	-85	753471	5183	-82	753484	
Err	Err	Err	6738	-91	753513	3399	-81	753457	5698	-86	753533	5206	-82	753547	
Err	Err	Err	6687	-93	753573	3399	-81	753457	5656	-86	753594	5197	-82	753607	
-114	6417	-1835	6654	-92	753638	3296	-84	753651	5661	-87	753664	5164	-82	753678	
-116	6359	-1906	6654	-91	753707	3268	-84	753720	5703	-88	753734	5065	-83	753747	
-56	6543	-1541	6701	-89	753776	3296	-84	753789	5759	-87	753803	5004	-84	753816	
-2023	5266	-2167	6701	-89	753776	3306	-84	753860	5768	-87	753874	4982	-84	753887	
-68	6326	-2045	6678	-91	753920	3300	-84	753933	5750	-87	753947	5051	-84	753960	
160	6634	-1415	6752	-90	753988	3342	-83	754001	5750	-87	754015	5019	-84	754029	
625	6702	-1232	6827	-88	754056	3357	-82	754070	5689	-88	754083	5014	-84	754097	
537	6588	-1651	6822	-88	754125	3380	-82	754139	5712	-87	754153	5070	-85	754167	
585	6662	-1351	6818	-90	754192	3342	-83	754205	5689	-87	754219	5019	-85	754232	
637	6556	-1618	6837	-90	754260	3282	-85	754274	5675	-89	754287	5037	-85	754301	
Err	Err	Err	6725	-92	754329	3282	-85	754274	5651	-88	754349	5047	-84	754363	
137	6309	-2111	6701	-92	754392	3300	-86	754405	5712	-87	754419	5056	-84	754432	
343	6730	-1188	6818	-90	754461	3342	-84	754474	5754	-87	754488	5023	-85	754502	
172	6625	-1442	6738	-92	754529	3366	-84	754542	5740	-87	754556	5019	-85	754569	
496	6832	-651	6855	-91	754598	3305	-84	754611	5736	-85	754625	4968	-84	754638	
51	6781	-512	6738	-91	754665	3259	-84	754678	5750	-86	754692	4902	-83	754705	
1073	6816	738	6799	-90	754731	3488	-83	754745	5721	-86	754758	4893	-83	754772	
248	6710	-857	6711	-92	754803	3263	-83	754818	5679	-86	754831	4902	-83	754845	
-202	6449	-1520	6621	-91	754871	3188	-85	754884	5717	-87	754898	4930	-82	754911	
6	6218	-2048	6598	-91	754940	3179	-84	754953	5646	-87	754968	4958	-83	754981	
-88	6514	-1477	6692	-92	755008	3179	-85	755021	5698	-86	755035	5009	-84	755048	
-61	6592	-1466	6790	-91	755078	3179	-86	755092	5726	-85	755105	5126	-84	755119	
562	6617	-1630	6851	-90	755147	3394	-83	755161	5731	-85	755174	5089	-86	755188	
428	6861	-882	6841	-89	755214	3479	-82	755228	5778	-85	755241	5047	-87	755255	
592	6775	1350	6860	-88	755280	3544	-83	755294	5764	-85	755307	4864	-84	755320	
79	6762	-859	6804	-88	755347	3231	-84	755360	5792	-84	755374	4968	-82	755387	
752	6786	-1114	6991	-87	755415	3273	-85	755428	5764	-85	755442	5070	-82	755455	
239	6809	-338	6846	-90	755481	3123	-83	755495	5764	-86	755509	4893	-82	755522	
14	6580	-1463	6808	-90	755550	3137	-84	755564	5801	-86	755577	5014	-83	755591	
373	6694	-1602	6935	-88	755618	3408	-82	755631	5778	-86	755645	5187	-84	755659	
440	6481	-2111	6893	-88	755687	3441	-83	755701	5806	-85	755714	5197	-83	755728	
602	6625	-1769	6940	-87	755756	3408	-83	755770	5792	-85	755783	5164	-84	755797	
569	6751	-1413	6958	-86	755823	3380	-85	755836	5811	-84	755850	5131	-83	755863	
439	6763	-1250	6912	-88	755890	3333	-86	755903	5801	-84	755917	5080	-82	755930	
433	6792	-1113	6935	-88	755957	3282	-85	755971	5811	-84	755984	5065	-83	755998	
715	6727	-1204	6874	-90	756027	3366	-83	756041	5703	-85	756054	5037	-86	756068	
343	6863	-338	6804	-91	756094	3352	-85	756108	5745	-86	756121	4935	-82	756135	
228	6552	-1797	6837	-90	756160	3342	-84	756174	5801	-85	756188	5112	-81	756201	
-305	6539	-1808	6780	-93	756228	3249	-84	756241	5815	-85	756255	5384	-81	756268	
-216	6575	-1654	6799	-92	756298	3226	-83	756311	5801	-85	756325	5295	-81	756338	
-97	6511	-1915	6799	-92	756369	3385	-84	756382	5820	-86	756396	5206	-84	756409	
-789	5953	-2437	6799	-92	756369	3352	-84	756451	5778	-87	756464	5178	-85	756478	
97	6500	-1686	6752	-93	756511	3235	-82	756525	5750	-87	756538	5023	-84	756552	
Err	Err	Err	6869	-90	756581	3259	-82	756594	5750	-87	756538	4968	-85	756615	
166	6854	-284	6855	-91	756644	3212	-82	756657	5806	-84	756671	4930	-84	756684	
-79	6701	-1145	6851	-91	756711	3184	-82	756725	5811	-83	756738	5061	-82	756752	
-74	6586	-1633	6846	-91	756780	3235	-85	756794	5806	-84	756807	5197	-82	756821	
111	6488	-1877	6780	-91	756849	3352	-84	756863	5750	-85	756876	5136	-83	756889	
305	6537	-1772	6766	-89	756917	3408	-83	756930	5736	-86	756944	5075	-83	756957	
715	6733	-1193	6883	-90	756982	3352	-83	756996	5707	-86	757009	5037	-83	757023	
493	6514	-1783	6808	-92	757049	3333	-84	757063	5703	-86	757076	5065	-83	757090	
285	6260	-2146	6682	-93	757117	3277	-86	757131	5651	-85	757144	5028	-84	757158	
Err	Err	Err	6733	-92	757186	3301	-86	757199	5637	-85	757213	5028	-84	757158	
263	6688	-1185	6785	-92	757248	3273	-86	757262	5736	-85	757275	4986	-84	757289	
381	6814	-875	6832	-90	757316	3361	-84	757329	5759	-86	757343	5004	-86	757356	
517	6819	-978	6846	-89	757383	3436	-83	757397	5750	-86	757410	5037	-86	757424	
597	6745	-1294	6893	-89	757450	3385	-84	757464	5754	-85	757477	5075	-84	757491	
493	6606	-1673	6855	-90	757517	3380	-84	757530	5750	-86	757544	5098	-84	757557	
226	6505	-1917	6818	-91	757584	3371	-84	757597	5792	-85	757612	5122	-84	757625	
36	6484	-1981	6804	-92	757650	3385	-83	757664	5782	-85	757677	5197	-82	757692	
-96	6273	-2223	6668	-92	757718	3403	-83	757732	5768	-86	757745	5098	-83	757759	
224	6506	-1815	6747	-92	757786	3394	-84	757800	5740	-86	757813	5070	-84	757827	
276	6828	-700	6780	-92	757856	3389	-83	757870	5750	-86	757883	4972	-84	757897	
613	6535	-1741	6785	-90	757925	3418	-82	757938	5670	-89	757952	5061	-84	757965	
544	6740	-1109	6813	-89	757992	3371	-84	758005	5703	-87	758019	5004	-84	758032	
405	6658	-1295	6804	-88	758059	3268	-84	758072	5712	-87	758086	4996	-83	758099	
437	6757	-906	6822	-89	758125	3263	-86	758138	5717	-87	758152	4963	-83	758165	
566	6709	-1208	6851	-89	758192	3301	-85	758206	5712	-86	758219	5014	-83	758233	
373	6743	-1152	6771	-91	758261	3427	-82	758274	5726	-86	758288	5014	-83	758301	
399	6730	-1128	6790	-91	758328	3361	-82	758341	5721	-86	758355	5000	-82	758368	
1562	6545	1779	6785	-92	758398	3759	-81	758412	5703	-86	758425	4916	-82	758439	
35	6752	-303	6743	-92	758466	3123	-81	758481	5736	-85	758495	4841	-82	758508	
-333	6662	-485	6668	-91	758536	3085	-81	758549	5768	-85	758563	4832	-82	758576	
-404	6665	-510	6640	-90	758603	3160	-81	758616	5773	-84	758630	4846	-83	758644	
-390	6199	-2086	6603	-89	758674	3212	-85	758687	5768	-83	758700	5014	-84	758714	
-324	6283	-1958	6551	-89	758740	3347	-84	758754	5721	-84	758767	4991	-84	758781	
-412	6283	-1708	6546	-90	758808	3113	-82	758821	5707	-86	758835	4902	-83	758849	
-1524	5751	-1825	6546	-90	758808	3104	-82	758877	5736	-85	758891	4911	-83	758904	
-20	6314	-1904	6645	-90	758930	3174	-83	758944	5689	-85	758957	4972	-84	758971	
1280	6751	-619	6982	-88	758997	3273	-85	759010	5604	-84	759024	4963	-86	759037	
1064	6849	317	6926	-87	759066	3385	-82	759080	5656	-86	759093	4897	-86	759107	
993	6846	-239	6898	-87	759135	3371	-82	759149	5651	-87	759162	4935	-86	759176	
797	6850	-417	6855	-87	759202	3389	-81	759215	5675	-87	759229	4949	-86	759243	
825	6862	-354	6860	-87	759272	3403	-82	759285	5675	-87	759299	4949	-85	759312	
Err	Err	Err	6888	-87	759339	3375	-82	759352	5689	-86	759366	4949	-85	759312	
716	6575	-1568	6804	-88	759405	3389	-82	759418	5651	-87	759432	5037	-83	759445	
448	6489	-1818	6776	-91	759471	3347	-82	759484	5693	-87	759498	5056	-83	759511	
265	6322	-2129	6720	-91	759537	3338	-83	759551	5698	-87	759564	5070	-83	759578	
37	6199	-2368	6687	-89	759605	3380	-82	759618	5745	-86	759632	5112	-83	759645	
166	6430	-1999	6757	-88	759673	3380	-83	759687	5712	-86	759701	5140	-83	759714	
484	6544	-1796	6837	-87	759743	3371	-84	759756	5736	-85	759769	5098	-83	759783	
Err	Err	Err	6747	-88	759811	3371	-84	759756	5740	-86	759831	5070	-84	759845	
543	6672	-1437	6851	-88	759874	3366	-84	759888	5731	-86	759901	5061	-85	759915	
312	6557	-1699	6780	-88	759941	3361	-84	759954	5736	-86	759968	5061	-85	759981	
548	6881	-495	6874	-88	760008	3366	-84	760021	5750	-86	760035	4982	-85	760048	
582	6840	-696	6855	-88	760074	3366	-84	760087	5726	-85	760101	4986	-84	760114	
649	6854	-639	6888	-88	760140	3352	-84	760154	5731	-86	760167	4991	-85	760181	
610	6918	185	6902	-88	760207	3380	-83	760220	5759	-86	760234	4935	-85	760247	
474	6865	-502	6818	-89	760275	3394	-83	760289	5731	-86	760302	4963	-87	760316	
347	6868	-268	6804	-89	760344	3357	-82	760358	5745	-86	760371	4930	-87	760385	
495	6873	-344	6822	-89	760412	3380	-82	760426	5726	-87	760440	4944	-86	760453	
264	6869	628	6794	-89	760481	3436	-81	760494	5773	-86	760508	4878	-86	760521	
246	6895	-90	6790	-89	760548	3403	-82	760561	5768	-86	760575	4930	-86	760588	
126	6846	715	6776	-89	760615	3432	-81	760629	5792	-86	760642	4869	-86	760656	
262	6864	598	6766	-91	760682	3450	-82	760696	5754	-86	760709	4869	-85	760723	
98	6880	20	6729	-91	760752	3450	-82	760765	5764	-85	760779	4911	-85	760792	
1100	6863	574	6780	-91	760818	3544	-82	760831	5773	-85	760845	4939	-85	760859	
1046	6834	449	6738	-91	760886	3488	-83	760900	5731	-84	760913	4897	-84	760927	
346	6831	-455	6729	-91	760955	3418	-83	760968	5698	-84	760982	4921	-84	760995	
1105	6789	608	6711	-90	761022	3483	-83	761036	5703	-85	761049	4869	-84	761063	
-1228	6461	-157	6711	-90	761022	3263	-83	761106	5698	-85	761119	4846	-83	761133	
-42	6751	-271	6701	-91	761161	3179	-83	761175	5731	-84	761188	4836	-83	761202	
-5	6585	-1105	6682	-91	761229	3109	-83	761242	5698	-84	761256	4883	-83	761269	
-82	6584	-1189	6715	-91	761298	3113	-83	761311	5679	-84	761325	4977	-84	761338	
277	6559	-1400	6766	-90	761368	3137	-84	761381	5693	-85	761395	4954	-85	761408	
274	6622	-1217	6757	-88	761435	3174	-84	761449	5693	-85	761462	4939	-85	761476	
-16	6567	-1269	6724	-90	761504	3113	-85	761517	5679	-85	761531	4963	-85	761545	
79	6554	-1448	6747	-89	761572	3170	-87	761585	5684	-86	761599	5004	-86	761612	
Err	Err	Err	6678	-90	761641	3198	-86	761654	5698	-86	761668	5004	-86	761612	
74	6322	-1954	6654	-90	761702	3231	-86	761716	5679	-86	761729	4991	-84	761744	
164	6562	-1429	6654	-89	761774	3338	-85	761787	5670	-85	761801	4954	-83	761814	
70	6606	-1322	6701	-89	761844	3277	-86	761857	5721	-85	761871	4963	-84	761884	
338	6773	-699	6776	-91	761911	3263	-85	761924	5707	-85	761938	4921	-84	761951	
-49	6599	-1374	6696	-91	761980	3310	-84	761994	5754	-85	762007	4986	-83	762021	
358	6752	-822	6757	-90	762048	3296	-85	762061	5693	-85	762075	4930	-85	762088	
95	6756	-844	6729	-91	762115	3333	-84	762128	5745	-85	762141	4949	-84	762155	
315	6811	-885	6794	-91	762183	3403	-83	762197	5754	-85	762210	5000	-84	762224	
275	6690	-1242	6733	-92	762251	3408	-83	762264	5717	-85	762278	5000	-84	762293	
409	6826	-643	6799	-91	762323	3361	-84	762337	5726	-86	762350	4958	-84	762364	
483	6629	-1473	6776	-91	762390	3389	-85	762404	5693	-85	762417	5028	-84	762431	
266	6533	-1635	6733	-92	762458	3319	-86	762473	5703	-85	762486	5014	-83	762500	
236	6540	-1578	6785	-90	762527	3198	-85	762541	5731	-85	762554	5009	-83	762568	
-87	6738	-715	6659	-92	762595	3347	-83	762608	5736	-85	762623	4911	-84	762636	
321	6767	-944	6808	-91	762663	3306	-83	762676	5745	-85	762690	4982	-84	762703	
289	6618	-1349	6715	-91	762729	3328	-84	762742	5684	-85	762756	4972	-84	762769	
470	6796	-836	6818	-90	762795	3342	-84	762809	5721	-86	762822	4977	-84	762836	
464	6899	-296	6865	-89	762864	3361	-85	762877	5764	-86	762892	4963	-84	762905	
Err	Err	Err	6841	-88	762934	3361	-85	762877	5731	-85	762954	4977	-83	762968	
489	6717	-1283	6837	-90	762997	3371	-84	763011	5736	-86	763024	5042	-83	763038	
686	6856	-724	6898	-90	763066	3385	-85	763080	5736	-85	763093	5014	-83	763107	
324	6841	-611	6818	-89	763134	3342	-85	763148	5759	-86	763161	4968	-84	763175	
597	6855	-624	6865	-89	763202	3371	-84	763216	5731	-85	763229	4986	-84	763243	
403	6742	-1071	6837	-89	763270	3273	-86	763284	5740	-85	763297	4996	-84	763311	
324	6810	-800	6851	-89	763337	3277	-86	763351	5773	-85	763364	4986	-84	763378	
409	6768	-987	6869	-89	763405	3249	-86	763418	5759	-85	763432	5000	-84	763445	
509	6802	-888	6860	-89	763472	3324	-85	763486	5740	-85	763500	5000	-84	763513	
438	6739	-1257	6865	-90	763541	3352	-85	763555	5768	-86	763568	5056	-84	763582	
378	6638	-1473	6808	-91	763609	3338	-84	763622	5736	-86	763636	5042	-84	763649	
465	6559	-1694	6822	-90	763677	3328	-84	763690	5721	-86	763704	5065	-84	763717	
495	6597	-1576	6860	-89	763745	3268	-85	763758	5731	-86	763772	5056	-84	763785	
520	6540	-1720	6837	-89	763812	3301	-85	763825	5712	-85	763839	5065	-84	763852	
627	6709	-1236	6883	-89	763879	3287	-84	763892	5717	-85	763906	5028	-84	763919	
552	6712	-1330	6888	-90	763947	3328	-84	763961	5750	-85	763974	5061	-84	763988	
679	6739	-1238	6883	-90	764009	3371	-83	764022	5721	-85	764036	5051	-83	764049	
Err	Err	Err	6893	-89	764076	3371	-83	764022	5717	-85	764096	5042	-84	764110	
1052	6826	-859	6991	-89	764136	3389	-84	764150	5707	-85	764163	5056	-84	764177	
998	6915	-290	7005	-87	764203	3389	-83	764216	5736	-86	764230	5014	-84	764243	
821	6940	-194	6963	-87	764268	3418	-83	764282	5759	-86	764295	5005	-85	764309	
898	6898	-532	6949	-88	764336	3436	-84	764350	5731	-86	764363	5028	-84	764377	
780	6910	-488	6958	-88	764405	3389	-84	764418	5759	-86	764432	5023	-85	764445	
653	6901	-498	6935	-88	764471	3357	-85	764484	5768	-86	764498	5009	-85	764511	
714	6845	-789	6921	-88	764539	3357	-85	764553	5740	-86	764566	5023	-84	764580	
862	6908	-61	6973	-88	764609	3333	-85	764622	5736	-86	764636	4963	-84	764649	
887	6903	62	6977	-88	764677	3328	-86	764691	5731	-86	764704	4949	-84	764718	
938	6810	-654	6935	-88	764748	3296	-86	764761	5675	-86	764775	4977	-83	764788	
707	6845	-541	6916	-89	764814	3277	-86	764828	5721	-86	764841	4968	-84	764855	
605	6787	-936	6879	-89	764883	3310	-86	764896	5726	-86	764910	5004	-84	764923	
466	6741	-1102	6827	-91	764951	3328	-86	764964	5726	-86	764978	5005	-85	764991	
455	6893	-460	6860	-91	765017	3389	-86	765031	5768	-86	765044	4986	-85	765058	
340	6873	-601	6865	-89	765085	3342	-85	765099	5792	-86	765112	4996	-85	765125	
341	6875	-786	6846	-89	765151	3446	-84	765165	5797	-85	765178	5037	-85	765192	
262	6967	59	6832	-89	765220	3521	-83	765233	5820	-85	765247	4986	-85	765261	
716	6993	532	6930	-88	765287	3614	-82	765301	5806	-86	765314	5004	-84	765328	
902	6935	-410	6926	-89	765354	3530	-82	765367	5736	-86	765381	5037	-85	765394	
629	6848	-786	6879	-89	765421	3403	-84	765435	5740	-85	765448	5019	-86	765462	
461	6770	-1078	6841	-89	765492	3361	-86	765506	5745	-86	765519	5023	-87	765532	
490	6651	-1533	6827	-90	765558	3413	-84	765572	5736	-86	765587	5075	-86	765600	
393	6757	-1056	6776	-91	765627	3408	-84	765641	5721	-86	765654	5000	-85	765668	
222	6796	-891	6762	-91	765697	3413	-84	765710	5754	-86	765724	4991	-86	765737	
-314	6676	-1139	6696	-90	765764	3375	-85	765778	5829	-86	765791	5005	-86	765805	
-118	6684	-1166	6715	-89	765833	3352	-84	765846	5792	-86	765860	4996	-85	765873	
-162	6745	-988	6729	-90	765903	3394	-84	765917	5820	-86	765930	5005	-85	765944	
93	6619	-1520	6738	-90	765970	3408	-83	765983	5768	-86	765997	5047	-85	766010	
55	6495	-1907	6733	-90	766038	3469	-82	766052	5787	-87	766065	5108	-85	766079	
547	6788	-1197	6846	-89	766107	3493	-83	766121	5754	-87	766136	5075	-84	766149	
459	6778	-1176	6855	-89	766176	3418	-83	766190	5768	-87	766203	5061	-84	766217	
-1543	6442	-263	6855	-89	766176	3371	-84	766259	5759	-86	766272	5061	-84	766286	
734	6933	-245	6944	-89	766313	3403	-83	766326	5764	-86	766340	5000	-85	766354	
775	6930	-336	6958	-88	766381	3403	-84	766395	5764	-86	766408	5014	-84	766422	
589	6942	-74	6879	-90	766447	3460	-84	766461	5764	-86	766475	4977	-84	766488	
524	6775	-1139	6860	-89	766516	3394	-83	766530	5750	-87	766545	5047	-83	766558	
397	6843	-752	6841	-90	766585	3371	-83	766598	5764	-87	766612	5000	-83	766625	
466	6902	180	6837	-90	766650	3403	-83	766664	5750	-86	766677	4916	-84	766691	
542	6886	687	6879	-89	766717	3427	-83	766730	5768	-87	766744	4897	-83	766757	
351	6919	-216	6837	-89	766786	3418	-83	766800	5782	-87	766813	4968	-84	766827	
-3009	4964	-734	6837	-89	766786	3380	-83	766869	5782	-87	766883	4846	-84	766896	
Err	Err	Err	6855	-90	766927	3310	-84	766941	5782	-87	766883	4860	-84	766961	
143	6879	336	6804	-90	766989	3361	-84	767003	5797	-88	767016	4893	-86	767030	
10	6824	-530	6771	-88	767057	3319	-83	767071	5797	-88	767085	4949	-85	767098	
72	6826	536	6780	-89	767126	3310	-84	767139	5787	-89	767153	4846	-85	767166	
440	6850	665	6846	-90	767195	3357	-83	767208	5754	-90	767222	4860	-85	767236	
227	6826	847	6813	-89	767261	3380	-83	767275	5787	-88	767289	4850	-85	767302	
444	6882	-270	6818	-89	767331	3380	-82	767344	5736	-88	767358	4939	-85	767371	
647	6876	-524	6846	-88	767397	3432	-81	767410	5717	-89	767424	4982	-85	767437	
410	6920	272	6822	-89	767464	3460	-81	767478	5764	-89	767492	4925	-84	767505	
554	6860	801	6874	-89	767530	3418	-82	767544	5759	-89	767557	4878	-84	767571	
466	6891	-580	6822	-89	767597	3479	-81	767611	5754	-87	767624	5004	-84	767638	
363	6761	-1201	6794	-89	767663	3464	-81	767677	5754	-88	767690	5047	-84	767704	
525	6801	-1053	6841	-89	767730	3441	-81	767744	5745	-87	767757	5042	-84	767771	
329	6855	-614	6771	-89	767799	3441	-81	767813	5740	-87	767826	4972	-84	767840	
365	6915	280	6832	-89	767866	3436	-81	767880	5778	-87	767893	4925	-84	767907	
287	6902	95	6780	-90	767934	3450	-81	767947	5759	-87	767961	4921	-83	767974	
168	6423	-2168	6813	-89	768002	3441	-81	768016	5731	-86	768029	5267	-83	768043	
73	6454	-2172	6827	-88	768071	3422	-81	768085	5754	-86	768098	5422	-83	768112	
136	6431	-2246	6813	-88	768141	3450	-81	768154	5740	-86	768168	5431	-83	768181	
449	6522	-1968	6869	-87	768208	3427	-81	768222	5782	-85	768235	5159	-83	768249	
619	6912	-297	6865	-87	768279	3436	-81	768292	5740	-85	768306	4977	-82	768319	
501	6926	415	6893	-87	768345	3413	-81	768359	5787	-85	768372	4930	-83	768386	
450	6939	278	6879	-87	768413	3427	-81	768426	5792	-85	768441	4944	-83	768454	
509	6960	134	6888	-87	768481	3464	-81	768494	5792	-86	768508	4972	-83	768521	
710	6917	-317	6907	-86	768548	3418	-82	768561	5745	-85	768575	4991	-83	768588	
727	6941	-3	6940	-87	768617	3408	-82	768630	5764	-85	768644	4977	-84	768657	
743	6881	-565	6893	-87	768684	3422	-82	768698	5726	-86	768711	5004	-84	768725	
-15	6395	-2051	6738	-88	768753	3375	-83	768767	5764	-86	768780	5150	-84	768794	
432	6869	-436	6813	-88	768822	3385	-82	768835	5736	-85	768850	4954	-84	768864	
371	6893	-180	6837	-87	768891	3352	-83	768905	5764	-86	768918	4939	-84	768932	
480	6852	726	6883	-87	768958	3333	-84	768971	5768	-86	768985	4864	-84	769000	
552	6870	484	6898	-87	769027	3300	-85	769040	5754	-86	769054	4878	-84	769067	
509	6870	535	6902	-87	769095	3296	-85	769108	5768	-85	769122	4878	-83	769135	
-2684	5338	-756	6902	-87	769095	3287	-85	769176	5782	-85	769190	4874	-83	769203	
562	6907	-92	6916	-87	769233	3310	-85	769247	5768	-85	769260	4949	-84	769274	
162	6886	-151	6841	-87	769303	3301	-84	769317	5811	-85	769330	4939	-84	769344	
388	6838	-647	6837	-88	769370	3324	-84	769384	5754	-85	769397	4972	-85	769410	
337	6817	-830	6855	-88	769435	3306	-83	769449	5778	-85	769462	5000	-84	769476	
292	6726	-1130	6794	-88	769503	3324	-83	769517	5745	-85	769530	5000	-85	769543	
222	6724	-1310	6785	-88	769572	3441	-82	769585	5778	-85	769599	5056	-84	769612	
427	6879	-805	6865	-87	769639	3455	-82	769652	5792	-85	769666	5047	-84	769680	
346	6970	-189	6907	-86	769707	3441	-81	769720	5843	-85	769734	5019	-84	769748	
Err	Err	Err	6968	-86	769776	3427	-82	769789	5843	-85	769734	4996	-84	769809	
919	6967	-36	7024	-85	769838	3427	-82	769852	5782	-85	769865	5023	-84	769879	
784	6974	266	6996	-85	769905	3446	-82	769919	5801	-84	769932	4996	-84	769946	
718	6951	-106	6973	-85	769973	3385	-82	769988	5787	-85	770001	5000	-84	770015	
713	6954	188	6987	-85	770040	3375	-82	770053	5797	-84	770067	4977	-85	770080	
714	6953	365	6977	-84	770109	3413	-83	770123	5797	-84	770138	4968	-86	770151	
617	6907	778	6944	-85	770178	3436	-83	770191	5801	-84	770205	4925	-84	770218	
Err	Err	Err	6977	-85	770247	3436	-83	770191	5754	-85	770267	4991	-84	770281	
691	6907	-541	6930	-85	770309	3403	-83	770323	5764	-85	770336	5023	-85	770350	
887	6917	-536	6987	-86	770377	3418	-82	770391	5759	-85	770404	5047	-84	770418	
855	6954	-386	6987	-86	770446	3460	-82	770459	5778	-85	770473	5051	-84	770486	
-1893	6236	-312	6987	-86	770446	3418	-82	770526	5740	-86	770540	5061	-84	770553	
721	6875	-928	6963	-87	770581	3432	-82	770595	5787	-86	770608	5089	-84	770622	
Err	Err	Err	6804	-88	770649	3422	-83	770662	5787	-86	770608	5084	-84	770690	
-1	6503	-1792	6762	-89	770720	3305	-83	770733	5736	-86	770747	5131	-85	770760	
289	6627	-1506	6822	-88	770788	3300	-84	770802	5764	-86	770815	5051	-84	770829	
438	6694	-1430	6883	-88	770855	3333	-84	770869	5778	-85	770882	5080	-84	770896	
288	6596	-1731	6851	-88	770921	3371	-83	770934	5801	-86	770948	5117	-84	770961	
507	6618	-1689	6883	-87	770987	3380	-83	771001	5768	-85	771015	5117	-83	771028	
551	6658	-1589	6898	-87	771055	3380	-83	771069	5768	-85	771082	5112	-83	771096	
561	6708	-1433	6893	-86	771123	3389	-84	771136	5764	-86	771150	5094	-84	771163	
496	6735	-1356	6898	-86	771191	3371	-84	771205	5782	-85	771218	5089	-84	771231	
488	6762	-1201	6902	-87	771257	3324	-84	771271	5778	-85	771284	5061	-85	771298	
688	6873	-694	6940	-86	771326	3342	-84	771340	5759	-86	771353	5023	-85	771367	
737	6847	-789	6940	-87	771392	3342	-84	771405	5745	-85	771419	5028	-85	771433	
601	6785	-974	6893	-87	771458	3300	-84	771471	5736	-86	771485	5014	-85	771498	
536	6866	-665	6893	-86	771526	3347	-84	771539	5764	-86	771553	5005	-84	771566	
640	6842	-942	6954	-87	771593	3342	-84	771606	5782	-85	771620	5061	-84	771634	
736	6690	-1519	6940	-86	771661	3399	-84	771674	5754	-85	771688	5122	-83	771701	
650	6621	-1711	6916	-85	771728	3403	-83	771741	5759	-86	771755	5136	-83	771768	
458	6605	-1781	6888	-86	771796	3413	-82	771810	5792	-85	771823	5145	-83	771837	
643	6571	-1872	6921	-87	771863	3422	-82	771876	5768	-85	771890	5164	-82	771904	
432	6732	-1506	6944	-86	771931	3399	-82	771944	5768	-85	771958	5183	-82	771971	
-1289	5636	-2564	6944	-86	771931	3446	-82	772014	5764	-85	772027	5183	-82	772041	
569	6485	-2055	6888	-86	772073	3432	-82	772086	5764	-85	772100	5173	-82	772113	
-1086	5957	-2286	6888	-86	772073	3436	-83	772155	5778	-86	772168	5140	-83	772184	
-733	6140	-2212	6888	-86	772073	3394	-82	772230	5806	-85	772244	5117	-83	772257	
Err	Err	Err	6832	-89	772290	3413	-83	772303	5797	-86	772317	5117	-83	772257	
50	6771	-979	6752	-91	772351	3403	-83	772365	5787	-86	772378	5004	-84	772393	
199	6871	-470	6776	-91	772420	3427	-83	772434	5773	-85	772447	4968	-86	772461	
549	6903	29	6865	-89	772490	3375	-83	772503	5745	-86	772517	4930	-85	772530	
146	6877	-412	6818	-89	772560	3352	-84	772573	5806	-86	772586	4968	-86	772600	
299	6939	-298	6874	-88	772628	3422	-83	772643	5825	-86	772656	5005	-86	772670	
273	6936	-176	6865	-89	772697	3399	-82	772711	5820	-86	772724	4982	-86	772738	
586	6881	-572	6888	-87	772766	3380	-84	772779	5754	-86	772793	5000	-87	772806	
631	6874	-598	6893	-87	772833	3375	-84	772846	5745	-85	772860	5000	-87	772873	
388	6848	-731	6883	-87	772902	3306	-84	772916	5787	-85	772929	5004	-86	772943	
198	6803	-870	6865	-88	772970	3263	-84	772983	5815	-85	772997	5009	-85	773010	
477	6882	-285	6898	-88	773035	3268	-83	773049	5768	-85	773062	4949	-86	773076	
563	6908	-248	6930	-87	773102	3282	-82	773116	5773	-85	773129	4963	-86	773143	
460	6909	-346	6926	-86	773168	3301	-82	773182	5801	-86	773195	4986	-86	773209	
570	6920	-232	6963	-86	773238	3282	-83	773252	5797	-86	773265	4982	-86	773279	
Err	Err	Err	6944	-86	773305	3282	-83	773252	5773	-86	773333	4958	-86	773347	
527	6919	-311	6949	-86	773374	3300	-82	773388	5801	-85	773401	4991	-86	773415	
Err	Err	Err	6921	-86	773441	3385	-83	773455	5797	-85	773469	4991	-86	773415	
590	6928	-312	6935	-87	773506	3366	-84	773520	5787	-85	773533	5000	-87	773547	
504	6745	-1277	6888	-87	773573	3375	-83	773587	5773	-85	773600	5075	-85	773614	
841	6929	-277	6926	-88	773640	3464	-83	773654	5736	-85	773667	5005	-85	773681	
632	6927	-209	6912	-88	773706	3394	-84	773720	5764	-85	773733	4982	-86	773747	
424	6904	-294	6860	-88	773774	3375	-84	773787	5773	-85	773801	4968	-86	773814	
541	6916	-234	6883	-87	773842	3389	-85	773856	5764	-85	773869	4972	-87	773883	
626	6823	-943	6930	-87	773909	3328	-85	773922	5764	-85	773936	5042	-86	773949	
495	6680	-1361	6855	-88	773976	3310	-84	773989	5736	-86	774003	5042	-86	774016	
370	6780	-1212	6977	-86	774043	3282	-84	774057	5754	-86	774071	5126	-86	774084	
477	6777	-1191	6949	-86	774111	3306	-84	774125	5731	-86	774138	5094	-86	774152	
261	6771	-1229	6944	-86	774180	3292	-84	774194	5778	-86	774207	5122	-85	774221	
415	6725	-1567	6893	-89	774247	3497	-81	774261	5825	-85	774274	5155	-85	774288	
236	6379	-2233	6799	-89	774316	3460	-82	774330	5792	-85	774343	5173	-84	774357	
-97	6439	-2088	6776	-91	774384	3460	-83	774397	5862	-85	774411	5169	-84	774424	
119	6945	157	6799	-91	774451	3507	-82	774465	5825	-85	774478	4963	-84	774492	
Err	Err	Err	6846	-91	774519	3535	-82	774533	5792	-85	774546	4963	-84	774492	
-122	6795	1205	6832	-90	774581	3455	-83	774595	5904	-84	774608	4888	-83	774621	
-2694	5460	-707	6832	-90	774581	3319	-84	774664	5937	-83	774678	4949	-83	774691	
Err	Err	Err	6940	-88	774722	3530	-82	774735	5829	-85	774749	4949	-83	774691	
Percentuale di fallimenti nel positioning: 7.8%
