Anchor0, 0x6e44, X: 0, Y: 0, Z: 0 
Anchor1, 0x6e7a, X: 0, Y: 5602, Z: 0 
Anchor2, 0x6e6c, X: 4099, Y: 4678, Z: 0 
Anchor3, 0x6939, X: 1936, Y: 3188, Z: 880 


#### UWB SETTINGS ####
Ranging protocol: PRECISION
Channel: 5
Bitrate: 110 kb/s
PRF: 64 MHz
Preamble length: 128 symbols
Gain: 11.5
######################


Misure in [mm] e [ms]

X	Y		Z	Dt	A0		A1		A2		A3	
445	2934	266	1538989815710	2940	2692	4064	1610	
426	2977	266	41	2940	2668	4054	1634	
440	2987	398	45	2940	2682	4054	1582	
392	2907	399	44	2907	2696	4143	1610	
459	2933	251	47	2944	2696	4050	1605	
453	2939	255	50	2944	2687	4054	1605	
445	2919	258	55	2916	2682	4073	1610	
449	2923	232	53	2907	2664	4068	1610	
417	2940	315	50	2935	2659	4096	1610	
442	2900	195	53	2902	2706	4078	1648	
444	2921	187	53	2916	2678	4068	1643	
435	2898	257	96	2893	2701	4092	1624	
426	2926	330	53	2921	2673	4096	1596	
430	2937	194	51	2935	2664	4073	1652	
445	2932	200	53	2944	2696	4059	1643	
443	2893	267	54	2893	2711	4087	1615	
473	2912	220	52	2926	2706	4045	1610	
465	2912	247	52	2926	2706	4054	1605	
430	2933	276	52	2930	2668	4082	1615	
451	2915	258	53	2921	2696	4068	1610	
436	2921	290	52	2935	2711	4078	1615	
440	2933	289	53	2940	2678	4073	1605	
449	2921	209	52	2902	2664	4068	1620	
413	2926	264	51	2930	2696	4096	1643	
437	2929	274	52	2926	2673	4078	1610	
448	2931	241	51	2930	2673	4064	1615	
479	2906	174	51	2888	2678	4045	1610	
452	2911	174	50	2888	2668	4068	1634	
467	2907	197	52	2916	2720	4050	1624	
469	2919	196	50	2926	2692	4045	1620	
472	2905	258	51	2912	2706	4054	1591	
461	2922	252	52	2935	2696	4054	1605	
429	2919	289	51	2930	2696	4087	1620	
460	2912	226	52	2916	2696	4059	1615	
430	2933	226	52	2930	2668	4078	1638	
416	2919	237	54	2921	2687	4096	1652	
466	2917	225	52	2907	2678	4054	1601	
445	2931	301	51	2930	2673	4073	1591	
463	2905	272	51	2907	2701	4064	1591	
396	2924	358	52	2926	2682	4125	1620	
436	2912	391	51	2930	2711	4096	1577	
470	2921	170	51	2907	2668	4045	1620	
421	2905	349	52	2907	2701	4110	1601	
463	2917	243	51	2907	2678	4059	1596	
448	2909	225	51	2879	2664	4078	1610	
445	2919	243	54	2912	2678	4073	1615	
487	2893	177	52	2898	2715	4040	1615	
438	2893	277	52	2893	2711	4092	1615	
479	2918	177	51	2944	2720	4031	1629	
427	2942	332	53	2944	2664	4087	1596	
457	2924	248	54	2926	2682	4059	1605	
478	2900	179	55	2902	2706	4045	1620	
434	2917	289	53	2926	2711	4082	1615	
421	2921	272	51	2930	2692	4092	1634	
474	2933	227	55	2926	2664	4040	1591	
460	2948	277	53	2944	2654	4050	1582	
458	2915	231	53	2921	2696	4059	1615	
423	2915	269	54	2912	2687	4096	1629	
454	2905	274	53	2902	2696	4073	1596	
448	2903	275	53	2888	2687	4082	1596	
461	2900	226	54	2883	2687	4068	1605	
470	2912	204	52	2907	2687	4050	1610	
432	2921	226	52	2912	2673	4082	1634	
394	2959	307	54	2944	2631	4110	1629	
459	2906	161	53	2902	2692	4059	1643	
448	2910	257	54	2916	2701	4073	1615	
437	2926	239	55	2912	2664	4078	1620	
430	2912	327	53	2916	2696	4096	1601	
443	2913	184	94	2902	2678	4073	1643	
457	2910	247	53	2916	2701	4064	1610	
424	2933	346	53	2930	2668	4096	1591	
434	2910	354	52	2916	2701	4096	1587	
423	2933	299	54	2926	2664	4092	1610	
469	2910	244	52	2921	2720	4050	1601	
466	2907	272	52	2916	2706	4059	1591	
440	2917	288	56	2912	2682	4082	1601	
431	2900	214	54	2888	2692	4092	1643	
476	2903	272	55	2921	2720	4050	1587	
431	2907	262	54	2902	2692	4092	1624	
448	2910	257	53	2916	2701	4073	1615	
442	2905	310	54	2907	2701	4087	1596	
452	2898	285	53	2898	2706	4078	1596	
467	2910	221	55	2912	2696	4054	1610	
446	2900	192	51	2907	2711	4073	1648	
448	2924	229	55	2912	2668	4068	1615	
458	2913	310	54	2921	2701	4068	1582	
427	2919	227	52	2916	2682	4087	1643	
488	2914	180	54	2912	2687	4031	1605	
455	2913	308	53	2940	2729	4064	1596	
459	2921	258	51	2902	2664	4064	1587	
444	2905	242	99	2907	2701	4078	1624	
398	2914	333	53	2898	2673	4129	1620	
429	2924	205	53	2926	2696	4078	1652	
456	2916	197	94	2916	2687	4059	1629	
451	2915	309	55	2921	2696	4073	1587	
474	2904	113	54	2898	2692	4045	1652	
495	2900	166	51	2893	2696	4031	1605	
453	2924	203	54	2898	2654	4064	1615	
457	2910	283	52	2912	2696	4068	1591	
469	2917	235	54	2902	2673	4054	1591	
446	2905	245	54	2898	2692	4078	1615	
487	2906	138	54	2916	2706	4031	1634	
441	2917	220	51	2898	2668	4078	1624	
467	2893	228	52	2907	2725	4059	1615	
461	2916	160	51	2907	2678	4054	1638	
438	2893	248	55	2879	2696	4092	1620	
457	2915	253	54	2912	2687	4064	1601	
435	2917	271	99	2879	2650	4092	1596	
467	2886	203	56	2883	2715	4064	1620	
445	2903	301	51	2893	2692	4087	1591	
457	2902	205	52	2888	2687	4068	1620	
447	2910	286	52	2921	2720	4073	1605	
417	2922	324	51	2944	2715	4096	1624	
489	2898	166	53	2898	2706	4036	1615	
457	2922	263	54	2935	2696	4059	1605	
467	2898	297	53	2893	2701	4068	1573	
436	2903	307	54	2907	2706	4092	1605	
435	2910	293	52	2921	2706	4087	1615	
466	2919	218	53	2921	2687	4050	1610	
461	2907	245	53	2902	2692	4064	1601	
444	2898	280	53	2888	2696	4087	1601	
477	2923	142	55	2921	2678	4035	1634	
440	2905	323	95	2898	2692	4092	1587	
440	2916	196	52	2893	2664	4078	1634	
468	2912	214	53	2921	2701	4050	1615	
453	2896	283	54	2879	2692	4082	1587	
467	2909	209	55	2883	2668	4059	1601	
472	2920	215	52	2940	2715	4040	1615	
456	2916	202	54	2893	2664	4064	1615	
453	2915	254	51	2912	2687	4068	1605	
457	2907	240	54	2916	2706	4064	1615	
411	2910	266	54	2898	2682	4110	1638	
452	2888	259	53	2898	2725	4078	1615	
427	2916	236	52	2921	2692	4087	1643	
411	2922	248	52	2935	2706	4096	1657	
411	2905	384	55	2921	2715	4120	1605	
475	2904	187	53	2916	2711	4045	1624	
478	2897	193	54	2883	2692	4050	1605	
471	2909	149	53	2916	2701	4045	1643	
435	2933	255	54	2921	2659	4078	1615	
448	2936	305	49	2921	2720	4054	1601	
460	2915	251	97	2898	2673	4064	1591	
499	2878	162	52	2879	2725	4035	1610	
414	2888	233	53	2893	2720	4110	1662	
451	2912	230	52	2912	2692	4068	1620	
442	2922	262	54	2907	2668	4078	1605	
434	2933	253	53	2926	2664	4078	1620	
472	2914	261	55	2902	2678	4054	1577	
478	2911	160	54	2907	2687	4040	1624	
421	2941	357	48	2907	2715	4087	1620	
471	2904	187	54	2883	2678	4054	1610	
469	2918	167	53	2916	2682	4045	1629	
475	2897	200	53	2902	2711	4050	1615	
435	2922	324	54	2935	2711	4082	1601	
425	2883	299	52	2883	2720	4110	1620	
428	2924	316	53	2935	2706	4087	1610	
465	2919	216	53	2907	2673	4054	1605	
448	2924	251	55	2921	2678	4068	1610	
474	2902	127	52	2902	2701	4045	1648	
433	2912	243	54	2916	2711	4082	1634	
459	2931	203	56	2935	2678	4050	1624	
444	2905	262	51	2898	2692	4082	1610	
467	2902	189	55	2883	2682	4059	1615	
465	2922	257	52	2921	2682	4054	1591	
435	2929	298	52	2926	2673	4082	1601	
451	2898	262	54	2893	2701	4078	1605	
457	2909	219	53	2883	2668	4068	1605	
447	2912	250	53	2930	2720	4068	1624	
441	2910	284	52	2916	2701	4082	1610	
437	2910	303	52	2916	2701	4087	1605	
409	2907	330	54	2916	2706	4115	1624	
430	2978	360	56	2916	2682	4064	1605	
410	2933	283	52	2940	2692	4096	1638	
409	2924	293	101	2926	2682	4106	1634	
457	2911	218	54	2883	2664	4068	1605	
450	2898	210	52	2874	2682	4078	1620	
455	2917	235	52	2912	2682	4064	1610	
436	2923	251	53	2907	2664	4082	1615	
431	2889	313	54	2902	2729	4101	1615	
468	2909	172	54	2907	2692	4050	1629	
458	2895	224	54	2898	2711	4068	1620	
462	2915	166	54	2879	2650	4059	1620	
456	2912	322	96	2912	2692	4073	1573	
444	2933	263	52	2935	2673	4068	1610	
474	2916	191	53	2907	2678	4045	1610	
451	2920	177	54	2902	2664	4064	1634	
460	2910	243	52	2902	2687	4064	1601	
475	2904	171	52	2883	2678	4050	1615	
451	2915	323	51	2930	2706	4073	1587	
495	2900	184	52	2902	2706	4031	1601	
433	2903	315	52	2907	2706	4096	1605	
457	2890	233	54	2888	2711	4073	1615	
426	2919	259	55	2907	2673	4092	1624	
469	2908	304	54	2921	2711	4059	1577	
453	2919	281	52	2898	2664	4073	1582	
450	2926	253	53	2930	2682	4064	1610	
459	2911	193	54	2883	2664	4064	1615	
453	2896	289	54	2883	2696	4082	1587	
464	2918	168	54	2916	2682	4050	1634	
411	2900	292	53	2898	2701	4115	1634	
460	2916	204	54	2902	2673	4059	1615	
444	2919	230	51	2926	2706	4068	1629	
463	2924	231	52	2916	2673	4054	1601	
464	2900	214	55	2907	2711	4059	1620	
448	2905	240	53	2888	2682	4078	1610	
468	2916	227	53	2902	2673	4054	1596	
455	2922	241	54	2907	2668	4064	1601	
444	2922	237	53	2926	2701	4068	1624	
455	2924	272	52	2935	2706	4059	1601	
449	2898	342	54	2902	2711	4087	1577	
491	2883	163	53	2888	2725	4040	1620	
460	2905	254	52	2912	2706	4064	1605	
463	2924	219	56	2912	2668	4054	1605	
465	2924	249	52	2916	2673	4054	1591	
463	2919	257	52	2907	2673	4059	1587	
439	2900	288	99	2888	2692	4092	1601	
474	2911	128	54	2916	2696	4040	1648	
435	2886	262	54	2865	2696	4101	1615	
437	2929	296	52	2935	2682	4078	1605	
443	2915	321	54	2921	2696	4082	1591	
475	2898	185	54	2898	2706	4050	1620	
429	2914	298	53	2902	2678	4096	1605	
430	2912	205	55	2902	2682	4087	1648	
428	2910	335	52	2907	2692	4101	1596	
470	2924	263	54	2921	2678	4050	1582	
461	2916	160	53	2907	2678	4054	1638	
463	2923	174	52	2916	2673	4050	1629	
425	2916	284	52	2940	2720	4087	1634	
453	2903	246	53	2898	2696	4073	1610	
474	2892	178	52	2883	2701	4054	1620	
432	2896	352	54	2893	2706	4106	1587	
456	2912	245	53	2916	2696	4064	1610	
462	2914	249	52	2916	2692	4059	1601	
465	2910	203	53	2912	2696	4054	1620	
467	2898	206	53	2893	2701	4059	1615	
481	2907	158	55	2916	2720	4036	1629	
423	2922	318	52	2926	2687	4096	1610	
466	2909	163	54	2893	2678	4054	1629	
432	2901	315	54	2912	2715	4096	1610	
450	2906	339	51	2944	2743	4073	1596	
423	2907	323	52	2935	2734	4096	1624	
440	2931	305	97	2926	2668	4078	1591	
445	2934	292	99	2944	2682	4068	1601	
465	2912	215	53	2916	2696	4054	1615	
458	2915	238	53	2926	2701	4059	1615	
471	2933	246	55	2921	2659	4045	1582	
449	2905	205	52	2912	2720	4068	1638	
446	2924	264	53	2912	2668	4073	1601	
458	2903	194	54	2898	2696	4064	1629	
458	2897	186	51	2883	2692	4068	1629	
430	2933	297	50	2921	2659	4087	1601	
461	2896	257	55	2898	2711	4068	1601	
429	2919	284	55	2907	2673	4092	1610	
409	2946	380	51	2959	2687	4101	1601	
460	2917	209	54	2926	2696	4054	1624	
443	2893	267	54	2893	2711	4087	1615	
466	2917	197	53	2898	2668	4054	1610	
433	2922	269	52	2940	2711	4078	1629	
444	2915	275	54	2912	2687	4078	1605	
461	2926	243	52	2926	2678	4054	1601	
442	2914	263	53	2916	2692	4078	1615	
447	2931	274	54	2930	2673	4068	1601	
457	2917	260	99	2912	2682	4064	1596	
469	2921	195	52	2898	2659	4050	1605	
453	2919	266	54	2912	2678	4068	1596	
445	2898	259	54	2898	2706	4082	1615	
422	2936	310	52	2935	2668	4092	1610	
462	2914	249	53	2916	2692	4059	1601	
483	2899	120	54	2888	2692	4040	1638	
454	2919	212	53	2902	2668	4064	1615	
449	2915	272	54	2912	2687	4073	1601	
464	2888	242	53	2888	2715	4068	1605	
453	2912	291	53	2907	2687	4073	1587	
452	2923	200	52	2902	2659	4064	1620	
456	2905	262	54	2912	2706	4068	1605	
472	2907	201	52	2902	2692	4050	1610	
464	2939	259	52	2926	2654	4050	1582	
436	2905	253	53	2902	2696	4087	1624	
434	2898	248	54	2893	2701	4092	1629	
457	2883	260	54	2883	2720	4078	1605	
473	2918	169	55	2898	2664	4045	1615	
488	2912	181	52	2893	2673	4035	1596	
461	2919	277	54	2902	2668	4064	1577	
459	2922	274	54	2907	2668	4064	1582	
447	2917	226	54	2898	2668	4073	1615	
471	2903	257	53	2916	2715	4054	1596	
447	2917	263	53	2912	2682	4073	1605	
461	2907	215	52	2912	2701	4059	1620	
439	2917	265	53	2907	2678	4082	1610	
437	2928	252	52	2916	2664	4078	1615	
458	2917	216	55	2912	2682	4059	1615	
450	2926	232	53	2921	2673	4064	1615	
432	2989	289	52	2921	2664	4045	1615	
443	2924	239	54	2912	2668	4073	1615	
458	2909	207	52	2893	2678	4064	1615	
451	2908	263	99	2907	2696	4073	1605	
444	2936	228	52	2935	2668	4064	1624	
446	2925	175	54	2916	2668	4064	1643	
442	2922	276	52	2912	2673	4078	1601	
465	2922	230	53	2907	2668	4054	1596	
477	2915	239	52	2912	2687	4045	1587	
465	2907	201	54	2888	2678	4059	1610	
454	2907	322	52	2902	2692	4078	1573	
490	2913	251	54	2916	2696	4035	1573	
418	2917	354	53	2912	2682	4110	1596	
421	2905	280	52	2888	2682	4106	1620	
442	2919	271	54	2912	2678	4078	1605	
452	2938	265	52	2916	2645	4064	1587	
449	2901	159	53	2883	2682	4073	1648	
464	2906	184	52	2888	2678	4059	1620	
455	2896	335	98	2898	2711	4082	1573	
463	2924	247	54	2921	2678	4054	1596	
455	2923	215	52	2921	2678	4059	1620	
471	2910	235	97	2898	2682	4054	1591	
440	2914	204	53	2898	2673	4078	1634	
461	2880	173	54	2883	2725	4068	1643	
482	2886	208	52	2888	2720	4050	1605	
408	2914	409	53	2921	2696	4125	1591	
453	2908	286	97	2912	2701	4073	1596	
426	2907	305	54	2902	2692	4101	1610	
424	2936	313	53	2926	2659	4092	1601	
418	2919	285	53	2912	2678	4101	1624	
430	2936	297	58	2940	2673	4082	1610	
445	2888	251	53	2879	2706	4087	1615	
409	3003	412	57	2879	2664	4078	1605	
432	2895	248	53	2860	2673	4101	1615	
459	2907	224	55	2898	2687	4064	1610	
456	2917	257	54	2898	2668	4068	1591	
463	2910	276	53	2926	2711	4059	1596	
444	2903	280	54	2912	2725	4078	1610	
454	2925	303	52	2940	2696	4064	1591	
438	2907	277	54	2902	2692	4087	1610	
461	2921	194	54	2912	2673	4054	1620	
437	2915	343	53	2912	2687	4092	1582	
449	2909	203	53	2888	2673	4073	1624	
460	2925	171	53	2902	2654	4054	1624	
435	2921	204	94	2926	2701	4073	1648	
481	2918	158	54	2912	2678	4035	1620	
453	2893	237	53	2879	2696	4078	1610	
420	2928	253	53	2921	2668	4092	1634	
430	2934	364	58	2921	2725	4082	1610	
449	2921	189	53	2912	2673	4064	1634	
442	2930	212	52	2921	2664	4068	1629	
448	2921	222	52	2912	2673	4068	1620	
436	2917	256	51	2921	2706	4078	1624	
449	2917	249	51	2902	2673	4073	1605	
433	2948	175	54	2902	2607	4073	1634	
439	2919	238	52	2912	2678	4078	1624	
462	2897	173	51	2879	2687	4064	1629	
455	2924	289	53	2930	2687	4064	1591	
457	2926	232	52	2916	2668	4059	1605	
464	2915	254	53	2907	2682	4059	1591	
463	2937	222	54	2916	2645	4050	1596	
432	2903	260	53	2898	2696	4092	1624	
471	2922	265	56	2921	2682	4050	1582	
443	2924	318	52	2930	2687	4078	1591	
469	2919	215	54	2907	2673	4050	1601	
458	2883	216	51	2883	2720	4073	1624	
462	2926	202	54	2907	2659	4054	1610	
444	2926	236	52	2930	2682	4068	1624	
443	2941	289	52	2949	2687	4064	1601	
437	2926	282	54	2930	2682	4078	1610	
444	2939	206	54	2940	2682	4059	1634	
424	2924	273	52	2930	2701	4087	1629	
452	2914	224	55	2902	2678	4068	1615	
457	2931	245	53	2916	2659	4059	1596	
469	2896	253	56	2883	2696	4064	1587	
433	2935	244	53	2921	2654	4078	1620	
440	2928	276	52	2916	2664	4078	1601	
445	2915	275	53	2907	2682	4078	1601	
478	2902	166	52	2893	2692	4045	1620	
460	2907	281	54	2921	2711	4064	1596	
437	2914	256	55	2912	2687	4082	1620	
462	2932	172	54	2907	2645	4050	1620	
424	2931	340	54	2930	2673	4096	1596	
421	2898	261	53	2907	2715	4101	1643	
473	2908	140	101	2902	2687	4045	1638	
443	2933	270	55	2940	2678	4068	1610	
443	2917	277	53	2898	2668	4082	1596	
488	2909	162	51	2888	2673	4035	1605	
460	2914	191	54	2898	2673	4059	1620	
435	2926	249	55	2907	2659	4082	1615	
446	2919	266	55	2916	2682	4073	1605	
426	2926	298	55	2921	2673	4092	1610	
450	2922	211	51	2935	2706	4059	1634	
441	2929	300	52	2921	2668	4078	1591	
451	2909	209	53	2907	2692	4068	1629	
463	2931	218	53	2921	2664	4050	1605	
472	2899	173	54	2883	2687	4054	1620	
430	2917	315	55	2921	2692	4092	1605	
440	2908	404	53	2926	2715	4096	1568	
443	2933	247	52	2930	2668	4068	1615	
424	2912	308	54	2907	2687	4101	1610	
449	2929	246	53	2926	2673	4064	1610	
455	2910	258	51	2921	2720	4064	1610	
442	2911	247	52	2926	2720	4073	1629	
453	2900	283	53	2916	2720	4073	1605	
464	2914	174	54	2898	2673	4054	1624	
480	2921	168	53	2912	2673	4036	1615	
481	2925	146	54	2898	2650	4035	1615	
449	2936	191	52	2940	2687	4054	1638	
455	2902	234	52	2883	2682	4073	1605	
443	2896	302	54	2883	2696	4092	1591	
427	2914	240	54	2879	2654	4096	1620	
470	2897	119	55	2898	2706	4050	1657	
428	2931	275	52	2921	2664	4087	1615	
439	2927	283	51	2935	2701	4073	1610	
445	2934	292	55	2944	2682	4068	1601	
427	2928	298	55	2916	2664	4092	1605	
456	2904	185	52	2879	2673	4068	1624	
473	2905	210	54	2907	2701	4050	1610	
451	2899	179	53	2883	2687	4073	1638	
458	2907	200	54	2893	2682	4064	1620	
422	2915	313	51	2912	2687	4101	1610	
476	2890	146	54	2888	2711	4050	1638	
454	2926	231	53	2902	2654	4064	1601	
446	2884	246	52	2879	2715	4087	1620	
467	2898	212	52	2898	2706	4059	1615	
448	2912	294	54	2907	2687	4078	1591	
469	2905	261	54	2902	2696	4059	1587	
482	2922	238	53	2935	2696	4035	1591	
439	2910	219	53	2912	2696	4078	1638	
469	2914	168	52	2921	2696	4045	1634	
452	2909	187	53	2916	2701	4064	1643	
440	2883	246	54	2883	2720	4092	1629	
438	2914	223	52	2893	2668	4082	1624	
461	2907	208	53	2907	2696	4059	1620	
490	2898	210	54	2888	2696	4040	1587	
453	2936	239	53	2926	2659	4059	1605	
452	2916	130	54	2916	2687	4059	1666	
488	2906	174	52	2869	2659	4040	1591	
488	2909	171	53	2916	2701	4031	1615	
453	2907	177	54	2907	2696	4064	1643	
460	2921	163	53	2926	2687	4050	1643	
489	2916	168	54	2898	2668	4031	1601	
454	2910	243	53	2907	2692	4068	1610	
415	2926	352	55	2916	2668	4110	1596	
438	2908	299	51	2912	2701	4087	1605	
483	2909	170	54	2916	2701	4035	1620	
460	2895	199	52	2898	2711	4064	1629	
451	2905	325	51	2902	2696	4082	1577	
480	2910	232	53	2921	2720	4040	1596	
439	2912	368	98	2921	2701	4092	1577	
427	2954	302	52	2954	2650	4078	1605	
450	2917	334	51	2916	2687	4078	1573	
450	2929	252	53	2907	2654	4068	1596	
459	2901	297	54	2898	2701	4073	1582	
451	2905	228	54	2893	2687	4073	1615	
439	2916	208	55	2902	2673	4078	1634	
436	2939	314	54	2926	2654	4082	1587	
437	2919	255	52	2907	2673	4082	1615	
422	2907	316	56	2902	2692	4106	1610	
452	2924	284	52	2921	2678	4068	1591	
462	2903	236	54	2898	2696	4064	1605	
442	2933	269	54	2921	2659	4073	1601	
456	2906	332	54	2902	2696	4078	1568	
473	2877	279	53	2879	2729	4068	1582	
443	2896	317	52	2893	2706	4092	1591	
475	2914	74	53	2893	2664	4040	1662	
453	2917	218	55	2912	2682	4064	1620	
460	2900	217	54	2902	2706	4064	1620	
442	2928	279	52	2930	2678	4073	1605	
401	2988	456	51	2930	2682	4101	1601	
444	2902	192	53	2907	2720	4073	1648	
468	2905	242	99	2893	2687	4059	1591	
453	2888	230	54	2883	2711	4078	1620	
441	2922	294	96	2907	2668	4082	1591	
479	2912	216	55	2898	2678	4045	1591	
459	2924	229	54	2907	2664	4059	1601	
456	2900	232	52	2907	2711	4068	1620	
469	2881	201	54	2879	2720	4064	1620	
478	2905	208	50	2907	2701	4045	1605	
455	2921	295	50	2916	2678	4068	1582	
441	2919	351	55	2921	2687	4087	1577	
431	2912	246	54	2888	2668	4092	1620	
452	2931	262	53	2921	2664	4064	1596	
428	2930	208	54	2916	2659	4082	1643	
469	2923	180	53	2916	2673	4045	1620	
Percentuale di fallimenti nel positioning: 4.4%
