Anchor0, 0x6e44, X: 0, Y: 0, Z: 0 
Anchor1, 0x6e7a, X: 0, Y: 5602, Z: 0 
Anchor2, 0x6e6c, X: 4099, Y: 4678, Z: 0 
Anchor3, 0x6939, X: 1936, Y: 3188, Z: 880 


#### UWB SETTINGS ####
Ranging protocol: PRECISION
Channel: 5
Bitrate: 6810 kb/s
PRF: 64 MHz
Preamble length: 64 symbols
Gain: 11.5
######################


Misure in [mm] e [ms]

X	Y		Z	Dt	A0		A1		A2		A3	
438	2937	66	1538991399005	2940	2668	4059	1709	
424	2916	187	23	2916	2687	4087	1666	
452	2925	117	20	2926	2678	4054	1671	
408	2942	166	20	2940	2673	4087	1685	
437	2928	63	36	2926	2687	4064	1709	
418	2941	178	20	2949	2682	4078	1676	
426	2923	186	18	2921	2678	4082	1662	
424	2934	155	18	2930	2664	4078	1676	
443	2927	128	18	2935	2696	4059	1676	
446	2916	154	25	2921	2692	4064	1662	
446	2934	194	23	2916	2650	4064	1629	
430	2913	181	19	2930	2715	4078	1671	
396	2945	199	22	2940	2654	4101	1681	
439	2928	151	22	2930	2692	4064	1666	
448	2939	144	22	2935	2659	4054	1657	
468	2941	122	24	2926	2645	4036	1643	
445	2935	167	22	2935	2668	4059	1652	
453	2933	54	24	2921	2654	4050	1695	
429	2923	161	24	2921	2678	4078	1671	
441	2930	57	20	2930	2687	4059	1709	
436	2937	147	23	2940	2668	4064	1671	
425	2931	212	21	2926	2668	4082	1648	
409	2940	249	22	2940	2678	4092	1648	
438	2922	152	24	2921	2696	4068	1666	
448	2939	139	21	2944	2682	4050	1662	
455	2912	182	23	2921	2701	4059	1643	
442	2918	142	23	2912	2678	4068	1666	
448	2944	146	23	2926	2640	4054	1648	
441	2945	167	23	2940	2654	4059	1652	
413	2947	213	23	2940	2650	4087	1657	
420	2934	86	24	2930	2664	4078	1713	
430	2918	190	22	2926	2706	4078	1662	
442	2921	151	19	2926	2701	4064	1666	
422	2912	196	21	2926	2715	4087	1671	
407	2938	270	24	2930	2659	4101	1638	
437	2951	215	23	2959	2673	4059	1638	
429	2924	126	23	2930	2696	4073	1690	
462	2930	147	23	2898	2640	4050	1629	
471	2921	157	24	2930	2692	4040	1638	
430	2930	168	23	2930	2687	4073	1666	
457	2929	123	20	2940	2696	4045	1666	
449	2942	171	20	2949	2682	4050	1648	
429	2937	96	23	2935	2678	4068	1699	
461	2932	123	22	2921	2659	4045	1652	
438	2917	67	22	2916	2682	4068	1709	
418	2928	188	24	2930	2678	4087	1671	
454	2937	143	25	2926	2654	4050	1648	
446	2940	174	22	2944	2682	4054	1648	
460	2918	149	24	2907	2673	4054	1643	
425	2933	121	25	2916	2650	4078	1685	
430	2945	168	24	2959	2682	4064	1671	
444	2930	163	26	2916	2659	4064	1648	
463	2928	67	21	2907	2650	4045	1676	
448	2922	113	25	2921	2678	4059	1676	
423	2941	139	22	2921	2640	4078	1676	
425	2928	48	21	2935	2692	4073	1732	
431	2924	179	20	2935	2701	4073	1666	
442	2923	169	23	2916	2673	4068	1652	
453	2927	138	24	2883	2640	4035	1657	
432	2940	170	22	2940	2664	4068	1662	
474	2917	52	22	2921	2687	4035	1685	
450	2925	163	24	2921	2673	4059	1648	
434	2923	135	22	2916	2673	4073	1676	
438	2915	217	24	2926	2711	4073	1643	
432	2935	124	25	2935	2668	4068	1685	
428	2940	251	23	2940	2664	4078	1629	
452	2935	129	25	2940	2673	4050	1666	
426	2939	125	23	2930	2654	4073	1685	
443	2946	71	22	2949	2673	4050	1699	
433	2931	160	22	2940	2692	4068	1671	
423	2951	122	21	2949	2664	4068	1690	
448	2914	144	25	2912	2687	4064	1662	
436	2947	197	23	2944	2654	4064	1643	
408	2949	167	25	2940	2645	4087	1681	
415	2948	128	25	2944	2650	4078	1695	
431	2944	181	25	2944	2659	4068	1657	
427	2936	118	24	2930	2659	4073	1690	
446	2939	110	23	2935	2659	4054	1676	
450	2949	103	23	2949	2654	4045	1676	
458	2929	75	23	2930	2673	4045	1685	
432	2951	226	25	2959	2673	4064	1638	
411	2939	186	25	2940	2678	4087	1676	
441	2954	99	22	2954	2664	4050	1685	
436	2937	131	21	2935	2664	4064	1676	
417	2934	179	24	2940	2687	4082	1676	
427	2939	133	24	2930	2654	4073	1681	
451	2945	34	21	2940	2650	4045	1709	
437	2951	90	21	2954	2668	4054	1695	
442	2930	137	23	2921	2664	4064	1666	
409	2944	176	22	2944	2659	4087	1681	
436	2923	111	24	2926	2682	4068	1690	
450	2939	150	21	2926	2650	4054	1648	
453	2944	95	22	2940	2654	4045	1676	
458	2918	82	20	2921	2687	4050	1685	
467	2933	17	17	2926	2659	4036	1704	
439	2925	133	18	2916	2668	4068	1671	
441	2939	144	18	2940	2664	4059	1666	
467	2927	118	21	2930	2678	4040	1657	
426	2935	125	23	2935	2668	4073	1690	
430	2932	126	21	2921	2659	4073	1681	
459	2912	78	21	2902	2678	4054	1681	
395	2925	129	24	2921	2673	4106	1718	
443	2915	111	22	2921	2706	4064	1685	
435	2936	237	22	2935	2668	4073	1629	
441	2920	131	24	2912	2673	4068	1671	
443	2927	118	24	2912	2659	4064	1671	
445	2923	207	23	2930	2701	4064	1638	
402	2928	106	22	2921	2682	4096	1718	
471	2930	84	23	2940	2696	4031	1671	
439	2936	124	22	2944	2687	4059	1681	
434	2934	96	21	2940	2687	4064	1699	
457	2931	26	20	2926	2664	4045	1709	
430	2944	95	24	2944	2673	4064	1699	
458	2918	82	21	2921	2687	4050	1685	
413	2933	177	20	2930	2682	4087	1676	
431	2939	177	21	2944	2682	4068	1662	
452	2929	124	23	2940	2696	4050	1671	
430	2928	212	22	2930	2678	4078	1648	
437	2930	130	23	2930	2687	4064	1676	
438	2930	116	21	2912	2654	4068	1676	
419	2902	149	21	2912	2720	4092	1695	
440	2930	111	21	2944	2696	4059	1690	
463	2920	133	21	2930	2706	4045	1657	
455	2915	59	24	2916	2687	4054	1699	
412	2928	174	26	2926	2673	4092	1681	
445	2924	44	22	2921	2673	4059	1713	
451	2904	138	26	2888	2682	4068	1657	
441	2927	104	22	2921	2668	4064	1685	
425	2923	123	20	2926	2696	4078	1695	
455	2908	60	23	2898	2682	4059	1695	
394	2934	187	21	2930	2664	4106	1690	
475	2918	93	25	2926	2692	4035	1666	
405	2934	139	21	2935	2682	4092	1704	
449	2911	108	21	2902	2682	4064	1676	
403	2970	197	26	2902	2664	4073	1685	
465	2922	59	22	2930	2701	4040	1690	
457	2915	82	24	2907	2678	4054	1681	
468	2911	29	23	2902	2678	4045	1699	
446	2924	138	22	2926	2696	4059	1666	
431	2909	232	23	2907	2692	4087	1638	
427	2916	136	23	2912	2682	4082	1685	
454	2936	112	24	2921	2650	4050	1662	
453	2947	148	22	2949	2659	4045	1652	
451	2924	51	23	2921	2673	4054	1704	
425	2917	189	24	2912	2682	4087	1662	
440	2932	133	23	2926	2664	4064	1671	
424	2926	202	27	2926	2692	4082	1657	
468	2935	125	21	2940	2673	4035	1652	
461	2924	37	19	2916	2668	4045	1699	
452	2920	85	23	2926	2687	4054	1690	
441	2922	123	22	2907	2664	4068	1671	
458	2927	89	22	2935	2696	4045	1681	
416	2930	168	25	2930	2673	4087	1681	
454	2932	118	22	2930	2668	4050	1666	
438	2952	110	22	2949	2664	4054	1681	
447	2939	122	22	2930	2654	4054	1666	
439	2930	99	22	2926	2668	4064	1690	
454	2925	57	23	2926	2678	4050	1699	
437	2930	173	21	2930	2673	4068	1657	
437	2928	137	21	2921	2668	4068	1671	
438	2945	84	23	2930	2640	4059	1690	
430	2923	149	23	2912	2668	4078	1671	
436	2935	167	21	2940	2687	4064	1662	
468	2926	34	25	2930	2678	4036	1699	
430	2927	177	21	2916	2664	4078	1657	
458	2922	90	20	2916	2673	4050	1676	
438	2932	160	21	2921	2659	4068	1657	
421	2924	212	21	2926	2682	4087	1657	
418	2940	185	19	2954	2687	4078	1676	
443	2952	221	22	2959	2673	4054	1629	
423	2955	80	22	2959	2664	4064	1713	
410	2935	209	23	2935	2668	4092	1666	
425	2949	150	23	2949	2668	4068	1676	
449	2925	124	23	2916	2668	4059	1666	
441	2929	104	22	2916	2659	4064	1681	
464	2940	91	22	2944	2682	4035	1671	
447	2937	121	23	2935	2664	4054	1671	
435	2923	160	22	2921	2678	4073	1666	
441	2928	135	26	2926	2673	4064	1671	
437	2921	116	24	2921	2696	4068	1685	
453	2941	71	24	2940	2659	4045	1690	
456	2942	125	21	2935	2654	4045	1657	
444	2928	171	25	2921	2668	4064	1648	
453	2935	173	23	2940	2687	4050	1643	
465	2934	29	24	2940	2673	4035	1704	
437	2933	56	24	2921	2654	4064	1709	
451	2926	187	22	2926	2678	4059	1638	
418	2931	135	23	2926	2682	4082	1690	
443	2909	184	26	2926	2720	4068	1657	
406	2944	138	23	2940	2668	4087	1699	
412	2932	167	22	2935	2687	4087	1685	
430	2916	219	25	2902	2673	4087	1638	
469	2922	110	24	2921	2678	4040	1657	
436	2920	104	22	2926	2701	4068	1695	
406	2945	177	24	2973	2687	4078	1690	
429	2927	160	23	2916	2664	4078	1666	
390	2972	191	25	2973	2645	4092	1690	
421	2930	167	25	2930	2673	4082	1676	
414	2941	267	23	2954	2687	4087	1643	
407	2943	230	24	2940	2673	4092	1657	
466	2936	143	22	2949	2692	4035	1648	
456	2928	153	23	2935	2682	4050	1652	
458	2937	101	24	2926	2654	4045	1666	
472	2928	130	24	2935	2682	4035	1648	
436	2934	70	22	2926	2659	4064	1704	
422	2933	148	25	2930	2682	4078	1681	
471	2911	66	23	2921	2701	4040	1685	
414	2935	151	25	2926	2659	4087	1685	
464	2926	187	25	2935	2687	4045	1629	
441	2925	128	24	2926	2678	4064	1676	
450	2925	103	27	2930	2682	4054	1681	
451	2942	163	23	2944	2664	4050	1648	
416	2937	133	24	2935	2664	4082	1695	
436	2900	221	24	2935	2739	4073	1652	
448	2926	167	27	2930	2682	4059	1652	
444	2929	67	26	2921	2664	4059	1699	
439	2937	176	23	2935	2664	4064	1652	
428	2911	107	23	2921	2711	4078	1704	
443	2913	111	23	2907	2682	4068	1681	
439	2940	126	22	2940	2678	4059	1676	
441	2923	139	22	2926	2696	4064	1671	
435	2930	129	23	2930	2673	4068	1681	
414	2940	209	25	2940	2664	4087	1662	
456	2936	86	25	2959	2696	4040	1690	
466	2929	81	24	2921	2664	4040	1671	
452	2945	181	24	2940	2654	4050	1634	
420	2939	155	24	2940	2664	4078	1681	
467	2936	92	25	2935	2664	4035	1666	
431	2921	195	25	2926	2687	4078	1657	
458	2936	92	24	2926	2654	4045	1671	
437	2932	125	23	2935	2673	4064	1681	
440	2928	158	25	2930	2692	4064	1662	
445	2933	87	24	2912	2645	4059	1681	
488	2927	24	25	2940	2687	4017	1690	
453	2926	61	27	2930	2678	4050	1699	
444	2944	127	23	2944	2659	4054	1671	
422	2935	145	24	2935	2668	4078	1685	
434	2951	130	23	2949	2664	4059	1676	
433	2918	92	24	2921	2687	4073	1704	
475	2934	102	25	2921	2654	4031	1648	
414	2937	239	27	2944	2687	4087	1652	
451	2931	187	23	2935	2692	4054	1638	
433	2929	76	25	2930	2673	4068	1709	
450	2926	33	24	2921	2668	4054	1713	
439	2925	155	22	2921	2673	4068	1662	
436	2942	88	22	2940	2673	4059	1695	
432	2946	122	23	2940	2650	4064	1681	
433	2943	144	23	2940	2673	4064	1671	
444	2907	158	25	2898	2687	4073	1657	
451	2932	138	25	2926	2664	4054	1657	
436	2936	90	28	2930	2659	4064	1695	
467	2924	58	23	2921	2673	4040	1685	
421	2942	90	27	2916	2631	4078	1699	
438	2932	88	24	2926	2664	4064	1695	
464	2953	139	23	2954	2668	4031	1643	
461	2923	149	27	2916	2673	4050	1643	
445	2910	225	23	2912	2696	4073	1629	
463	2922	55	22	2916	2673	4045	1690	
440	2929	102	19	2921	2664	4064	1685	
451	2932	64	19	2935	2673	4050	1699	
447	2936	91	22	2926	2654	4054	1681	
454	2937	57	21	2940	2668	4045	1699	
415	2928	138	19	2926	2673	4087	1695	
402	2937	76	20	2930	2673	4092	1732	
421	2942	163	25	2954	2682	4073	1681	
472	2925	125	23	2935	2687	4035	1652	
452	2927	137	24	2930	2678	4054	1662	
453	2913	84	23	2930	2715	4054	1695	
431	2942	167	25	2944	2664	4068	1666	
400	2958	242	23	2963	2664	4092	1662	
458	2919	75	23	2916	2678	4050	1685	
425	2957	145	26	2963	2664	4064	1681	
441	2944	91	26	2944	2673	4054	1690	
428	2926	141	22	2935	2696	4073	1685	
475	2927	57	20	2930	2678	4031	1681	
429	2923	220	23	2921	2678	4082	1643	
447	2928	171	24	2907	2654	4064	1638	
439	2934	116	27	2921	2654	4064	1676	
450	2939	117	23	2940	2664	4050	1671	
419	2923	176	22	2926	2682	4087	1676	
441	2918	144	26	2921	2687	4068	1671	
474	2906	149	23	2902	2692	4045	1634	
438	2922	171	24	2930	2701	4068	1662	
426	2928	88	23	2907	2650	4078	1699	
459	2912	58	24	2898	2673	4054	1690	
465	2927	74	24	2930	2678	4040	1681	
440	2923	150	23	2921	2678	4068	1666	
434	2906	153	24	2912	2715	4078	1676	
472	2936	101	23	2935	2664	4031	1657	
453	2932	86	22	2926	2664	4050	1681	
471	2932	113	25	2921	2659	4036	1648	
441	2937	215	22	2921	2650	4068	1624	
424	2924	166	26	2926	2682	4082	1676	
427	2933	208	23	2935	2673	4078	1652	
444	2942	139	24	2944	2678	4054	1666	
417	2937	223	24	2935	2664	4087	1652	
417	2937	196	22	2940	2682	4082	1666	
452	2945	125	23	2944	2673	4045	1662	
465	2913	91	23	2921	2696	4045	1676	
465	2937	100	24	2940	2668	4036	1666	
450	2936	87	25	2935	2664	4050	1685	
430	2941	83	24	2926	2645	4068	1699	
445	2939	130	23	2944	2668	4054	1671	
434	2918	118	25	2921	2687	4073	1690	
459	2928	40	21	2921	2664	4045	1699	
443	2919	202	16	2926	2692	4068	1643	
443	2919	164	20	2930	2706	4064	1662	
423	2947	175	24	2944	2668	4073	1666	
456	2933	225	23	2935	2673	4054	1615	
455	2923	193	24	2930	2701	4054	1634	
443	2934	21	24	2940	2687	4054	1727	
428	2934	123	23	2926	2659	4073	1685	
436	2928	160	25	2930	2692	4068	1666	
431	2928	159	24	2930	2678	4073	1671	
422	2950	136	24	2959	2673	4068	1690	
456	2935	154	22	2926	2659	4050	1643	
405	2940	228	24	2940	2664	4096	1662	
448	2921	194	23	2921	2682	4064	1638	
448	2927	91	20	2935	2696	4054	1690	
450	2923	185	23	2930	2687	4059	1643	
457	2912	186	21	2912	2692	4059	1634	
446	2930	39	23	2930	2687	4054	1713	
432	2941	141	24	2944	2678	4064	1676	
436	2916	109	23	2912	2682	4073	1690	
448	2921	121	25	2926	2687	4059	1676	
438	2939	158	23	2930	2654	4064	1657	
437	2939	133	23	2930	2654	4064	1671	
469	2927	53	24	2935	2682	4035	1690	
466	2928	124	22	2935	2682	4040	1657	
448	2932	95	25	2907	2654	4035	1690	
440	2927	141	23	2930	2678	4064	1671	
452	2929	93	25	2916	2659	4054	1676	
458	2925	119	24	2921	2673	4050	1662	
465	2939	101	23	2944	2668	4035	1666	
446	2935	155	23	2926	2659	4059	1652	
415	2953	157	22	2949	2645	4078	1681	
421	2933	141	23	2930	2682	4078	1685	
462	2932	101	22	2940	2678	4040	1671	
471	2930	122	22	2935	2678	4035	1652	
428	2928	180	24	2926	2673	4078	1662	
402	2932	189	23	2944	2692	4096	1690	
403	2927	237	25	2935	2696	4101	1666	
441	2932	107	24	2935	2687	4059	1685	
415	2923	174	23	2916	2673	4092	1676	
454	2941	167	24	2954	2687	4045	1648	
445	2941	138	21	2944	2664	4054	1666	
426	2962	111	23	2968	2659	4059	1695	
466	2939	113	24	2940	2664	4035	1657	
423	2937	152	24	2949	2687	4073	1685	
433	2928	246	26	2930	2678	4078	1629	
407	2951	230	23	2959	2673	4087	1662	
443	2933	72	24	2921	2654	4059	1695	
465	2937	90	22	2940	2668	4036	1671	
426	2931	248	26	2949	2701	4078	1643	
420	2931	223	22	2944	2696	4082	1657	
432	2939	110	26	2940	2678	4064	1690	
433	2932	126	24	2935	2673	4068	1685	
455	2917	75	23	2916	2682	4054	1690	
453	2933	177	23	2930	2668	4054	1638	
451	2924	60	24	2921	2673	4054	1699	
438	2940	193	26	2944	2668	4064	1648	
435	2933	196	23	2935	2687	4068	1648	
408	2926	138	25	2930	2692	4092	1704	
429	2945	183	23	2944	2673	4068	1657	
468	2918	49	23	2926	2692	4040	1695	
410	2933	222	22	2935	2687	4092	1662	
442	2900	171	21	2916	2729	4073	1666	
420	2936	257	23	2940	2673	4087	1638	
430	2910	164	21	2930	2720	4078	1681	
453	2930	134	24	2935	2692	4050	1662	
445	2937	173	25	2935	2664	4059	1648	
440	2933	136	24	2944	2692	4059	1676	
441	2950	147	25	2949	2668	4054	1662	
459	2932	99	27	2930	2668	4045	1671	
436	2932	108	26	2935	2673	4064	1690	
461	2932	141	23	2930	2668	4045	1648	
439	2939	131	26	2921	2645	4064	1666	
449	2943	62	28	2949	2678	4045	1699	
410	2965	155	24	2954	2626	4078	1681	
398	2938	231	26	2926	2654	4106	1662	
443	2939	112	23	2944	2682	4054	1681	
427	2945	169	25	2954	2678	4068	1671	
467	2925	161	23	2935	2701	4040	1638	
450	2917	80	26	2912	2678	4059	1690	
432	2934	168	23	2940	2687	4068	1666	
445	2936	51	27	2935	2664	4054	1709	
456	2932	146	23	2926	2664	4050	1648	
457	2932	70	25	2935	2673	4045	1690	
436	2935	234	25	2926	2659	4073	1624	
436	2940	176	26	2944	2668	4064	1657	
408	2940	180	24	2949	2682	4087	1685	
431	2920	115	27	2926	2701	4073	1695	
445	2939	159	24	2926	2650	4059	1648	
448	2927	100	24	2935	2696	4054	1685	
422	2938	175	27	2940	2668	4078	1671	
447	2938	170	25	2940	2682	4054	1648	
448	2932	131	24	2912	2650	4059	1657	
449	2938	67	23	2935	2659	4050	1695	
436	2930	142	27	2926	2668	4068	1671	
423	2946	146	23	2944	2654	4073	1681	
464	2926	15	23	2930	2678	4040	1713	
477	2920	53	26	2930	2692	4031	1685	
416	2952	196	26	2949	2664	4078	1662	
443	2948	95	26	2935	2640	4054	1681	
473	2939	67	18	2944	2668	4027	1676	
442	2937	94	22	2926	2654	4059	1685	
444	2933	170	25	2935	2687	4059	1652	
461	2942	137	22	2940	2659	4040	1648	
433	2921	191	25	2916	2678	4078	1652	
445	2926	224	24	2921	2673	4068	1624	
431	2939	177	24	2944	2682	4068	1662	
412	2926	217	23	2963	2715	4087	1681	
473	2901	90	24	2898	2696	4045	1666	
428	2936	245	24	2940	2673	4078	1634	
431	2940	181	25	2940	2678	4068	1657	
438	2939	144	25	2926	2650	4064	1662	
461	2942	137	25	2940	2659	4040	1648	
452	2931	58	25	2930	2668	4050	1699	
458	2936	122	25	2930	2659	4045	1657	
445	2918	129	24	2916	2682	4064	1671	
464	2972	43	26	2916	2664	4036	1690	
463	2930	184	23	2935	2678	4045	1629	
459	2927	132	23	2940	2701	4045	1662	
439	2927	105	27	2930	2678	4064	1690	
438	2913	151	22	2916	2692	4073	1671	
450	2931	19	25	2935	2673	4050	1723	
474	2925	135	22	2930	2682	4035	1643	
455	2940	193	27	2940	2664	4050	1629	
457	2923	132	24	2930	2687	4050	1662	
469	2936	30	21	2940	2668	4031	1699	
442	2920	140	21	2912	2673	4068	1666	
460	2927	93	23	2930	2678	4045	1676	
456	2932	160	26	2930	2668	4050	1643	
465	2939	92	26	2944	2668	4035	1671	
427	2937	205	24	2930	2659	4078	1648	
442	2947	196	26	2944	2654	4059	1638	
472	2932	100	27	2940	2678	4031	1662	
440	2932	154	25	2930	2668	4064	1662	
449	2935	77	25	2935	2682	4050	1690	
419	2941	177	25	2930	2650	4082	1666	
435	2923	78	23	2921	2692	4068	1704	
445	2924	181	23	2926	2682	4064	1648	
463	2947	59	25	2935	2640	4035	1681	
462	2935	116	22	2940	2673	4040	1662	
424	2946	231	22	2959	2682	4073	1648	
452	2932	90	24	2935	2673	4050	1685	
438	2925	107	21	2930	2696	4064	1690	
448	2934	178	25	2944	2692	4054	1648	
440	2942	143	24	2940	2659	4059	1666	
411	2930	216	26	2930	2687	4092	1662	
472	2924	24	22	2921	2673	4035	1699	
480	2909	109	24	2912	2696	4036	1652	
434	2939	87	24	2935	2659	4064	1699	
410	2947	106	22	2940	2664	4082	1709	
438	2932	112	20	2930	2668	4064	1685	
469	2945	86	23	2935	2645	4031	1662	
456	2918	132	22	2921	2687	4054	1662	
456	2950	60	24	2935	2635	4040	1685	
475	2927	91	43	2930	2678	4031	1662	
425	2946	116	25	2949	2673	4068	1695	
431	2921	194	23	2907	2668	4082	1648	
456	2927	154	26	2916	2664	4054	1643	
448	2922	82	22	2916	2673	4059	1690	
428	2930	113	19	2930	2673	4073	1695	
471	2934	113	23	2944	2692	4031	1657	
433	2925	149	22	2921	2673	4073	1671	
457	2913	112	23	2916	2692	4054	1671	
433	2944	182	24	2949	2678	4064	1657	
457	2920	143	23	2916	2678	4054	1652	
444	2918	111	26	2916	2682	4064	1681	
458	2934	115	22	2907	2640	4050	1652	
407	2929	136	22	2930	2687	4092	1704	
441	2941	99	24	2926	2645	4059	1681	
423	2930	160	22	2930	2687	4078	1676	
457	2929	168	22	2954	2706	4045	1652	
450	2939	126	23	2940	2664	4050	1666	
428	2915	177	23	2935	2715	4078	1676	
446	2927	94	24	2921	2668	4059	1685	
445	2924	270	24	2921	2678	4073	1605	
470	2911	133	24	2912	2692	4045	1648	
451	2942	150	23	2940	2659	4050	1652	
461	2947	119	23	2949	2673	4035	1657	
432	2942	155	23	2935	2654	4068	1666	
477	2923	11	23	2916	2668	4031	1699	
428	2939	160	24	2930	2654	4073	1666	
439	2931	92	23	2921	2659	4064	1690	
475	2934	74	23	2940	2673	4027	1671	
432	2942	118	24	2940	2673	4064	1685	
435	2931	157	24	2930	2687	4068	1666	
412	2932	123	23	2930	2668	4087	1704	
449	2932	117	22	2930	2668	4054	1671	
455	2949	134	25	2954	2673	4040	1657	
438	2925	154	24	2926	2678	4068	1666	
452	2944	144	24	2930	2645	4050	1648	
411	2933	252	24	2935	2673	4096	1648	
445	2944	153	24	2944	2659	4054	1657	
445	2930	152	22	2935	2678	4059	1662	
449	2922	86	21	2912	2668	4059	1685	
419	2932	183	24	2935	2687	4082	1671	
Percentuale di fallimenti nel positioning: 0.2%
