Anchor0, 0x6e44, X: 0, Y: 0, Z: 0 
Anchor1, 0x6e7a, X: 0, Y: 5602, Z: 0 
Anchor2, 0x6e6c, X: 4099, Y: 4678, Z: 0 
Anchor3, 0x6939, X: 1936, Y: 3188, Z: 880 


#### UWB SETTINGS ####
Ranging protocol: PRECISION
Channel: 5
Bitrate: 850 kb/s
PRF: 64 MHz
Preamble length: 2048 symbols
Gain: 11.5
######################


Misure in [mm] e [ms]

X	Y		Z	Dt	A0		A1		A2		A3	
485	2935	134	1538991305973	2935	2668	4022	1629	
484	2928	183	62	2935	2682	4027	1610	
427	2947	206	60	2944	2654	4073	1648	
434	2943	277	54	2949	2668	4073	1615	
464	2953	227	57	2959	2673	4036	1605	
474	2930	148	61	2921	2664	4036	1629	
462	2951	132	59	2926	2626	4040	1638	
444	2933	205	58	2930	2668	4064	1634	
444	2940	227	57	2949	2687	4059	1629	
438	2974	204	54	2949	2668	4040	1652	
473	2947	169	58	2935	2645	4031	1615	
452	2945	238	60	2944	2659	4054	1610	
459	2944	125	58	2944	2659	4040	1657	
466	2937	162	56	2930	2659	4040	1629	
471	2944	121	58	2935	2650	4031	1643	
475	2932	151	59	2912	2650	4036	1620	
445	2937	172	58	2907	2635	4064	1634	
432	2932	161	107	2921	2659	4073	1662	
447	2933	255	58	2935	2673	4064	1610	
462	2960	172	57	2944	2626	4036	1620	
458	2942	212	56	2930	2650	4050	1610	
452	2946	146	58	2926	2635	4050	1643	
470	2928	163	106	2926	2673	4040	1629	
472	2941	96	58	2926	2645	4031	1652	
473	2932	176	59	2912	2650	4040	1610	
469	2947	215	59	2944	2654	4036	1601	
472	2933	97	60	2916	2650	4035	1652	
459	2925	160	58	2926	2678	4050	1643	
444	2945	254	57	2935	2650	4064	1605	
434	2940	221	57	2926	2650	4073	1629	
486	2940	167	59	2930	2654	4022	1605	
454	2941	154	59	2930	2650	4050	1643	
448	2942	207	58	2926	2645	4059	1620	
444	2945	280	58	2930	2645	4068	1591	
468	2929	89	56	2935	2678	4036	1671	
476	2928	163	58	2921	2668	4035	1620	
471	2947	165	55	2944	2654	4031	1624	
480	2931	198	58	2935	2678	4031	1605	
458	2919	260	58	2907	2673	4064	1591	
494	2944	147	59	2930	2645	4013	1605	
419	2938	255	115	2940	2668	4087	1638	
459	2928	231	58	2930	2678	4054	1610	
456	2946	180	59	2921	2631	4050	1620	
458	2933	201	59	2935	2673	4050	1624	
460	2944	176	59	2930	2645	4045	1624	
427	2943	253	59	2926	2645	4082	1620	
479	2942	145	61	2926	2645	4027	1620	
474	2946	137	59	2921	2631	4031	1624	
469	2951	132	59	2940	2640	4031	1638	
468	2929	123	60	2893	2635	4045	1634	
480	2936	92	57	2912	2640	4027	1643	
477	2935	141	60	2926	2659	4031	1629	
474	2946	132	57	2944	2654	4027	1638	
448	2931	257	60	2935	2678	4064	1610	
446	2982	229	60	2935	2664	4031	1629	
459	2944	183	58	2935	2650	4045	1624	
473	2924	82	60	2912	2664	4036	1662	
458	2935	178	59	2926	2659	4050	1629	
472	2941	123	58	2935	2654	4031	1643	
464	2930	176	115	2902	2645	4050	1615	
455	2924	226	59	2902	2659	4064	1605	
417	2951	141	60	2935	2635	4078	1681	
454	2946	149	60	2921	2631	4050	1638	
446	2933	245	57	2916	2654	4068	1605	
471	2938	201	59	2940	2668	4036	1610	
470	2953	126	60	2930	2626	4031	1634	
447	2926	184	58	2916	2668	4064	1638	
470	2944	170	60	2935	2650	4035	1620	
458	2945	189	57	2940	2654	4045	1624	
435	2935	139	60	2926	2659	4068	1671	
462	2937	152	57	2921	2650	4045	1634	
487	2916	123	59	2921	2692	4027	1638	
454	2949	190	57	2930	2635	4050	1620	
470	2937	150	116	2935	2664	4035	1634	
451	2924	234	59	2921	2678	4064	1615	
461	2946	152	58	2940	2650	4040	1638	
492	2936	201	59	2949	2682	4017	1596	
479	2940	201	58	2930	2654	4031	1596	
467	2947	186	59	2949	2659	4035	1620	
480	2946	124	58	2940	2650	4022	1634	
470	2944	164	57	2930	2645	4035	1620	
435	2943	281	58	2963	2692	4068	1620	
467	2936	142	57	2921	2650	4040	1634	
457	2928	208	59	2926	2673	4054	1620	
452	2942	181	58	2944	2664	4050	1638	
468	2942	167	57	2944	2664	4035	1629	
439	2929	275	59	2940	2687	4073	1615	
464	2960	93	59	2940	2621	4031	1657	
474	2946	229	58	2954	2668	4031	1596	
470	2934	122	56	2902	2635	4040	1634	
460	2952	215	53	2959	2659	4040	1615	
429	2945	256	56	2935	2650	4078	1620	
461	2925	193	57	2907	2659	4054	1615	
469	2942	203	60	2926	2645	4040	1601	
438	2957	216	59	2959	2650	4059	1634	
457	2942	134	57	2935	2654	4045	1652	
456	2927	163	58	2916	2664	4054	1638	
503	2924	113	58	2898	2650	4013	1610	
475	2932	138	111	2916	2654	4035	1629	
453	2940	244	58	2921	2645	4059	1596	
436	2926	259	60	2926	2678	4078	1620	
477	2946	150	56	2912	2621	4031	1610	
425	2957	291	58	2954	2645	4078	1610	
470	2945	199	58	2944	2659	4035	1610	
455	2924	230	58	2926	2682	4059	1615	
466	2944	153	59	2940	2654	4036	1634	
472	2946	153	59	2935	2645	4031	1624	
466	2936	154	62	2902	2631	4045	1620	
475	2945	226	59	2926	2640	4036	1582	
442	2916	189	60	2907	2678	4073	1643	
458	2952	184	60	2935	2635	4045	1620	
483	2922	105	59	2902	2659	4031	1638	
467	2927	136	58	2902	2650	4045	1634	
462	2937	201	60	2912	2640	4050	1605	
435	2949	173	60	2940	2645	4064	1652	
446	2942	160	59	2921	2640	4059	1643	
490	2954	174	61	2944	2640	4013	1596	
457	2928	170	59	2935	2682	4050	1643	
451	2938	228	60	2926	2654	4059	1610	
461	2959	193	57	2940	2626	4040	1610	
458	2959	165	56	2963	2664	4035	1638	
459	2933	243	60	2930	2668	4054	1601	
475	2929	123	59	2907	2650	4036	1634	
474	2934	143	60	2912	2645	4036	1624	
451	2939	143	59	2921	2645	4054	1648	
449	2955	224	59	2940	2635	4054	1610	
467	2937	132	58	2940	2668	4036	1648	
455	2942	194	59	2935	2654	4050	1624	
472	2940	191	58	2935	2659	4035	1610	
457	2954	236	59	2930	2626	4050	1591	
435	2942	225	59	2944	2664	4068	1634	
476	2918	99	61	2916	2682	4036	1657	
429	2951	176	60	2944	2645	4068	1657	
439	2945	266	61	2944	2659	4068	1610	
447	2930	134	59	2921	2664	4059	1662	
461	2918	129	57	2898	2664	4054	1648	
443	3003	315	61	2898	2654	4036	1605	
438	2945	295	59	2940	2654	4073	1596	
485	2944	121	59	2944	2659	4017	1634	
426	2957	247	59	2954	2645	4073	1629	
498	2908	112	61	2902	2687	4022	1629	
465	2939	125	58	2921	2645	4040	1643	
433	2994	355	61	2921	2668	4054	1601	
474	2936	166	59	2898	2635	4017	1624	
461	2918	174	59	2907	2673	4054	1629	
460	2931	135	56	2902	2640	4050	1638	
454	2928	157	58	2926	2673	4054	1648	
423	2990	288	60	2926	2654	4054	1624	
446	2927	174	57	2916	2664	4064	1643	
445	2938	197	59	2940	2668	4059	1638	
453	2926	225	58	2930	2682	4059	1620	
449	2940	185	58	2940	2664	4054	1638	
451	2932	143	57	2930	2668	4054	1657	
445	2938	242	58	2935	2664	4064	1615	
440	2935	172	58	2912	2645	4068	1643	
450	2950	228	58	2940	2645	4054	1610	
474	2938	166	56	2940	2668	4031	1624	
486	2939	131	58	2921	2645	4022	1620	
430	2934	228	57	2944	2692	4073	1643	
434	2935	159	58	2935	2668	4068	1666	
464	2947	145	58	2949	2659	4035	1643	
461	2945	88	59	2921	2631	4040	1662	
483	2938	215	58	2921	2650	4031	1582	
461	2925	137	58	2907	2659	4050	1643	
434	2950	259	59	2954	2659	4068	1620	
456	2940	175	57	2926	2650	4050	1629	
457	2935	175	56	2930	2664	4050	1634	
460	2942	149	58	2949	2668	4040	1648	
470	2949	140	59	2940	2645	4031	1634	
426	2995	306	54	2940	2659	4054	1624	
463	2961	176	58	2949	2631	4035	1620	
468	2941	136	58	2930	2650	4036	1638	
474	2952	111	58	2930	2626	4027	1638	
471	2933	88	58	2916	2650	4035	1657	
441	2947	226	57	2935	2645	4064	1620	
464	2952	196	58	2959	2659	4035	1620	
458	2929	129	59	2916	2659	4050	1652	
473	2952	183	59	2935	2635	4031	1605	
453	2947	217	57	2949	2659	4050	1620	
476	2937	167	58	2935	2664	4031	1620	
479	2934	122	59	2930	2664	4027	1638	
466	2949	180	60	2944	2650	4036	1620	
465	2939	152	58	2930	2654	4040	1634	
436	2947	246	60	2944	2654	4068	1620	
446	2930	195	61	2921	2664	4064	1634	
435	2957	242	60	2940	2631	4068	1615	
471	2939	137	61	2926	2650	4035	1634	
473	2939	140	58	2935	2659	4031	1634	
460	2951	170	58	2944	2645	4040	1629	
468	2952	165	60	2954	2654	4031	1629	
447	2952	237	59	2954	2654	4054	1615	
482	2935	143	58	2921	2654	4027	1620	
467	2944	156	60	2935	2650	4036	1629	
473	2935	161	59	2921	2654	4036	1620	
433	2954	205	58	2954	2650	4064	1643	
445	2937	207	110	2921	2650	4064	1624	
418	2950	298	60	2954	2659	4087	1620	
455	2940	187	57	2935	2659	4050	1629	
428	2964	275	60	2954	2631	4073	1610	
471	2939	157	58	2926	2650	4036	1624	
425	2947	251	59	2944	2654	4078	1629	
465	2954	186	56	2963	2673	4031	1624	
445	2937	192	60	2916	2645	4064	1629	
439	2950	258	60	2935	2640	4068	1605	
453	2919	203	108	2902	2668	4064	1620	
489	2939	138	58	2935	2659	4017	1620	
412	2940	212	57	2940	2678	4087	1662	
464	2933	198	57	2935	2673	4045	1620	
436	2954	202	59	2940	2635	4064	1634	
463	2962	126	60	2949	2626	4031	1643	
454	2947	220	57	2926	2635	4054	1605	
461	2936	136	57	2921	2650	4045	1643	
432	2952	279	60	2926	2626	4078	1596	
473	2951	131	59	2940	2640	4027	1634	
466	2958	154	59	2949	2635	4031	1629	
476	2938	98	57	2912	2635	4031	1643	
467	2947	197	58	2949	2659	4036	1615	
437	2945	207	107	2926	2640	4068	1629	
453	2935	203	58	2912	2645	4059	1615	
466	2927	174	58	2940	2701	4040	1634	
477	2927	150	115	2916	2664	4035	1624	
475	2933	211	58	2940	2678	4035	1605	
464	2940	164	60	2940	2664	4040	1634	
434	2935	275	58	2930	2664	4078	1610	
445	2942	210	58	2940	2659	4059	1629	
469	2940	183	58	2921	2645	4040	1610	
426	2931	302	59	2940	2682	4087	1615	
478	2925	164	59	2912	2664	4036	1615	
452	2942	190	56	2926	2645	4054	1624	
471	2932	141	111	2930	2668	4036	1638	
438	2954	227	115	2921	2617	4068	1610	
473	2940	169	56	2944	2668	4031	1624	
462	2938	210	58	2940	2668	4045	1615	
471	2933	194	60	2926	2664	4040	1610	
471	2930	129	59	2926	2668	4036	1643	
472	2934	145	60	2930	2664	4035	1634	
453	2953	163	56	2944	2640	4045	1638	
450	2930	134	60	2935	2678	4054	1666	
453	2926	197	58	2921	2673	4059	1629	
468	2938	173	58	2926	2654	4040	1620	
482	2918	139	60	2902	2668	4035	1624	
483	2937	117	58	2935	2664	4022	1638	
471	2949	163	58	2944	2650	4031	1624	
402	2947	251	59	2935	2645	4101	1648	
483	2930	139	58	2921	2664	4027	1624	
477	2935	155	58	2930	2664	4031	1624	
458	2930	194	57	2935	2678	4050	1629	
474	2925	108	55	2921	2673	4035	1652	
472	2939	158	58	2921	2645	4036	1620	
467	2942	157	60	2921	2640	4040	1624	
474	2941	121	59	2926	2645	4031	1638	
468	2936	121	60	2930	2659	4036	1648	
476	2933	89	59	2916	2650	4031	1652	
459	2937	187	59	2921	2650	4050	1620	
422	2953	302	59	2959	2659	4082	1615	
429	2956	189	109	2944	2635	4068	1648	
485	2941	85	57	2940	2659	4017	1652	
445	2937	173	59	2935	2664	4059	1648	
444	2928	215	59	2935	2682	4064	1634	
441	2940	192	59	2930	2654	4064	1638	
473	2932	125	60	2916	2654	4036	1638	
464	2937	134	59	2935	2664	4040	1648	
495	2928	166	60	2930	2678	4017	1605	
466	2949	153	58	2935	2640	4036	1629	
429	2947	232	61	2944	2654	4073	1634	
473	2929	117	59	2916	2659	4036	1643	
467	2948	90	59	2940	2645	4031	1662	
466	2952	203	60	2949	2650	4036	1610	
415	2942	226	60	2940	2659	4087	1652	
429	2933	196	56	2921	2659	4078	1648	
483	2955	126	58	2940	2631	4017	1624	
475	2947	200	170	2940	2650	4031	1601	
492	2936	70	58	2930	2659	4013	1652	
446	2954	191	58	2940	2635	4054	1629	
466	2935	170	59	2935	2668	4040	1629	
447	2946	150	58	2930	2640	4054	1648	
442	2926	234	57	2935	2687	4068	1629	
458	2938	150	59	2940	2668	4045	1648	
430	2923	214	58	2916	2673	4082	1643	
425	2951	165	58	2935	2635	4073	1662	
449	2933	176	58	2921	2659	4059	1638	
465	2925	153	58	2921	2673	4045	1638	
432	2940	190	59	2940	2678	4068	1652	
480	2926	161	59	2930	2682	4031	1624	
453	2944	118	58	2944	2659	4045	1666	
428	2949	230	59	2944	2650	4073	1634	
469	2942	217	59	2930	2650	4040	1596	
431	2949	189	58	2940	2645	4068	1648	
465	2942	132	56	2944	2678	4035	1648	
469	2944	139	61	2921	2635	4036	1629	
436	2933	268	57	2944	2682	4073	1620	
456	2925	130	56	2930	2682	4050	1662	
455	2932	160	59	2916	2654	4054	1638	
489	2923	122	59	2926	2682	4022	1634	
463	2956	154	59	2940	2631	4036	1629	
447	2936	269	59	2940	2673	4064	1605	
464	2941	124	58	2921	2640	4040	1643	
477	2942	131	60	2935	2654	4027	1634	
471	2934	138	59	2930	2664	4035	1638	
444	2939	157	58	2930	2654	4059	1652	
464	2940	158	57	2935	2659	4040	1634	
446	2933	217	56	2926	2664	4064	1624	
428	2933	281	58	2940	2678	4082	1620	
470	2935	172	59	2944	2678	4035	1629	
448	2951	165	58	2944	2645	4050	1643	
469	2935	159	58	2940	2673	4036	1634	
430	2956	169	59	2954	2645	4064	1662	
470	2941	123	59	2921	2640	4035	1638	
442	2931	218	58	2926	2668	4068	1629	
453	2957	199	60	2954	2645	4045	1624	
440	2954	204	60	2949	2645	4059	1634	
481	2950	76	58	2944	2645	4017	1657	
481	2933	89	59	2916	2650	4027	1648	
468	2943	182	58	2949	2668	4035	1624	
449	2944	176	110	2935	2650	4054	1638	
471	2935	199	59	2944	2692	4035	1615	
444	2954	210	59	2954	2650	4054	1629	
452	2922	251	56	2926	2687	4064	1610	
485	2942	170	59	2954	2687	4017	1615	
445	2936	251	58	2940	2673	4064	1615	
464	2958	165	59	2944	2631	4035	1624	
458	2952	184	58	2935	2635	4045	1620	
418	2952	291	58	2959	2673	4082	1624	
436	2951	159	59	2930	2631	4064	1652	
477	2921	176	60	2926	2687	4036	1620	
439	2947	245	58	2949	2659	4064	1620	
449	2926	219	59	2935	2701	4059	1629	
468	2947	167	61	2940	2650	4035	1624	
471	2940	193	58	2935	2659	4036	1610	
464	2941	129	60	2926	2645	4040	1643	
456	2940	224	63	2944	2668	4050	1615	
465	2957	228	59	2940	2631	4040	1591	
460	2944	136	108	2940	2654	4040	1648	
479	2918	153	57	2912	2678	4036	1624	
430	2943	222	57	2940	2659	4073	1638	
465	2946	130	59	2935	2645	4036	1643	
485	2941	135	61	2926	2645	4022	1620	
481	2937	168	57	2935	2664	4027	1615	
465	2951	176	59	2949	2650	4035	1624	
465	2937	132	59	2926	2654	4040	1643	
441	2926	196	57	2926	2678	4068	1643	
467	2954	192	58	2944	2640	4035	1610	
436	2953	189	58	2935	2631	4064	1638	
445	2932	209	57	2944	2696	4059	1638	
466	2966	174	59	2949	2621	4031	1615	
444	2944	193	59	2935	2650	4059	1634	
478	2940	192	57	2930	2654	4031	1601	
472	2933	210	59	2926	2664	4040	1601	
468	2945	192	56	2944	2659	4036	1615	
439	2939	167	59	2930	2654	4064	1652	
453	2939	177	57	2921	2645	4054	1629	
453	2938	170	59	2940	2668	4050	1643	
489	2939	116	59	2930	2654	4017	1629	
469	2932	132	57	2916	2654	4040	1638	
445	2930	187	58	2921	2664	4064	1638	
469	2956	180	58	2949	2640	4031	1615	
454	2930	150	60	2921	2664	4054	1648	
440	2931	247	58	2921	2664	4073	1615	
492	2934	117	57	2921	2654	4017	1624	
450	2942	166	59	2926	2645	4054	1638	
478	2938	173	60	2926	2654	4031	1610	
476	2932	131	58	2930	2668	4031	1638	
439	2947	230	58	2926	2635	4068	1615	
451	2928	227	59	2912	2659	4064	1610	
446	2932	181	59	2912	2650	4064	1634	
437	2956	225	56	2940	2631	4064	1620	
448	2936	158	59	2916	2645	4059	1643	
426	2940	235	59	2940	2664	4078	1638	
442	2933	245	59	2935	2673	4068	1620	
453	2943	269	58	2954	2673	4054	1601	
480	2923	154	61	2930	2687	4031	1629	
483	2927	88	57	2912	2659	4027	1648	
495	2932	124	59	2912	2650	4017	1615	
453	2947	197	57	2940	2650	4050	1624	
449	2946	123	60	2935	2645	4050	1662	
427	2954	220	58	2940	2635	4073	1634	
482	2928	129	58	2926	2673	4027	1634	
448	2940	207	58	2930	2654	4059	1624	
446	2929	247	59	2921	2668	4068	1610	
480	2931	217	57	2944	2687	4031	1601	
428	2945	253	58	2949	2678	4073	1629	
430	2945	228	59	2940	2654	4073	1634	
490	2939	146	58	2935	2659	4017	1615	
445	2940	256	59	2940	2664	4064	1610	
446	2947	202	59	2930	2640	4059	1624	
479	2928	139	60	2921	2668	4031	1629	
482	2925	151	59	2916	2668	4031	1620	
443	2945	224	59	2926	2640	4064	1615	
454	2944	168	57	2930	2645	4050	1634	
471	2946	156	59	2944	2654	4031	1629	
451	2929	131	59	2898	2640	4059	1648	
435	2933	246	60	2940	2678	4073	1629	
477	2927	112	59	2926	2673	4031	1648	
480	2932	110	57	2926	2664	4027	1643	
476	2942	166	59	2930	2650	4031	1615	
452	2933	237	58	2930	2668	4059	1610	
497	2933	102	59	2944	2696	4008	1638	
476	2937	160	60	2930	2659	4031	1620	
444	2928	222	58	2921	2668	4068	1624	
487	2946	142	58	2935	2645	4017	1615	
465	2945	209	57	2944	2659	4040	1610	
436	2942	190	59	2930	2650	4068	1643	
439	2958	205	56	2963	2664	4054	1638	
432	2937	235	61	2921	2650	4078	1624	
465	2942	145	59	2926	2645	4040	1634	
430	3001	187	57	2926	2645	4036	1662	
424	2940	229	59	2930	2654	4082	1638	
473	2952	196	57	2940	2640	4031	1601	
425	2961	221	60	2944	2626	4073	1634	
470	2930	192	59	2930	2673	4040	1615	
455	2939	159	57	2926	2650	4050	1638	
459	2949	162	57	2949	2654	4040	1638	
451	2933	201	59	2921	2659	4059	1624	
481	2925	157	58	2921	2673	4031	1620	
456	2944	193	56	2930	2645	4050	1620	
436	2988	259	109	2926	2664	4040	1624	
491	2933	162	60	2916	2654	4022	1601	
451	2948	140	57	2930	2635	4050	1648	
486	2937	167	59	2935	2664	4022	1610	
447	2942	200	58	2926	2645	4059	1624	
485	2944	159	59	2926	2640	4022	1605	
453	2942	169	56	2916	2635	4054	1629	
429	2925	155	57	2898	2650	4082	1662	
441	2930	196	56	2921	2664	4068	1638	
446	2939	181	59	2949	2687	4054	1648	
481	2931	90	56	2916	2654	4027	1648	
468	2923	187	59	2921	2678	4045	1620	
436	2939	203	58	2949	2687	4064	1648	
430	2953	172	59	2935	2631	4068	1652	
426	2933	229	58	2926	2664	4082	1638	
444	2928	207	58	2916	2664	4068	1629	
448	2925	158	58	2902	2654	4064	1643	
471	2937	168	59	2935	2664	4035	1624	
503	2935	174	59	2935	2668	4008	1591	
455	2935	195	58	2926	2659	4054	1624	
451	2944	128	59	2930	2645	4050	1657	
493	2935	141	59	2921	2654	4017	1610	
477	2938	90	57	2926	2650	4027	1652	
492	2932	136	113	2930	2668	4017	1620	
476	2928	174	58	2921	2668	4036	1615	
449	2942	177	61	2935	2654	4054	1638	
485	2952	103	59	2926	2621	4017	1629	
453	2962	211	61	2954	2635	4045	1615	
475	2933	106	58	2902	2635	4035	1638	
431	2943	230	59	2940	2659	4073	1634	
452	2944	168	58	2916	2631	4054	1629	
446	2930	203	60	2902	2645	4068	1620	
484	2925	139	60	2926	2678	4027	1629	
455	2935	189	60	2921	2654	4054	1624	
464	2944	133	60	2944	2659	4036	1648	
492	2930	144	58	2935	2678	4017	1620	
490	2915	108	61	2902	2673	4027	1634	
480	2925	165	59	2907	2659	4035	1610	
439	2938	234	58	2935	2664	4068	1624	
423	2928	227	58	2921	2668	4087	1643	
469	2949	166	59	2926	2631	4036	1615	
486	2953	107	60	2944	2640	4013	1634	
476	2940	136	58	2944	2668	4027	1638	
445	2935	209	60	2921	2654	4064	1624	
449	2942	209	59	2921	2640	4059	1615	
451	2949	206	57	2930	2635	4054	1615	
442	2945	215	58	2926	2640	4064	1620	
440	2917	246	58	2912	2682	4078	1620	
439	2926	261	60	2935	2687	4073	1620	
510	2914	73	55	2902	2673	4008	1634	
474	2931	106	55	2907	2645	4036	1643	
468	2953	157	57	2921	2617	4036	1615	
430	2947	244	61	2921	2631	4078	1615	
481	2957	108	58	2940	2626	4017	1634	
480	2927	105	57	2912	2659	4031	1643	
414	2945	276	56	2940	2654	4092	1629	
456	2930	153	57	2930	2673	4050	1648	
444	2937	198	58	2921	2650	4064	1629	
462	2922	112	59	2898	2654	4050	1652	
474	2938	208	60	2935	2664	4035	1601	
490	2939	132	57	2930	2654	4017	1620	
434	2950	214	58	2940	2645	4068	1634	
432	2933	279	58	2926	2664	4082	1610	
473	2928	119	60	2926	2673	4035	1648	
474	2937	171	57	2944	2673	4031	1624	
423	2947	225	60	2926	2635	4082	1634	
Percentuale di fallimenti nel positioning: 3.8%
