Anchor0, 0x6e44, X: 0, Y: 0, Z: 0 
Anchor1, 0x6e7a, X: 0, Y: 5602, Z: 0 
Anchor2, 0x6e6c, X: 4099, Y: 4678, Z: 0 
Anchor3, 0x6939, X: 1936, Y: 3188, Z: 880 


#### UWB SETTINGS ####
Ranging protocol: PRECISION
Channel: 5
Bitrate: 6810 kb/s
PRF: 64 MHz
Preamble length: 512 symbols
Gain: 11.5
######################


Misure in [mm] e [ms]

X	Y		Z	Dt	A0		A1		A2		A3	
451	2956	149	1538991456689	2949	2640	4045	1648	
464	2939	122	28	2926	2650	4040	1648	
456	2949	242	28	2944	2650	4050	1601	
450	2951	149	44	2912	2612	4054	1634	
466	2922	155	29	2893	2650	4050	1624	
473	2919	86	30	2898	2659	4040	1657	
457	2947	61	31	2935	2640	4040	1685	
472	2936	79	29	2930	2659	4031	1666	
474	2931	68	29	2926	2664	4031	1671	
466	2921	180	30	2907	2668	4050	1620	
484	2915	106	32	2907	2678	4031	1643	
472	2937	147	30	2926	2654	4035	1629	
451	2931	228	29	2935	2678	4059	1620	
482	2920	124	33	2912	2673	4031	1634	
466	2950	103	34	2944	2645	4031	1657	
477	2937	109	33	2935	2664	4027	1648	
475	2935	188	36	2930	2664	4035	1610	
449	2933	208	32	2907	2645	4064	1615	
463	2952	127	33	2916	2612	4040	1634	
466	2946	113	31	2930	2640	4035	1648	
451	2928	197	33	2902	2650	4064	1620	
451	2956	169	34	2930	2621	4050	1629	
447	2931	226	33	2926	2668	4064	1620	
471	2923	172	34	2930	2687	4040	1629	
467	2927	98	32	2921	2668	4040	1662	
449	2929	205	35	2935	2682	4059	1634	
452	2949	208	30	2944	2650	4050	1620	
470	2906	177	30	2902	2692	4050	1624	
465	2943	117	32	2916	2631	4040	1643	
461	2936	156	30	2902	2631	4050	1624	
478	2939	137	31	2912	2635	4031	1620	
467	2948	136	32	2930	2635	4035	1634	
449	2934	102	31	2926	2659	4054	1676	
449	2928	209	31	2912	2659	4064	1620	
456	2934	154	33	2907	2640	4054	1634	
461	2939	151	31	2921	2645	4045	1634	
485	2913	143	31	2916	2692	4031	1629	
478	2944	136	30	2926	2640	4027	1624	
464	2928	164	32	2926	2673	4045	1634	
483	2909	107	32	2898	2682	4035	1643	
437	2948	208	30	2959	2678	4059	1643	
485	2913	116	31	2907	2682	4031	1638	
459	2956	167	31	2944	2635	4040	1629	
465	2927	178	32	2902	2650	4050	1615	
462	2941	147	31	2912	2631	4045	1629	
460	2929	134	31	2907	2650	4050	1643	
459	2948	139	33	2916	2621	4045	1634	
477	2927	168	31	2916	2664	4036	1615	
472	2941	88	36	2926	2645	4031	1657	
465	2947	167	33	2954	2664	4035	1634	
478	2932	151	32	2926	2664	4031	1624	
457	2946	150	33	2930	2640	4045	1638	
480	2922	74	33	2912	2668	4031	1662	
468	2928	75	31	2907	2650	4040	1666	
474	2939	143	32	2930	2654	4031	1629	
491	2925	113	31	2912	2664	4022	1629	
469	2947	72	34	2930	2635	4031	1666	
457	2933	208	33	2940	2678	4050	1624	
445	2919	188	32	2916	2682	4068	1643	
460	2942	184	33	2935	2654	4045	1624	
470	2938	100	33	2921	2645	4035	1652	
430	2969	276	31	2940	2607	4073	1596	
470	2934	99	32	2926	2659	4035	1657	
488	2913	151	33	2902	2678	4031	1615	
472	2943	121	35	2907	2621	4035	1629	
438	2945	202	32	2940	2654	4064	1638	
440	2944	214	35	2954	2682	4059	1638	
454	2938	193	28	2926	2654	4054	1624	
468	2936	94	29	2930	2659	4035	1662	
460	2932	191	33	2902	2640	4054	1610	
452	2918	160	32	2921	2687	4059	1652	
456	2939	117	31	2935	2659	4045	1662	
480	2924	85	32	2907	2659	4031	1652	
470	2941	114	35	2921	2640	4035	1643	
446	2959	135	32	2959	2659	4045	1662	
456	2921	162	33	2926	2687	4054	1648	
483	2932	132	33	2916	2654	4027	1624	
472	2918	111	37	2912	2678	4040	1652	
468	2931	221	35	2926	2668	4045	1601	
454	2939	166	34	2912	2635	4054	1629	
471	2944	192	33	2930	2645	4036	1605	
463	2937	170	34	2921	2650	4045	1624	
478	2917	66	31	2902	2668	4035	1666	
461	2925	156	32	2916	2668	4050	1638	
453	2950	76	33	2926	2626	4045	1676	
456	2940	147	33	2944	2668	4045	1652	
471	2927	75	32	2921	2668	4036	1671	
447	2951	136	61	2912	2621	4031	1662	
456	2950	119	38	2921	2621	4045	1648	
483	2948	139	34	2926	2631	4022	1615	
478	2925	132	32	2907	2659	4035	1629	
443	2944	156	32	2926	2640	4059	1648	
479	2909	91	35	2883	2664	4040	1648	
475	2938	87	32	2916	2640	4031	1652	
469	2934	110	32	2935	2668	4035	1657	
450	2931	228	33	2940	2682	4059	1624	
485	2928	177	31	2930	2678	4027	1610	
461	2934	149	31	2902	2635	4050	1629	
428	2938	182	31	2940	2668	4073	1662	
437	2951	184	33	2930	2631	4064	1638	
481	2910	99	37	2898	2678	4036	1648	
459	2928	161	35	2921	2668	4050	1638	
474	2929	95	33	2912	2654	4035	1652	
456	2923	132	32	2916	2673	4054	1657	
478	2924	118	30	2902	2654	4035	1634	
468	2945	97	32	2916	2626	4035	1648	
469	2926	102	32	2916	2664	4040	1657	
452	2955	117	34	2935	2626	4045	1657	
488	2922	75	32	2921	2678	4022	1657	
461	2928	186	29	2921	2668	4050	1624	
449	2923	175	32	2907	2664	4064	1638	
472	2929	108	31	2893	2635	4040	1638	
447	2943	137	31	2907	2631	4035	1662	
458	2956	173	33	2949	2640	4040	1629	
462	2961	140	32	2959	2640	4031	1643	
472	2906	99	33	2902	2692	4045	1662	
474	2932	155	31	2921	2659	4036	1624	
469	2931	236	38	2930	2673	4045	1596	
481	2925	144	33	2916	2668	4031	1624	
464	2916	157	34	2912	2682	4050	1638	
431	2942	209	31	2949	2682	4068	1648	
473	2941	117	34	2930	2650	4031	1643	
473	2934	143	34	2921	2654	4035	1629	
446	2946	149	34	2907	2617	4059	1638	
479	2940	133	32	2902	2621	4031	1615	
480	2921	157	33	2912	2673	4035	1620	
451	2960	149	31	2944	2626	4045	1643	
475	2927	117	31	2916	2664	4035	1643	
439	2938	198	32	2940	2668	4064	1643	
464	2964	135	32	2944	2617	4031	1634	
467	2931	179	31	2912	2654	4045	1615	
469	2945	95	33	2935	2645	4031	1657	
464	2949	134	31	2940	2645	4036	1643	
459	2944	162	33	2926	2640	4045	1629	
463	2919	183	32	2902	2668	4054	1620	
464	2918	119	32	2902	2668	4050	1652	
446	2953	154	31	2930	2626	4054	1643	
456	2921	201	30	2888	2650	4064	1610	
480	2925	147	30	2926	2678	4031	1629	
445	2943	133	31	2902	2626	4035	1666	
472	2936	92	31	2935	2664	4031	1662	
466	2937	148	31	2926	2654	4040	1634	
457	2935	169	31	2926	2659	4050	1634	
472	2908	102	31	2898	2682	4045	1657	
468	2944	150	31	2930	2645	4036	1629	
467	2952	175	31	2935	2635	4036	1615	
468	2935	152	33	2921	2654	4040	1629	
442	2936	245	32	2940	2687	4064	1620	
474	2916	120	30	2912	2682	4040	1648	
453	2928	211	33	2921	2668	4059	1620	
465	2930	130	34	2912	2654	4045	1643	
454	2940	171	32	2935	2659	4050	1638	
459	2949	195	32	2935	2640	4045	1615	
461	2953	131	31	2926	2621	4040	1638	
455	2942	208	34	2921	2640	4054	1610	
469	2948	103	32	2935	2640	4031	1652	
447	2956	152	31	2916	2612	4031	1652	
432	2945	209	33	2926	2640	4073	1634	
433	2945	217	33	2926	2640	4073	1629	
455	2948	138	32	2907	2612	4050	1634	
469	2952	182	30	2935	2635	4035	1610	
463	2947	101	34	2912	2617	4040	1648	
465	2946	138	35	2944	2654	4035	1643	
456	2935	162	34	2926	2659	4050	1638	
430	2947	180	31	2944	2654	4068	1657	
448	2952	144	37	2916	2621	4031	1657	
457	2937	126	33	2912	2640	4050	1648	
459	2916	66	34	2893	2659	4054	1681	
471	2928	179	31	2926	2673	4040	1620	
463	2944	119	33	2926	2640	4040	1648	
463	2947	64	33	2930	2635	4036	1676	
455	2946	144	32	2940	2650	4045	1648	
440	2940	213	33	2940	2664	4064	1634	
450	2944	190	31	2907	2621	4059	1615	
439	2945	218	33	2940	2654	4064	1629	
450	2930	230	34	2916	2659	4064	1610	
469	2958	167	31	2940	2626	4031	1615	
474	2922	97	32	2916	2673	4036	1657	
461	2953	143	30	2930	2626	4040	1634	
467	2931	220	33	2930	2673	4045	1605	
447	2931	191	64	2912	2654	4064	1629	
468	2957	103	36	2926	2612	4031	1643	
465	2934	118	34	2926	2659	4040	1652	
445	2942	179	33	2949	2682	4054	1648	
454	2927	130	34	2888	2635	4059	1643	
468	2946	138	33	2930	2640	4035	1634	
482	2911	87	34	2888	2664	4036	1648	
460	2924	192	32	2912	2668	4054	1620	
445	2934	152	33	2930	2664	4059	1657	
445	3016	432	32	2930	2659	4045	1563	
465	2938	111	34	2916	2640	4040	1648	
466	2918	139	30	2921	2687	4045	1648	
450	2945	82	34	2921	2631	4050	1676	
446	2945	141	30	2907	2617	4059	1643	
458	2944	165	33	2935	2650	4045	1634	
479	2935	113	31	2902	2631	4031	1629	
476	2942	146	32	2921	2640	4031	1620	
462	2905	232	32	2916	2711	4059	1615	
469	2955	113	30	2926	2617	4031	1638	
443	2953	119	31	2935	2631	4054	1666	
448	2921	158	34	2907	2668	4064	1648	
480	2931	80	34	2921	2659	4027	1657	
459	2951	168	30	2949	2650	4040	1634	
447	2930	211	35	2902	2645	4068	1615	
452	2935	161	37	2926	2659	4054	1643	
466	2944	140	33	2944	2659	4035	1643	
449	2916	182	31	2916	2687	4064	1643	
494	2926	98	32	2916	2664	4017	1634	
457	2958	145	33	2940	2626	4040	1638	
453	2935	173	32	2940	2687	4050	1643	
475	2918	132	36	2902	2668	4040	1634	
462	2947	135	34	2949	2673	4035	1648	
420	2949	207	32	2926	2631	4082	1643	
441	2932	158	33	2926	2664	4064	1657	
441	2942	213	32	2935	2654	4064	1629	
474	2928	173	34	2907	2654	4040	1610	
445	2946	151	34	2916	2626	4059	1643	
462	2930	167	32	2935	2678	4045	1638	
444	2939	134	32	2926	2650	4059	1662	
455	2928	214	34	2916	2664	4059	1615	
448	2944	151	31	2930	2645	4054	1648	
453	2950	147	32	2916	2617	4050	1634	
455	2925	123	33	2930	2696	4050	1666	
463	2921	191	33	2902	2664	4054	1615	
459	2948	127	30	2912	2617	4045	1638	
464	2918	120	31	2926	2692	4045	1662	
467	2945	105	35	2921	2631	4036	1648	
453	2940	177	34	2940	2664	4050	1638	
451	2968	153	31	2959	2626	4040	1643	
467	2927	104	32	2926	2673	4040	1662	
454	2942	201	32	2940	2659	4050	1624	
463	2930	161	33	2902	2645	4050	1624	
470	2934	85	33	2921	2654	4035	1662	
433	2982	268	35	2921	2664	4045	1624	
472	2904	167	33	2893	2687	4050	1624	
471	2931	199	31	2940	2696	4036	1615	
448	2941	152	32	2907	2626	4059	1638	
472	2937	179	32	2930	2659	4036	1615	
474	2943	121	33	2921	2635	4031	1634	
485	2907	181	33	2916	2706	4035	1615	
457	2930	171	32	2930	2673	4050	1638	
454	2945	134	32	2916	2626	4050	1643	
468	2947	167	32	2912	2621	4040	1610	
463	2932	72	31	2930	2668	4040	1681	
475	2938	74	33	2912	2635	4031	1657	
472	2913	132	31	2898	2673	4045	1638	
465	2953	113	32	2926	2621	4035	1643	
479	2922	134	33	2907	2664	4035	1629	
479	2927	131	33	2921	2668	4031	1634	
474	2940	158	35	2935	2659	4031	1624	
458	2932	115	33	2935	2673	4045	1666	
457	2957	114	31	2935	2621	4040	1652	
467	2936	121	32	2916	2645	4040	1643	
460	2939	157	33	2926	2650	4045	1634	
446	2947	177	30	2944	2654	4054	1643	
467	2913	147	32	2902	2678	4050	1638	
455	2941	124	32	2912	2631	4050	1648	
476	2936	113	32	2916	2645	4031	1638	
467	2941	106	31	2935	2654	4035	1657	
447	2933	204	30	2916	2654	4064	1624	
454	2926	143	31	2940	2701	4050	1662	
475	2950	94	31	2921	2621	4027	1643	
474	2930	166	30	2930	2673	4035	1624	
477	2947	190	30	2926	2635	4031	1596	
437	2945	199	30	2926	2640	4068	1634	
460	2949	178	31	2949	2654	4040	1629	
445	2962	131	31	2935	2612	4050	1652	
477	2946	163	31	2916	2626	4031	1605	
442	2948	131	33	2921	2626	4059	1657	
480	2920	88	33	2916	2678	4031	1657	
465	2935	167	34	2940	2673	4040	1634	
444	2922	216	34	2926	2687	4068	1634	
467	2934	128	33	2921	2654	4040	1643	
473	2928	133	34	2921	2668	4036	1638	
471	2927	151	31	2916	2664	4040	1629	
477	2936	128	32	2916	2645	4031	1629	
458	2943	228	31	2935	2654	4050	1605	
467	2940	171	33	2926	2650	4040	1620	
463	2931	218	30	2921	2664	4050	1605	
453	2925	139	28	2902	2654	4059	1648	
453	2958	155	26	2935	2621	4045	1634	
453	2941	133	25	2926	2645	4050	1652	
471	2946	151	28	2921	2631	4035	1620	
452	2939	146	30	2916	2640	4054	1643	
480	2921	134	31	2926	2687	4031	1638	
463	2926	172	30	2930	2696	4045	1634	
472	2919	154	32	2926	2692	4040	1638	
476	2930	115	32	2930	2673	4031	1648	
452	2949	210	32	2926	2631	4054	1610	
486	2917	127	32	2898	2664	4031	1624	
436	2946	184	30	2921	2631	4068	1638	
437	2916	165	33	2893	2664	4078	1652	
425	3002	281	33	2893	2645	4045	1624	
472	2929	88	33	2912	2654	4036	1657	
481	2913	115	34	2907	2682	4035	1643	
474	2937	166	33	2921	2650	4035	1615	
479	2926	173	32	2912	2664	4036	1610	
457	2949	148	32	2930	2635	4045	1638	
458	2929	160	35	2902	2645	4054	1629	
457	2936	140	35	2916	2645	4050	1643	
473	2932	170	33	2907	2645	4040	1610	
478	2915	172	33	2879	2650	4045	1601	
452	2951	167	32	2926	2626	4050	1629	
465	2914	93	36	2893	2664	4050	1662	
468	2941	125	34	2930	2650	4035	1643	
452	2944	201	29	2930	2645	4054	1620	
463	2919	190	31	2907	2673	4054	1620	
455	2938	145	33	2902	2626	4054	1634	
445	2942	165	32	2944	2678	4054	1652	
459	2938	146	31	2902	2626	4050	1629	
466	2950	128	32	2930	2631	4035	1638	
453	2936	207	33	2935	2668	4054	1624	
467	2943	130	35	2907	2621	4040	1629	
443	2933	198	32	2930	2668	4064	1638	
454	2923	192	33	2916	2673	4059	1629	
462	2932	145	34	2926	2664	4045	1643	
492	2923	130	34	2912	2668	4022	1620	
476	2921	190	31	2916	2678	4040	1610	
454	2955	157	34	2935	2626	4045	1634	
466	2943	136	31	2912	2626	4040	1629	
470	2950	112	32	2930	2631	4031	1643	
437	2956	177	33	2949	2640	4059	1648	
464	2941	108	31	2921	2640	4040	1652	
459	2931	238	31	2930	2673	4054	1605	
461	2940	190	33	2912	2635	4050	1610	
462	2952	79	32	2930	2626	4036	1666	
454	2930	134	31	2935	2678	4050	1662	
441	2937	158	32	2921	2650	4064	1652	
461	2954	157	33	2954	2650	4036	1638	
447	2946	129	32	2926	2635	4054	1657	
450	2949	162	32	2940	2645	4050	1643	
452	2935	166	32	2902	2635	4059	1629	
438	2947	229	36	2949	2659	4064	1629	
444	2953	144	34	2935	2631	4054	1652	
463	2958	129	34	2935	2621	4035	1638	
466	2959	103	31	2935	2617	4031	1648	
467	2946	163	32	2935	2645	4036	1624	
483	2939	138	33	2912	2635	4027	1615	
474	2941	107	30	2921	2640	4031	1643	
482	2932	147	35	2902	2640	4031	1610	
461	2938	213	35	2921	2650	4050	1605	
447	2930	178	30	2935	2678	4059	1648	
442	2948	153	33	2926	2631	4059	1648	
474	2940	149	32	2935	2659	4031	1629	
436	2944	162	33	2935	2650	4064	1657	
445	2942	240	33	2930	2650	4064	1610	
452	2936	112	32	2907	2635	4054	1657	
461	2944	145	32	2940	2654	4040	1643	
457	2941	119	32	2930	2650	4045	1657	
453	2940	227	32	2940	2664	4054	1615	
472	2938	77	36	2930	2654	4031	1666	
467	2940	177	32	2930	2654	4040	1620	
454	2931	262	31	2935	2678	4059	1601	
470	2925	143	33	2921	2673	4040	1638	
466	2925	124	32	2912	2664	4045	1648	
453	2971	148	37	2944	2603	4040	1634	
467	2948	112	34	2921	2626	4036	1643	
444	2958	185	31	2944	2631	4054	1634	
449	2929	230	33	2921	2668	4064	1615	
450	2956	190	31	2940	2631	4050	1624	
462	2954	121	33	2912	2603	4040	1634	
461	2937	177	32	2907	2635	4050	1615	
453	2937	143	32	2912	2640	4054	1643	
459	2943	106	35	2912	2626	4045	1652	
482	2936	150	32	2921	2650	4027	1615	
470	2940	205	25	2926	2650	4040	1601	
452	2945	174	27	2940	2654	4050	1638	
466	2938	58	32	2930	2654	4035	1681	
453	2935	162	31	2940	2673	4050	1648	
472	2935	117	30	2940	2673	4031	1652	
440	2942	240	30	2930	2650	4068	1615	
465	2966	187	31	2959	2631	4031	1615	
479	2927	131	31	2921	2668	4031	1634	
441	2942	193	31	2926	2645	4064	1634	
451	2949	206	30	2930	2635	4054	1615	
454	2934	144	32	2912	2645	4054	1643	
416	2951	221	31	2949	2650	4082	1652	
467	2937	171	32	2930	2659	4040	1624	
437	2947	214	32	2926	2635	4068	1624	
464	2947	151	32	2954	2664	4035	1643	
458	2949	186	32	2935	2640	4045	1620	
474	2945	107	32	2916	2626	4031	1638	
477	2940	191	33	2935	2659	4031	1605	
435	2939	161	31	2926	2650	4068	1657	
469	2932	154	32	2921	2659	4040	1629	
479	2941	115	31	2921	2640	4027	1634	
463	2937	134	32	2912	2640	4045	1638	
458	2954	166	32	2949	2645	4040	1634	
431	2948	172	33	2912	2617	4073	1643	
472	2946	125	34	2926	2635	4031	1634	
434	2944	195	32	2935	2650	4068	1643	
469	2927	106	30	2912	2659	4040	1652	
476	2940	168	31	2930	2654	4031	1615	
474	2940	77	30	2916	2635	4031	1657	
452	2946	146	31	2926	2635	4050	1643	
475	2930	83	29	2902	2640	4035	1652	
467	2946	101	30	2926	2635	4035	1652	
473	2941	103	32	2926	2645	4031	1648	
471	2918	135	30	2926	2692	4040	1648	
476	2935	84	29	2912	2640	4031	1652	
467	2936	142	31	2921	2650	4040	1634	
448	2954	202	29	2954	2650	4050	1629	
445	2943	235	32	2926	2645	4064	1610	
455	2935	169	30	2912	2645	4054	1629	
432	2944	154	32	2930	2645	4068	1662	
450	2938	247	31	2940	2668	4059	1610	
480	2933	170	33	2921	2659	4031	1610	
470	2938	91	30	2921	2645	4035	1657	
472	2935	140	34	2926	2659	4035	1634	
478	2937	187	33	2930	2659	4031	1605	
442	2956	154	33	2944	2635	4054	1652	
467	2949	173	30	2940	2645	4035	1620	
494	2920	135	33	2907	2668	4022	1615	
444	2960	140	56	2921	2612	4031	1662	
460	2931	135	31	2902	2640	4050	1638	
459	2925	131	31	2916	2668	4050	1652	
444	2962	144	30	2912	2603	4031	1657	
458	2944	138	32	2926	2640	4045	1643	
465	2946	53	32	2921	2626	4035	1676	
456	2927	134	31	2907	2654	4054	1648	
449	2959	180	31	2940	2626	4050	1629	
457	2948	129	34	2921	2626	4045	1643	
439	2933	217	33	2912	2650	4073	1624	
478	2919	81	32	2902	2664	4035	1657	
457	2934	166	31	2949	2696	4045	1648	
459	2941	124	32	2921	2640	4045	1648	
447	2914	180	32	2907	2682	4068	1643	
472	2943	147	32	2916	2631	4035	1620	
461	2944	145	33	2940	2654	4040	1643	
447	2929	221	34	2926	2673	4064	1624	
456	2924	174	33	2879	2640	4040	1634	
466	2943	122	34	2935	2650	4036	1648	
460	2932	163	35	2912	2650	4050	1629	
476	2934	161	34	2907	2640	4036	1610	
453	2944	171	34	2912	2626	4054	1624	
448	2941	146	34	2930	2650	4054	1652	
463	2946	162	31	2935	2645	4040	1629	
454	2931	269	31	2940	2682	4059	1601	
466	2937	141	32	2926	2654	4040	1638	
461	2915	136	32	2902	2673	4054	1648	
461	2917	173	33	2912	2682	4054	1634	
463	2947	101	32	2912	2617	4040	1648	
485	2919	179	35	2921	2687	4031	1610	
469	2922	94	35	2921	2678	4040	1666	
459	2923	152	34	2926	2682	4050	1648	
469	2919	104	29	2898	2659	4045	1652	
463	2942	163	29	2940	2659	4040	1634	
479	2934	110	31	2907	2640	4031	1634	
480	2929	132	32	2916	2659	4031	1629	
463	2936	128	30	2907	2635	4045	1638	
466	2943	127	34	2912	2626	4040	1634	
447	2931	191	33	2912	2654	4064	1629	
478	2935	170	31	2902	2635	4036	1601	
474	2913	91	33	2907	2682	4040	1662	
460	2958	196	32	2959	2664	4036	1620	
457	2942	183	32	2921	2640	4050	1620	
484	2920	122	33	2902	2664	4031	1629	
453	2958	155	34	2935	2621	4045	1634	
473	2927	114	32	2921	2668	4035	1648	
459	2939	146	36	2930	2654	4045	1643	
458	2944	179	36	2912	2626	4050	1615	
463	2953	141	34	2921	2617	4040	1629	
449	2949	201	34	2912	2617	4059	1610	
435	2951	165	31	2935	2635	4064	1652	
474	2924	102	32	2893	2645	4040	1643	
466	2958	150	34	2926	2612	4035	1620	
453	2938	170	33	2883	2621	4036	1634	
470	2918	121	27	2898	2664	4045	1643	
459	2936	139	29	2902	2631	4050	1634	
437	2940	207	31	2935	2659	4068	1638	
479	2921	152	33	2912	2673	4036	1624	
470	2942	205	35	2921	2640	4040	1596	
445	2944	159	32	2921	2635	4059	1643	
455	2942	165	35	2926	2645	4050	1634	
475	2932	162	33	2893	2631	4040	1605	
463	2949	149	34	2926	2631	4040	1629	
478	2924	110	34	2893	2645	4036	1634	
472	2945	89	32	2921	2631	4031	1652	
474	2934	137	32	2916	2650	4035	1629	
488	2907	79	32	2893	2678	4031	1652	
447	2953	158	32	2926	2621	4054	1638	
455	2958	147	33	2949	2635	4040	1643	
461	2944	187	31	2926	2640	4045	1615	
447	2949	183	33	2916	2621	4059	1624	
446	2948	141	32	2930	2635	4054	1652	
476	2935	132	32	2926	2659	4031	1634	
471	2932	127	33	2926	2664	4036	1643	
454	2945	134	35	2916	2626	4050	1643	
479	2927	118	33	2916	2664	4031	1638	
479	2934	145	34	2916	2650	4031	1620	
476	2925	131	35	2912	2664	4036	1634	
448	2952	141	33	2912	2621	4031	1657	
479	2923	123	33	2926	2682	4031	1643	
461	2961	200	33	2940	2621	4040	1605	
470	2938	183	33	2940	2668	4036	1620	
479	2919	172	32	2921	2687	4036	1620	
470	2919	199	31	2921	2687	4045	1615	
Percentuale di fallimenti nel positioning: 0.6%
