Anchor0, 0x6e44, X: 0, Y: 0, Z: 0 
Anchor1, 0x6e7a, X: 0, Y: 5602, Z: 0 
Anchor2, 0x6e6c, X: 4099, Y: 4678, Z: 0 
Anchor3, 0x6939, X: 1936, Y: 3188, Z: 880 


#### UWB SETTINGS ####
Ranging protocol: PRECISION
Channel: 5
Bitrate: 110 kb/s
PRF: 64 MHz
Preamble length: 1024 symbols
Gain: 11.5
######################


Misure in [mm] e [ms]

X	Y		Z	Dt	A0		A1		A2		A3	
425	2938	261	1538989623035	2940	2668	4082	1629	
465	2942	206	66	2921	2640	4045	1601	
413	2926	311	66	2916	2668	4106	1615	
444	2928	208	68	2935	2682	4064	1638	
441	2928	285	134	2916	2664	4078	1596	
440	2936	251	70	2921	2654	4073	1610	
407	2933	357	65	2940	2678	4110	1610	
453	2919	246	68	2921	2687	4064	1610	
440	2931	253	66	2926	2668	4073	1615	
457	2919	280	69	2921	2687	4064	1591	
461	2926	249	67	2930	2682	4054	1601	
470	2926	218	67	2921	2673	4045	1601	
453	2933	196	66	2912	2650	4059	1620	
427	2912	355	67	2930	2725	4096	1601	
445	2931	236	67	2921	2664	4068	1615	
442	2928	250	69	2916	2664	4073	1610	
450	2916	177	68	2912	2682	4064	1643	
454	2930	184	67	2907	2650	4059	1624	
462	2929	229	66	2935	2682	4050	1610	
448	2947	188	68	2940	2650	4054	1634	
446	2928	226	66	2912	2659	4068	1615	
467	2907	214	67	2912	2701	4054	1615	
434	2912	248	68	2902	2682	4087	1624	
435	2921	202	67	2912	2673	4078	1643	
468	2925	166	68	2912	2664	4045	1624	
468	2917	255	68	2912	2682	4054	1587	
453	2946	182	68	2916	2626	4054	1620	
456	2922	278	69	2921	2682	4064	1591	
427	2935	264	69	2916	2650	4087	1615	
417	2924	337	69	2916	2673	4106	1601	
450	2930	171	65	2916	2659	4059	1638	
415	2984	414	132	2940	2682	4082	1601	
449	2924	260	68	2921	2678	4068	1605	
426	2916	227	68	2921	2692	4087	1648	
394	3011	390	71	2921	2650	4087	1624	
439	2933	280	68	2940	2678	4073	1610	
444	2917	266	68	2907	2678	4078	1605	
426	2931	279	69	2930	2673	4087	1620	
436	2924	288	66	2921	2678	4082	1605	
467	2918	175	70	2902	2668	4050	1620	
437	2930	179	69	2907	2650	4073	1643	
439	2924	284	70	2907	2664	4082	1596	
429	2937	230	68	2930	2659	4078	1634	
426	2931	237	68	2912	2654	4087	1629	
433	2929	245	68	2912	2659	4082	1620	
408	2921	269	135	2902	2664	4110	1634	
461	2926	214	67	2916	2668	4054	1610	
463	2916	209	68	2893	2664	4059	1605	
450	2907	233	67	2898	2687	4073	1615	
458	2912	210	132	2916	2696	4059	1624	
461	2914	238	69	2888	2664	4064	1591	
457	2915	246	68	2912	2687	4064	1605	
453	2926	237	69	2912	2664	4064	1605	
448	2922	247	67	2898	2659	4073	1601	
446	2931	281	67	2935	2678	4068	1601	
462	2930	200	69	2921	2664	4050	1615	
452	2919	263	67	2916	2682	4068	1601	
440	2910	241	68	2898	2682	4082	1620	
444	2933	219	68	2916	2654	4068	1620	
472	2914	193	69	2893	2668	4050	1605	
449	2922	310	70	2926	2687	4073	1587	
437	2914	213	68	2916	2692	4078	1643	
476	2928	217	66	2916	2664	4040	1591	
429	2940	222	69	2926	2650	4078	1634	
457	2910	246	69	2898	2682	4068	1601	
456	2928	210	70	2907	2654	4059	1610	
439	2928	241	69	2902	2650	4078	1610	
450	2916	206	67	2902	2673	4068	1624	
438	2926	253	67	2916	2668	4078	1615	
451	2933	235	68	2935	2673	4059	1615	
453	2919	267	66	2888	2654	4073	1582	
432	2912	365	68	2907	2687	4101	1577	
461	2924	244	68	2930	2687	4054	1605	
453	2926	257	68	2921	2673	4064	1601	
437	2909	222	69	2902	2687	4082	1634	
446	2924	264	69	2912	2668	4073	1601	
434	2936	281	68	2935	2668	4078	1610	
446	2921	286	69	2902	2664	4078	1587	
422	2996	388	70	2902	2668	4068	1601	
430	2933	255	67	2902	2640	4087	1610	
431	2922	313	68	2912	2673	4092	1596	
429	2907	286	69	2902	2692	4096	1615	
478	2914	180	68	2912	2687	4040	1615	
440	2930	255	67	2902	2645	4078	1601	
447	2922	352	69	2935	2696	4078	1577	
448	2921	237	176	2916	2678	4068	1615	
427	2936	301	67	2912	2645	4092	1596	
431	2912	208	69	2898	2678	4087	1643	
454	2926	224	69	2902	2654	4064	1605	
444	2933	205	69	2930	2668	4064	1634	
415	3021	357	72	2930	2635	4059	1615	
429	2921	238	68	2907	2668	4087	1629	
448	2932	173	68	2926	2664	4059	1643	
429	2928	270	68	2916	2664	4087	1615	
414	2925	259	67	2944	2706	4092	1652	
445	2933	230	69	2935	2673	4064	1624	
430	2937	198	68	2912	2640	4078	1638	
444	2900	270	126	2907	2711	4082	1615	
448	2924	251	68	2921	2678	4068	1610	
450	2916	206	68	2902	2673	4068	1624	
426	2930	259	70	2921	2664	4087	1624	
399	2942	336	69	2930	2650	4115	1615	
444	2937	136	68	2926	2654	4059	1662	
446	2934	302	133	2921	2659	4073	1582	
464	2921	185	69	2916	2678	4050	1624	
455	2928	222	125	2916	2664	4059	1610	
460	2925	185	67	2907	2659	4054	1620	
460	2908	259	68	2912	2701	4064	1601	
454	2919	260	71	2907	2673	4068	1596	
433	2923	248	66	2916	2673	4082	1624	
439	2945	245	70	2935	2650	4068	1615	
451	2933	235	68	2935	2673	4059	1615	
420	2915	281	69	2907	2682	4101	1624	
450	2931	259	69	2926	2668	4064	1601	
442	2945	256	67	2926	2640	4068	1601	
396	2988	399	71	2926	2673	4096	1624	
459	2924	279	68	2930	2687	4059	1591	
425	2987	351	70	2930	2673	4064	1610	
456	2915	231	70	2907	2682	4064	1610	
448	2900	242	69	2893	2696	4078	1615	
436	2947	246	69	2944	2654	4068	1620	
445	2938	313	69	2926	2654	4073	1577	
436	2919	282	68	2902	2668	4087	1601	
427	2924	316	67	2926	2682	4092	1605	
443	2928	245	68	2912	2659	4073	1610	
432	2926	225	126	2907	2659	4082	1629	
447	2924	257	67	2926	2682	4068	1610	
423	2919	331	66	2916	2682	4101	1601	
443	2928	235	68	2930	2678	4068	1624	
429	2936	197	70	2935	2682	4073	1652	
444	2933	263	69	2935	2673	4068	1610	
450	2929	282	69	2940	2687	4064	1601	
446	2942	256	69	2930	2650	4064	1601	
456	2912	208	68	2902	2682	4064	1620	
434	2931	275	70	2916	2659	4082	1605	
452	2943	270	68	2935	2654	4059	1591	
443	2926	168	68	2930	2682	4064	1657	
408	2975	335	68	2930	2678	4082	1634	
424	2928	229	62	2916	2664	4087	1638	
450	2919	254	67	2921	2687	4068	1610	
448	2931	312	68	2944	2687	4068	1591	
460	2919	268	69	2926	2692	4059	1596	
434	2922	280	67	2907	2668	4087	1605	
427	3001	341	69	2907	2659	4054	1610	
444	2938	227	68	2912	2640	4068	1610	
424	2933	351	63	2916	2654	4101	1582	
459	2928	195	64	2916	2664	4054	1620	
444	2936	235	67	2935	2668	4064	1620	
435	2921	196	68	2926	2701	4073	1652	
440	2926	254	66	2930	2682	4073	1620	
455	2926	246	67	2907	2659	4064	1596	
429	2933	311	68	2930	2668	4087	1601	
436	2930	229	69	2907	2650	4078	1620	
416	2952	244	69	2935	2635	4087	1634	
428	2944	199	74	2916	2631	4078	1638	
460	2929	284	64	2926	2673	4059	1582	
471	2933	208	67	2930	2668	4040	1605	
438	2936	325	69	2926	2659	4082	1582	
467	2915	254	128	2921	2696	4054	1596	
459	2907	271	70	2902	2692	4068	1591	
448	2926	200	70	2916	2668	4064	1629	
453	2924	259	69	2921	2678	4064	1601	
437	2924	234	67	2912	2668	4078	1624	
434	2912	305	69	2907	2687	4092	1601	
397	2979	297	71	2907	2668	4087	1657	
431	3002	335	139	2916	2654	4050	1610	
441	2923	220	70	2916	2673	4073	1629	
435	2927	158	66	2916	2664	4073	1662	
420	2933	280	66	2930	2668	4092	1624	
432	2933	286	124	2907	2645	4087	1596	
422	2996	388	135	2912	2668	4068	1601	
451	2926	225	68	2916	2668	4064	1615	
436	2940	251	66	2930	2654	4073	1615	
449	2936	284	70	2940	2673	4064	1596	
427	2942	213	68	2926	2645	4078	1638	
452	2924	298	68	2926	2682	4068	1587	
463	2900	251	67	2883	2687	4068	1591	
442	2943	264	69	2935	2654	4068	1605	
462	2926	288	128	2921	2673	4059	1577	
424	2969	272	69	2921	2678	4059	1634	
457	2926	212	69	2907	2659	4059	1610	
447	2933	275	66	2926	2664	4068	1596	
456	2942	222	69	2944	2664	4050	1615	
454	2931	248	67	2930	2673	4059	1605	
435	2930	160	193	2912	2654	4073	1657	
446	2940	182	123	2930	2654	4059	1638	
443	2945	271	69	2930	2645	4068	1596	
459	2948	268	66	2944	2654	4050	1587	
432	2928	231	68	2907	2654	4082	1624	
441	2933	289	67	2935	2673	4073	1601	
452	2926	249	68	2921	2673	4064	1605	
415	2980	276	127	2921	2668	4068	1648	
436	2935	225	66	2926	2659	4073	1629	
439	2938	278	69	2935	2664	4073	1605	
424	2910	294	69	2902	2687	4101	1615	
442	2931	305	68	2921	2664	4078	1587	
442	2949	263	70	2944	2650	4064	1605	
446	2933	266	68	2926	2664	4068	1601	
444	2933	250	68	2926	2664	4068	1610	
458	2936	236	69	2926	2659	4054	1601	
441	2933	282	127	2930	2668	4073	1601	
406	2968	288	74	2930	2678	4078	1643	
442	2947	222	68	2926	2635	4064	1615	
434	2928	218	68	2916	2664	4078	1634	
440	2917	274	68	2907	2678	4082	1605	
436	2921	261	70	2930	2692	4078	1624	
451	2945	229	70	2944	2659	4054	1615	
438	2943	230	72	2935	2654	4068	1624	
416	2950	289	69	2935	2640	4092	1615	
436	2940	280	70	2944	2668	4073	1610	
450	2931	246	128	2921	2664	4064	1605	
440	2928	220	67	2912	2659	4073	1624	
457	2933	169	71	2930	2668	4050	1638	
422	2943	350	70	2949	2668	4092	1596	
415	2995	375	71	2949	2668	4073	1610	
435	2929	263	69	2912	2659	4082	1610	
430	2945	294	70	2949	2664	4078	1610	
426	2965	273	71	2949	2682	4059	1634	
466	2928	201	68	2907	2654	4050	1605	
443	2926	275	68	2926	2678	4073	1605	
426	2943	312	69	2954	2673	4082	1610	
449	2921	246	66	2916	2678	4068	1610	
405	2996	351	70	2916	2659	4078	1629	
449	2925	180	69	2907	2659	4064	1634	
442	2933	218	68	2940	2678	4064	1634	
447	2923	184	69	2921	2678	4064	1643	
483	2918	140	69	2916	2682	4031	1629	
388	2992	389	71	2916	2664	4101	1634	
448	2926	272	70	2907	2659	4073	1591	
454	2936	283	68	2940	2673	4059	1591	
432	2936	313	69	2940	2673	4082	1601	
464	2919	228	66	2916	2682	4054	1605	
400	2969	286	66	2968	2650	4092	1638	
448	2908	268	67	2898	2687	4078	1601	
438	2942	267	69	2930	2650	4073	1605	
443	2921	267	69	2930	2692	4073	1615	
432	2940	240	69	2921	2645	4078	1620	
434	2947	209	68	2940	2650	4068	1638	
429	2943	265	66	2940	2659	4078	1620	
416	2959	291	68	2949	2635	4087	1615	
422	2919	274	67	2912	2678	4096	1624	
451	2929	247	67	2921	2668	4064	1605	
414	2950	288	71	2940	2645	4092	1620	
421	2944	223	70	2935	2650	4082	1643	
444	2926	261	126	2916	2668	4073	1605	
443	2945	230	68	2930	2645	4064	1615	
454	2921	210	66	2902	2664	4064	1615	
429	2933	254	68	2926	2664	4082	1624	
439	2933	236	68	2921	2659	4073	1620	
439	2943	237	68	2935	2654	4068	1620	
435	2936	261	134	2921	2654	4078	1610	
445	2933	196	67	2935	2687	4059	1638	
431	2924	276	67	2912	2668	4087	1610	
444	2931	265	68	2935	2678	4068	1610	
430	2919	300	66	2912	2678	4092	1605	
463	2928	245	69	2916	2664	4054	1591	
459	2935	194	68	2926	2659	4050	1620	
454	2923	232	67	2907	2664	4064	1605	
422	2926	286	68	2930	2682	4092	1624	
453	2936	274	69	2940	2673	4059	1596	
446	2931	219	67	2926	2668	4064	1624	
457	2920	319	67	2921	2687	4068	1573	
433	2942	254	66	2944	2664	4073	1624	
445	2950	301	69	2949	2654	4064	1587	
440	2938	222	68	2926	2654	4068	1624	
435	2943	279	70	2944	2664	4073	1610	
430	2924	274	67	2916	2673	4087	1615	
430	2948	308	66	2954	2664	4078	1605	
448	2924	253	67	2898	2654	4073	1596	
430	2938	233	67	2926	2654	4078	1629	
457	2938	233	65	2930	2659	4054	1605	
451	2938	284	69	2930	2659	4064	1587	
434	2950	288	70	2949	2654	4073	1605	
446	2941	278	125	2926	2650	4068	1591	
433	2919	286	68	2916	2682	4087	1610	
426	2954	226	69	2949	2645	4073	1638	
434	2947	216	67	2940	2650	4068	1634	
453	2931	239	71	2930	2673	4059	1610	
416	2938	343	67	2935	2664	4101	1601	
428	2940	277	67	2935	2659	4082	1615	
445	2936	307	69	2926	2659	4073	1582	
438	2941	290	70	2940	2664	4073	1601	
442	2944	280	67	2949	2682	4064	1605	
457	2933	227	67	2930	2668	4054	1610	
459	2938	258	134	2949	2678	4050	1601	
445	2926	284	70	2921	2673	4073	1596	
453	2919	244	66	2902	2668	4068	1601	
424	2922	277	71	2921	2682	4092	1624	
446	2935	183	69	2935	2668	4059	1643	
434	2941	363	68	2954	2678	4082	1582	
450	2936	234	127	2935	2668	4059	1615	
442	2931	243	71	2912	2654	4073	1610	
422	2937	236	68	2921	2650	4087	1634	
450	2931	271	66	2916	2659	4068	1591	
407	2929	342	70	2940	2701	4106	1620	
416	2940	295	67	2944	2668	4092	1624	
431	2952	196	70	2940	2640	4068	1643	
459	2911	173	68	2902	2682	4059	1634	
460	2916	194	69	2921	2692	4054	1629	
443	2943	258	69	2926	2645	4068	1601	
433	2924	285	68	2912	2668	4087	1605	
465	2942	227	66	2930	2650	4045	1596	
452	2945	202	69	2949	2664	4050	1629	
446	2930	188	68	2916	2659	4064	1634	
439	2929	263	69	2912	2659	4078	1605	
461	2925	193	68	2907	2659	4054	1615	
445	2922	272	69	2921	2682	4073	1605	
440	2930	262	133	2907	2650	4078	1601	
454	2938	200	68	2926	2654	4054	1620	
461	2928	221	68	2916	2664	4054	1605	
445	2929	245	69	2926	2673	4068	1615	
414	2921	341	68	2916	2678	4110	1605	
447	2926	179	68	2912	2664	4064	1638	
457	2924	241	68	2921	2678	4059	1605	
398	2989	346	71	2921	2664	4087	1638	
443	2930	197	69	2935	2678	4064	1643	
443	2963	144	67	2968	2659	4045	1662	
428	2943	278	67	2949	2668	4078	1620	
476	2912	217	68	2912	2692	4045	1601	
460	2929	234	69	2926	2673	4054	1605	
429	2940	244	68	2935	2659	4078	1629	
435	2933	283	68	2935	2673	4078	1610	
438	2935	255	67	2930	2664	4073	1615	
444	2943	254	68	2940	2659	4064	1610	
467	2931	220	68	2930	2673	4045	1605	
448	2926	235	67	2930	2682	4064	1620	
431	2926	208	67	2926	2678	4078	1648	
422	2985	365	121	2926	2673	4068	1610	
436	2909	171	70	2888	2673	4082	1652	
429	2933	260	129	2930	2668	4082	1624	
454	2919	275	68	2912	2678	4068	1591	
393	2972	336	63	2912	2678	4096	1648	
448	2929	228	69	2926	2673	4064	1620	
424	2922	277	70	2921	2682	4092	1624	
403	2923	262	72	2916	2673	4110	1648	
435	2933	255	69	2921	2659	4078	1615	
425	2942	208	68	2916	2635	4082	1638	
450	2924	205	69	2912	2668	4064	1624	
401	2940	264	68	2926	2650	4106	1643	
451	2936	249	128	2940	2673	4059	1610	
408	2975	288	63	2940	2673	4073	1643	
432	2936	340	67	2935	2668	4087	1587	
455	2942	163	127	2944	2678	4045	1643	
465	2929	116	67	2907	2650	4045	1648	
445	2926	260	71	2935	2687	4068	1615	
432	2922	263	68	2907	2668	4087	1615	
439	2924	291	69	2912	2668	4082	1596	
434	2933	246	69	2921	2659	4078	1620	
435	2947	230	69	2944	2654	4068	1629	
428	2936	231	69	2935	2668	4078	1638	
447	2928	227	67	2930	2678	4064	1624	
439	2938	225	69	2935	2664	4068	1629	
457	2927	179	70	2916	2664	4054	1629	
463	2954	167	69	2949	2645	4036	1629	
427	2945	289	134	2940	2654	4082	1610	
446	2933	224	68	2926	2664	4064	1620	
481	2922	201	67	2921	2682	4035	1601	
416	2921	168	129	2930	2701	4087	1685	
460	2933	210	69	2930	2668	4050	1615	
456	2928	217	68	2912	2659	4059	1610	
421	2943	327	67	2940	2659	4092	1601	
440	2947	219	67	2935	2645	4064	1624	
450	2933	213	67	2930	2668	4059	1624	
424	2952	254	68	2949	2650	4078	1629	
457	2930	177	68	2916	2659	4054	1629	
453	2931	233	68	2926	2668	4059	1610	
437	2935	247	67	2930	2664	4073	1620	
461	2931	270	69	2935	2678	4054	1591	
438	2931	250	68	2930	2673	4073	1620	
450	2952	232	68	2944	2645	4054	1610	
445	2952	218	67	2959	2659	4054	1629	
437	2929	246	68	2912	2659	4078	1615	
456	2917	277	68	2907	2678	4068	1587	
450	2928	265	68	2916	2664	4068	1596	
432	2985	361	69	2916	2678	4059	1601	
442	2923	254	69	2902	2659	4078	1605	
434	2916	195	70	2898	2668	4082	1643	
440	2933	238	70	2916	2654	4073	1615	
439	2935	192	68	2921	2654	4068	1638	
428	2936	252	125	2926	2659	4082	1624	
430	2929	273	68	2912	2659	4087	1610	
444	2947	252	70	2935	2645	4064	1605	
436	2938	275	68	2921	2650	4078	1601	
450	2939	127	70	2921	2645	4054	1657	
451	2936	249	68	2940	2673	4059	1610	
449	2918	147	68	2902	2668	4064	1652	
438	2933	264	69	2935	2673	4073	1615	
439	2923	234	68	2907	2664	4078	1620	
436	2927	176	68	2916	2664	4073	1652	
435	2950	297	124	2959	2678	4068	1605	
444	2943	276	123	2949	2668	4064	1605	
421	2940	329	68	2944	2668	4092	1605	
456	2933	241	69	2940	2678	4054	1610	
472	2938	251	70	2916	2645	4045	1573	
411	2940	316	69	2935	2659	4101	1615	
438	2931	243	71	2930	2673	4073	1624	
408	2996	367	71	2930	2664	4078	1620	
455	2950	234	69	2926	2631	4054	1596	
429	2947	203	69	2935	2645	4073	1643	
439	2942	283	70	2930	2650	4073	1596	
449	2916	212	69	2907	2678	4068	1624	
446	2926	197	70	2907	2659	4068	1629	
468	2912	249	68	2916	2696	4054	1596	
459	2924	241	67	2916	2673	4059	1601	
447	2933	259	67	2921	2659	4068	1601	
411	2921	268	69	2907	2668	4106	1634	
445	2926	208	68	2916	2668	4068	1629	
430	2919	205	71	2893	2659	4087	1638	
443	2928	192	70	2912	2659	4068	1634	
442	2919	247	66	2926	2692	4073	1624	
437	2917	277	68	2921	2692	4082	1615	
428	2935	302	70	2930	2664	4087	1605	
436	2935	175	134	2907	2640	4073	1643	
432	2923	210	68	2907	2664	4082	1638	
443	2921	232	66	2912	2673	4073	1620	
422	2950	280	69	2949	2654	4082	1620	
420	2947	253	66	2926	2635	4087	1624	
455	2940	222	67	2930	2654	4054	1610	
441	2931	255	67	2921	2664	4073	1610	
423	2979	299	117	2916	2668	4059	1620	
420	2940	262	69	2935	2659	4087	1629	
448	2940	221	66	2935	2659	4059	1620	
443	2936	261	68	2935	2668	4068	1610	
395	3054	514	64	2935	2626	4087	1587	
446	2938	264	69	2921	2650	4068	1596	
456	2942	182	67	2907	2626	4054	1615	
440	2947	203	69	2930	2640	4064	1629	
447	2938	247	69	2926	2654	4064	1605	
437	2922	297	70	2926	2687	4082	1605	
447	2935	209	67	2916	2650	4064	1620	
437	2945	322	125	2935	2650	4078	1582	
450	2940	248	70	2935	2659	4059	1605	
421	2972	242	64	2935	2673	4059	1648	
445	2937	201	69	2916	2645	4064	1624	
459	2914	249	68	2902	2678	4064	1596	
417	2957	243	68	2959	2664	4078	1643	
452	2936	265	68	2940	2673	4059	1601	
454	2926	237	68	2907	2659	4064	1601	
442	2945	262	68	2930	2645	4068	1601	
430	2943	299	68	2935	2654	4082	1601	
414	2998	380	62	2935	2664	4073	1610	
431	2940	276	67	2940	2664	4078	1615	
435	2935	181	69	2912	2645	4073	1643	
416	3038	473	66	2912	2640	4068	1577	
431	2933	242	69	2930	2668	4078	1629	
430	2929	336	69	2944	2692	4087	1601	
435	2926	261	71	2944	2706	4073	1629	
467	2919	206	72	2912	2678	4050	1610	
447	2960	347	71	2912	2701	4054	1596	
454	2933	263	67	2912	2650	4064	1587	
407	2945	324	67	2949	2664	4101	1620	
439	2921	219	71	2926	2687	4073	1638	
449	2933	226	69	2940	2678	4059	1624	
425	2939	239	68	2940	2682	4078	1638	
427	2943	282	68	2940	2659	4082	1615	
429	2947	285	69	2944	2654	4078	1610	
398	3004	399	71	2944	2654	4087	1620	
457	2940	226	71	2921	2645	4054	1601	
463	2938	267	70	2954	2696	4045	1596	
436	2921	184	68	2926	2687	4073	1657	
431	2931	202	68	2930	2687	4073	1648	
Percentuale di fallimenti nel positioning: 7.8%
