Anchor0, 0x6e44, X: 0, Y: 0, Z: 0 
Anchor1, 0x6e7a, X: 0, Y: 5602, Z: 0 
Anchor2, 0x6e6c, X: 4099, Y: 4678, Z: 0 
Anchor3, 0x6939, X: 1936, Y: 3188, Z: 880 


#### UWB SETTINGS ####
Ranging protocol: PRECISION
Channel: 5
Bitrate: 110 kb/s
PRF: 64 MHz
Preamble length: 2048 symbols
Gain: 11.5
######################


Misure in [mm] e [ms]

X	Y		Z	Dt	A0		A1		A2		A3	
468	2940	147	1538990955119	2940	2664	4035	1638	
451	2942	202	80	2935	2654	4054	1624	
453	2947	246	82	2940	2650	4054	1601	
461	2958	137	84	2949	2635	4035	1643	
446	2942	188	85	2930	2650	4059	1634	
457	2921	137	82	2912	2673	4054	1652	
459	2937	153	85	2935	2664	4045	1643	
478	2926	85	147	2916	2664	4031	1657	
478	2925	138	77	2912	2664	4035	1629	
458	2942	187	81	2944	2664	4045	1629	
452	2942	181	83	2944	2664	4050	1638	
483	2926	211	86	2930	2682	4031	1596	
466	2905	92	85	2902	2692	4050	1671	
463	2932	133	155	2916	2654	4045	1643	
440	2959	217	79	2916	2682	4045	1643	
435	2940	243	85	2930	2654	4073	1620	
429	2995	291	79	2930	2654	4045	1620	
445	2947	209	84	2935	2645	4059	1624	
423	2992	257	86	2935	2654	4050	1638	
439	2939	138	85	2921	2645	4064	1662	
456	2946	153	85	2940	2650	4045	1643	
441	2966	217	83	2959	2631	4054	1624	
470	2927	127	86	2916	2664	4040	1643	
458	2923	166	92	2916	2673	4054	1638	
453	2942	240	82	2944	2664	4054	1610	
452	2955	217	85	2959	2668	4045	1620	
439	2929	312	85	2935	2682	4078	1596	
420	2970	289	87	2935	2678	4064	1629	
460	2954	187	83	2963	2673	4036	1629	
458	2957	245	85	2968	2673	4040	1605	
464	2937	206	85	2930	2659	4045	1610	
457	2937	198	86	2935	2664	4050	1624	
441	2947	242	85	2940	2650	4064	1615	
465	2922	264	85	2926	2687	4054	1591	
442	2948	197	85	2959	2678	4054	1643	
458	2945	208	83	2949	2664	4045	1620	
446	2976	218	86	2991	2654	4040	1629	
422	2974	239	85	2987	2654	4064	1643	
455	2955	264	83	2996	2692	4035	1610	
466	2974	208	85	2991	2659	4022	1615	
453	2967	159	83	2977	2659	4035	1648	
481	2930	199	84	2930	2673	4031	1601	
461	2921	213	87	2893	2654	4059	1601	
478	2947	170	84	2935	2645	4027	1610	
448	2936	301	86	2935	2668	4068	1587	
463	2949	183	85	2940	2645	4040	1620	
429	2991	313	76	2940	2664	4054	1620	
469	2923	162	83	2907	2664	4045	1624	
464	2957	210	84	2959	2650	4035	1610	
449	2935	211	157	2930	2664	4059	1624	
479	2927	124	84	2921	2668	4031	1638	
448	2952	214	83	2944	2645	4054	1620	
460	2942	164	86	2926	2645	4045	1629	
457	2940	233	86	2944	2668	4050	1610	
466	2945	189	322	2949	2678	4035	1620	
457	2926	212	84	2907	2659	4059	1610	
475	2930	155	84	2921	2664	4035	1624	
444	2937	150	85	2930	2659	4059	1657	
468	2921	172	84	2921	2682	4045	1629	
464	2948	123	85	2940	2645	4035	1648	
478	2918	118	86	2912	2678	4035	1643	
456	2928	185	85	2921	2668	4054	1629	
419	3000	353	87	2921	2659	4064	1615	
439	2930	199	87	2930	2673	4068	1643	
473	2940	169	85	2944	2668	4031	1624	
475	2920	130	85	2902	2664	4040	1634	
450	2923	225	85	2921	2678	4064	1620	
477	2932	177	159	2912	2650	4036	1605	
491	2902	143	85	2883	2682	4035	1615	
473	2937	157	86	2921	2650	4035	1620	
446	2945	270	85	2935	2650	4064	1596	
425	2977	247	86	2935	2668	4054	1643	
471	2931	186	88	2926	2668	4040	1615	
440	2951	183	85	2944	2645	4059	1643	
449	2947	234	86	2949	2659	4054	1615	
460	2956	142	85	2959	2650	4035	1648	
469	2921	207	84	2902	2664	4050	1601	
454	2928	151	166	2921	2668	4054	1648	
472	2937	137	82	2944	2673	4031	1643	
443	2938	205	85	2926	2654	4064	1629	
477	2918	124	84	2916	2682	4036	1643	
471	2946	94	84	2949	2659	4027	1662	
436	2947	213	85	2949	2659	4064	1638	
433	2942	225	83	2930	2650	4073	1629	
484	2934	83	83	2926	2659	4022	1652	
457	2934	142	89	2916	2650	4050	1643	
473	2928	201	87	2940	2701	4036	1615	
454	2952	121	85	2930	2626	4045	1652	
427	2921	252	85	2898	2659	4092	1620	
478	2932	143	84	2926	2664	4031	1629	
494	2913	111	83	2912	2687	4022	1634	
437	2943	253	84	2926	2645	4073	1610	
391	2919	321	84	2926	2692	4125	1643	
485	2917	103	86	2898	2664	4031	1638	
441	2934	206	156	2935	2687	4064	1638	
498	2946	61	83	2916	2640	3975	1662	
538	2936	56	86	2940	2668	3970	1620	
445	2942	194	85	2935	2654	4059	1634	
422	2957	274	87	2959	2650	4078	1624	
469	2915	230	84	2921	2696	4050	1605	
453	2944	175	84	2935	2650	4050	1634	
432	2952	249	85	2935	2635	4073	1615	
461	2932	141	85	2930	2668	4045	1648	
488	2918	137	86	2893	2659	4031	1615	
452	2949	195	85	2959	2678	4045	1634	
466	2917	125	87	2893	2659	4050	1643	
442	2931	233	85	2930	2673	4068	1624	
482	2920	109	162	2912	2673	4031	1643	
434	2940	266	86	2963	2696	4068	1629	
438	3000	228	82	2963	2650	4031	1638	
451	2946	121	86	2926	2635	4050	1657	
460	2949	163	85	2944	2650	4040	1634	
480	2925	151	87	2902	2654	4035	1615	
470	2931	129	85	2907	2645	4040	1634	
474	2930	175	86	2930	2673	4036	1620	
469	2935	189	87	2930	2664	4040	1615	
450	2964	256	87	2930	2682	4036	1615	
474	2940	171	85	2940	2664	4031	1620	
464	2912	194	87	2912	2692	4054	1624	
477	2926	201	84	2935	2687	4035	1610	
475	2922	101	85	2921	2678	4035	1657	
454	2940	185	84	2940	2664	4050	1634	
468	2933	188	87	2935	2673	4040	1620	
451	2928	202	86	2926	2673	4059	1629	
454	2916	192	85	2898	2668	4064	1624	
472	2936	111	84	2916	2645	4035	1643	
478	2928	185	86	2916	2664	4036	1605	
477	2939	171	84	2926	2650	4031	1610	
444	2937	145	87	2926	2654	4059	1657	
461	2923	144	85	2912	2668	4050	1643	
463	2937	175	86	2898	2626	4050	1610	
478	2919	238	87	2926	2692	4040	1591	
457	2924	220	85	2912	2668	4059	1610	
455	2914	200	85	2902	2678	4064	1624	
481	2924	132	86	2893	2645	4035	1620	
411	2990	282	77	2893	2654	4064	1638	
461	2919	254	85	2916	2682	4059	1596	
457	2949	155	86	2930	2635	4045	1634	
469	2911	153	84	2893	2673	4050	1629	
452	2930	161	84	2930	2673	4054	1648	
473	2930	163	164	2935	2678	4035	1629	
407	3009	323	78	2935	2645	4068	1634	
467	2931	223	85	2907	2650	4050	1591	
474	2930	172	83	2907	2650	4040	1610	
454	2934	165	85	2916	2650	4054	1634	
476	2923	117	85	2912	2668	4036	1643	
474	2939	134	84	2930	2654	4031	1634	
480	2929	206	85	2940	2687	4031	1605	
456	2930	236	85	2916	2659	4059	1601	
481	2925	135	84	2916	2668	4031	1629	
455	2930	188	84	2898	2640	4059	1615	
465	2910	233	87	2902	2687	4059	1601	
478	2927	131	86	2907	2654	4035	1629	
479	2932	159	86	2926	2664	4031	1620	
480	2927	158	84	2902	2650	4035	1610	
447	2920	170	92	2916	2678	4064	1648	
451	2928	232	93	2916	2664	4064	1610	
460	2918	134	87	2902	2668	4054	1648	
465	2920	145	87	2898	2659	4050	1634	
476	2918	181	86	2888	2654	4045	1601	
438	2945	251	82	2949	2678	4064	1620	
469	2930	153	84	2898	2640	4045	1620	
436	2945	223	86	2912	2626	4073	1615	
432	2926	231	85	2912	2664	4082	1629	
466	2925	154	85	2916	2668	4045	1634	
436	2927	183	84	2916	2664	4073	1648	
473	2926	199	86	2926	2678	4040	1610	
443	2943	245	88	2921	2640	4068	1605	
452	2900	189	84	2879	2682	4073	1629	
449	2939	142	84	2926	2650	4054	1652	
447	2939	151	85	2912	2635	4059	1643	
443	2990	294	79	2912	2664	4040	1615	
464	2935	193	83	2926	2659	4045	1615	
449	2938	209	84	2930	2659	4059	1624	
456	2933	204	86	2926	2664	4054	1620	
480	2920	103	86	2921	2682	4031	1652	
472	2933	89	86	2907	2640	4036	1652	
446	2931	294	83	2944	2687	4068	1601	
459	2921	236	85	2916	2678	4059	1605	
471	2931	195	83	2926	2668	4040	1610	
448	2960	187	84	2959	2659	4045	1634	
467	2947	134	85	2954	2664	4031	1648	
436	2951	159	86	2930	2631	4064	1652	
458	2935	187	84	2926	2659	4050	1624	
458	2938	229	84	2940	2668	4050	1610	
452	2931	216	83	2926	2668	4059	1620	
472	2928	188	85	2926	2673	4040	1615	
468	2919	165	86	2921	2687	4045	1634	
474	2928	185	84	2916	2664	4040	1610	
491	2937	142	85	2930	2659	4017	1615	
446	2930	195	85	2921	2664	4064	1634	
493	2931	104	85	2916	2654	4017	1629	
451	2938	209	85	2944	2673	4054	1629	
450	2924	267	86	2921	2678	4068	1601	
467	2946	128	83	2926	2635	4036	1638	
455	2918	144	82	2902	2668	4059	1648	
425	2942	203	85	2912	2631	4082	1638	
445	2946	268	84	2940	2654	4064	1601	
458	2940	200	83	2926	2650	4050	1615	
438	2933	213	157	2916	2654	4073	1629	
463	2948	139	89	2944	2650	4036	1643	
473	2938	199	87	2940	2668	4035	1610	
434	2938	260	83	2921	2650	4078	1610	
477	2939	163	82	2926	2650	4031	1615	
462	2944	83	85	2916	2626	4040	1662	
436	2942	212	84	2935	2654	4068	1634	
477	2935	150	89	2926	2659	4031	1624	
440	2943	225	82	2926	2645	4068	1620	
473	2937	140	79	2940	2668	4031	1638	
458	2935	172	83	2902	2635	4054	1620	
448	2938	240	86	2921	2650	4064	1605	
458	2942	207	84	2926	2645	4050	1610	
472	2925	133	85	2907	2659	4040	1634	
467	2919	100	151	2902	2664	4045	1657	
468	2931	187	86	2912	2654	4045	1610	
452	2942	166	85	2940	2659	4050	1643	
470	2935	210	87	2907	2640	4045	1591	
473	2933	155	85	2930	2668	4035	1629	
496	2945	87	87	2930	2640	4008	1634	
445	2931	215	87	2912	2654	4068	1620	
450	2935	212	161	2926	2659	4059	1620	
473	2924	66	85	2912	2664	4036	1671	
448	2945	235	82	2935	2650	4059	1610	
471	2932	173	80	2916	2654	4040	1615	
476	2927	107	155	2907	2654	4035	1643	
473	2942	162	86	2940	2659	4031	1624	
442	2939	119	86	2907	2640	4040	1681	
457	2946	141	86	2930	2640	4045	1643	
471	2907	262	87	2916	2706	4054	1591	
424	2945	277	85	2944	2659	4082	1620	
409	3005	335	74	2944	2650	4068	1629	
440	2933	200	81	2926	2664	4068	1638	
474	2931	88	86	2907	2645	4035	1652	
481	2935	44	85	2930	2659	4022	1676	
425	2943	317	81	2954	2687	4082	1610	
447	2936	149	82	2916	2645	4059	1648	
479	2936	202	154	2935	2668	4031	1601	
429	2949	210	85	2935	2640	4073	1638	
445	2996	251	157	2926	2654	4027	1620	
448	2905	216	83	2902	2696	4073	1629	
462	2932	146	84	2898	2635	4050	1629	
472	2936	126	88	2921	2650	4035	1638	
447	2923	193	83	2921	2678	4064	1638	
425	2932	275	83	2944	2696	4082	1629	
480	2928	148	86	2921	2668	4031	1624	
434	2985	292	88	2921	2668	4050	1624	
469	2939	159	88	2916	2640	4040	1620	
454	2935	201	85	2930	2664	4054	1624	
453	2931	197	159	2912	2654	4059	1620	
456	2936	220	86	2926	2659	4054	1610	
478	2922	125	85	2907	2664	4035	1634	
471	2942	185	83	2930	2650	4036	1610	
439	2946	167	84	2921	2631	4064	1643	
433	2925	155	85	2926	2678	4073	1671	
440	2931	193	86	2926	2668	4068	1643	
460	2931	191	84	2926	2668	4050	1624	
434	2996	220	89	2926	2650	4035	1643	
467	2932	149	82	2930	2668	4040	1638	
481	2918	122	153	2902	2668	4035	1634	
460	2933	157	83	2935	2673	4045	1643	
475	2931	179	85	2926	2668	4036	1615	
440	2938	242	85	2944	2687	4064	1624	
466	2928	201	86	2907	2654	4050	1605	
453	2956	202	157	2930	2621	4050	1610	
467	2921	163	87	2921	2682	4045	1634	
419	2947	219	90	2940	2650	4082	1648	
453	2943	227	89	2935	2654	4054	1610	
444	2924	254	85	2916	2673	4073	1610	
468	2946	128	85	2949	2659	4031	1648	
471	2934	156	84	2930	2664	4036	1629	
458	2928	201	84	2921	2668	4054	1620	
453	2931	239	83	2930	2673	4059	1610	
475	2944	156	82	2949	2664	4027	1629	
446	2925	155	81	2893	2645	4068	1643	
430	2930	249	152	2902	2645	4087	1615	
464	2934	151	85	2912	2645	4045	1629	
465	2909	169	87	2898	2682	4054	1629	
445	2938	221	88	2926	2654	4064	1620	
473	2935	158	86	2926	2659	4035	1624	
454	2992	239	152	2893	2664	4022	1620	
452	2919	237	86	2902	2668	4068	1605	
469	2923	153	84	2907	2664	4045	1629	
447	2931	241	86	2912	2654	4068	1605	
473	2928	170	86	2912	2659	4040	1615	
469	2945	185	86	2940	2654	4035	1615	
453	2938	203	84	2907	2635	4059	1610	
487	2917	121	84	2893	2659	4031	1624	
471	2929	240	95	2926	2673	4045	1591	
414	3018	404	76	2926	2645	4068	1601	
428	2952	259	85	2935	2635	4078	1615	
462	2929	208	86	2926	2673	4050	1615	
459	2942	216	160	2926	2645	4050	1605	
472	2951	146	85	2926	2626	4031	1620	
481	2926	216	88	2921	2673	4035	1591	
471	2948	128	85	2930	2635	4031	1634	
463	2942	156	86	2935	2654	4040	1634	
459	2923	222	89	2907	2664	4059	1605	
473	2945	233	86	2944	2659	4035	1591	
466	2923	130	88	2916	2673	4045	1648	
461	2941	99	87	2935	2654	4040	1666	
453	2949	174	85	2930	2635	4050	1629	
479	2930	165	84	2930	2673	4031	1620	
434	2942	197	84	2916	2635	4073	1634	
442	2995	250	82	2916	2654	4031	1624	
451	2928	268	87	2930	2678	4064	1601	
439	2958	189	87	2940	2626	4059	1634	
477	2939	127	90	2916	2640	4031	1629	
469	2949	190	86	2940	2645	4035	1610	
478	2926	80	85	2912	2659	4031	1657	
476	2928	156	85	2921	2668	4035	1624	
470	2928	163	84	2926	2673	4040	1629	
463	2932	175	83	2902	2640	4050	1615	
451	2949	171	86	2935	2640	4050	1634	
456	2944	140	89	2935	2650	4045	1648	
470	2954	222	85	2935	2631	4036	1587	
449	2931	305	85	2935	2678	4068	1587	
452	2942	190	85	2926	2645	4054	1624	
449	2921	189	83	2912	2673	4064	1634	
438	2935	200	83	2907	2640	4073	1629	
464	2930	177	84	2930	2673	4045	1629	
442	2930	236	85	2907	2650	4073	1610	
470	2947	206	85	2944	2654	4035	1605	
449	2924	244	84	2916	2673	4068	1610	
474	2938	114	85	2898	2621	4035	1629	
482	2916	198	85	2921	2692	4035	1605	
470	2916	198	83	2898	2668	4050	1605	
465	2921	221	86	2907	2668	4054	1601	
457	2945	207	84	2954	2668	4045	1624	
449	2954	211	86	2954	2650	4050	1624	
457	2930	192	86	2921	2664	4054	1624	
466	2928	176	84	2921	2668	4045	1624	
483	2933	183	85	2912	2650	4031	1596	
455	2927	145	86	2916	2664	4054	1648	
457	2944	134	84	2930	2645	4045	1648	
440	2943	225	84	2926	2645	4068	1620	
477	2918	149	84	2902	2668	4040	1624	
461	2930	184	85	2921	2664	4050	1624	
458	2928	188	85	2916	2664	4054	1624	
468	2914	158	87	2898	2673	4050	1629	
477	2932	158	84	2912	2650	4035	1615	
485	2930	159	85	2898	2640	4031	1601	
436	2939	115	84	2930	2654	4064	1681	
454	2935	156	84	2935	2668	4050	1648	
455	2924	224	87	2921	2678	4059	1615	
445	2965	258	78	2921	2682	4040	1620	
464	2934	143	87	2912	2645	4045	1634	
461	2942	185	84	2930	2650	4045	1620	
431	2981	284	78	2930	2664	4050	1620	
439	2997	224	77	2930	2659	4036	1643	
485	2918	174	86	2898	2664	4035	1601	
454	2941	163	89	2930	2650	4050	1638	
443	2942	188	84	2916	2635	4064	1629	
452	2937	181	85	2930	2659	4054	1634	
469	2935	167	85	2898	2631	4045	1610	
472	2934	118	84	2921	2654	4035	1643	
456	2925	164	84	2935	2701	4050	1648	
443	2938	295	87	2949	2678	4068	1601	
448	2928	214	85	2921	2668	4064	1624	
467	2935	150	89	2926	2659	4040	1634	
452	2935	176	85	2930	2664	4054	1638	
432	2963	277	88	2930	2682	4054	1624	
461	2940	170	88	2930	2654	4045	1629	
450	2945	196	86	2912	2626	4059	1615	
461	2937	179	86	2935	2664	4045	1629	
454	2937	141	84	2930	2659	4050	1652	
474	2923	158	84	2912	2668	4040	1624	
469	2938	75	84	2921	2645	4035	1666	
463	2942	177	85	2944	2664	4040	1629	
463	2935	162	85	2921	2654	4045	1629	
479	2932	131	85	2916	2654	4031	1629	
423	2917	276	85	2912	2682	4096	1624	
476	2944	162	86	2921	2635	4031	1610	
477	2928	68	85	2916	2659	4031	1666	
473	2932	132	83	2916	2654	4036	1634	
442	2923	236	84	2916	2673	4073	1620	
442	2930	228	85	2907	2650	4073	1615	
456	2966	105	83	2968	2654	4031	1666	
469	2933	201	85	2912	2650	4045	1601	
456	2928	217	85	2912	2659	4059	1610	
435	2928	200	85	2902	2650	4078	1634	
460	2915	106	85	2898	2668	4054	1662	
453	2926	206	87	2921	2673	4059	1624	
434	2954	221	84	2935	2631	4068	1624	
443	2925	187	157	2912	2664	4068	1638	
466	2921	201	239	2916	2678	4050	1615	
460	2926	220	88	2921	2673	4054	1610	
456	2944	155	86	2940	2654	4045	1643	
476	2936	110	85	2921	2650	4031	1643	
478	2930	188	90	2921	2664	4035	1605	
488	2918	141	88	2916	2682	4027	1624	
420	2969	277	81	2916	2682	4064	1634	
432	2924	239	162	2916	2673	4082	1629	
475	2923	159	87	2907	2664	4040	1620	
451	2938	234	85	2930	2659	4059	1610	
461	2935	171	86	2935	2668	4045	1634	
454	2938	237	86	2940	2668	4054	1610	
473	2932	161	87	2907	2645	4040	1615	
473	2936	120	85	2916	2645	4035	1638	
465	2921	202	84	2898	2659	4054	1605	
428	3000	325	76	2898	2654	4050	1615	
449	2926	195	85	2912	2664	4064	1629	
453	2938	170	83	2940	2668	4050	1643	
469	2943	223	84	2935	2654	4040	1596	
454	2922	216	87	2926	2687	4059	1624	
459	2940	202	159	2921	2645	4050	1610	
430	2997	303	76	2921	2654	4045	1610	
476	2931	87	85	2921	2659	4031	1657	
465	2931	188	163	2926	2668	4045	1620	
471	2920	106	83	2916	2678	4040	1657	
451	2933	214	86	2926	2664	4059	1620	
444	2940	219	84	2926	2650	4064	1620	
455	2928	250	85	2930	2678	4059	1605	
464	2917	243	90	2926	2696	4054	1605	
444	2944	214	88	2944	2659	4059	1629	
462	2940	174	84	2926	2650	4045	1624	
464	2926	212	86	2921	2673	4050	1610	
462	2930	185	86	2916	2659	4050	1620	
440	2976	253	149	2907	2668	4040	1624	
485	2907	160	84	2907	2696	4035	1620	
457	2951	196	85	2944	2645	4045	1620	
473	2933	189	85	2935	2673	4036	1615	
455	2946	131	84	2935	2645	4045	1652	
482	2915	141	85	2902	2673	4035	1624	
470	2923	141	85	2926	2682	4040	1643	
468	2924	202	85	2926	2682	4045	1615	
460	2942	155	85	2926	2645	4045	1634	
442	2924	259	156	2926	2682	4073	1615	
457	2930	197	83	2898	2640	4059	1610	
446	2933	246	86	2935	2673	4064	1615	
465	2938	175	85	2940	2668	4040	1629	
427	2957	240	86	2949	2640	4073	1629	
448	2947	242	87	2935	2645	4059	1605	
421	2972	238	88	2935	2673	4059	1652	
452	2941	153	85	2916	2635	4054	1638	
464	2945	204	87	2921	2635	4045	1601	
471	2931	123	87	2902	2640	4040	1634	
461	2921	219	84	2898	2659	4059	1601	
432	3005	187	80	2898	2645	4035	1662	
468	2928	225	85	2907	2654	4050	1591	
468	2927	123	86	2921	2668	4040	1648	
463	2910	178	86	2912	2696	4054	1634	
441	2936	243	85	2935	2668	4068	1620	
458	2921	168	87	2916	2678	4054	1638	
452	2952	257	84	2944	2645	4054	1596	
445	2943	231	85	2949	2668	4059	1624	
472	2947	159	87	2940	2650	4031	1624	
429	2933	233	87	2935	2673	4078	1638	
455	2933	207	85	2907	2645	4059	1610	
445	2937	201	85	2916	2645	4064	1624	
447	2938	260	88	2935	2664	4064	1605	
459	2947	146	87	2949	2659	4040	1648	
459	2938	216	84	2930	2659	4050	1610	
404	2996	297	88	2930	2650	4068	1638	
466	2942	175	85	2930	2650	4040	1620	
476	2919	72	86	2907	2668	4036	1666	
462	2947	163	86	2954	2678	4036	1638	
451	2924	212	85	2912	2668	4064	1620	
478	2923	174	85	2898	2654	4040	1605	
399	3031	287	155	2883	2621	4059	1643	
454	2944	178	156	2912	2626	4054	1620	
417	2993	305	80	2912	2659	4064	1634	
452	2970	232	77	2912	2673	4031	1624	
472	2919	181	84	2907	2673	4045	1615	
489	2905	177	84	2898	2692	4035	1605	
467	2933	197	84	2921	2659	4045	1610	
446	2935	203	84	2916	2650	4064	1624	
440	2917	274	85	2907	2678	4082	1605	
Percentuale di fallimenti nel positioning: 6.6%
