Anchor0, 0x6e44, X: 0, Y: 0, Z: 0 
Anchor1, 0x6e7a, X: 0, Y: 5602, Z: 0 
Anchor2, 0x6e6c, X: 4099, Y: 4678, Z: 0 
Anchor3, 0x6939, X: 1936, Y: 3188, Z: 880 


#### UWB SETTINGS ####
Ranging protocol: PRECISION
Channel: 5
Bitrate: 850 kb/s
PRF: 64 MHz
Preamble length: 256 symbols
Gain: 11.5
######################


Misure in [mm] e [ms]

X	Y		Z	Dt	A0		A1		A2		A3	
452	2925	93	1538991175579	2921	2673	4054	1681	
460	2925	134	32	2912	2664	4050	1648	
466	2944	146	34	2940	2654	4036	1638	
467	2938	90	30	2926	2650	4036	1662	
449	2937	188	27	2921	2650	4059	1629	
437	2931	193	26	2912	2654	4073	1638	
464	2938	77	26	2940	2682	4035	1676	
460	2951	186	31	2949	2650	4040	1624	
484	2929	120	30	2912	2654	4027	1629	
462	2927	101	31	2921	2668	4045	1666	
440	2930	208	31	2930	2673	4068	1638	
483	2925	123	33	2926	2678	4027	1638	
463	2934	148	30	2916	2650	4045	1634	
470	2943	105	30	2935	2650	4031	1652	
449	2924	238	29	2912	2668	4068	1610	
449	2936	284	27	2940	2673	4064	1596	
439	2942	231	27	2930	2650	4068	1620	
472	2940	144	27	2944	2668	4031	1638	
484	2931	99	29	2902	2640	4027	1634	
471	2921	159	47	2926	2687	4040	1634	
485	2932	100	28	2926	2664	4022	1643	
461	2932	114	27	2921	2659	4045	1657	
442	2940	215	28	2935	2659	4064	1629	
447	2933	218	29	2921	2659	4064	1620	
479	2929	117	27	2916	2659	4031	1638	
441	2940	179	27	2940	2678	4059	1648	
460	2928	183	28	2926	2673	4050	1629	
437	2920	163	26	2916	2678	4073	1662	
476	2933	184	27	2926	2664	4035	1610	
447	2945	114	27	2921	2631	4054	1662	
473	2939	102	32	2930	2654	4031	1652	
464	2916	157	30	2912	2682	4050	1638	
444	2934	169	56	2916	2650	4064	1643	
471	2926	179	32	2930	2682	4040	1624	
452	2946	166	31	2935	2645	4050	1638	
460	2945	205	29	2940	2654	4045	1615	
445	2946	95	57	2926	2635	4054	1676	
464	2948	121	32	2944	2650	4035	1652	
440	2921	191	32	2912	2673	4073	1643	
483	2927	88	30	2912	2659	4027	1648	
481	2925	122	31	2912	2664	4031	1634	
454	2937	154	31	2935	2664	4050	1648	
441	2935	180	33	2912	2645	4068	1638	
441	2949	130	32	2949	2654	4054	1671	
454	2927	115	30	2912	2659	4054	1662	
421	2946	156	31	2930	2640	4078	1671	
447	2942	180	28	2944	2664	4054	1643	
471	2925	144	30	2916	2668	4040	1634	
453	2935	170	31	2926	2659	4054	1638	
479	2934	87	30	2921	2654	4027	1652	
455	2932	108	30	2921	2659	4050	1666	
508	2920	100	32	2907	2668	4008	1620	
461	2946	152	32	2940	2650	4040	1638	
453	2931	225	30	2926	2668	4059	1615	
445	2933	196	31	2935	2687	4059	1638	
457	2927	179	30	2916	2664	4054	1629	
478	2915	115	29	2916	2687	4035	1648	
460	2916	171	32	2916	2687	4054	1638	
446	2921	212	32	2916	2678	4068	1629	
436	2949	198	32	2921	2626	4068	1629	
419	2951	211	29	2930	2631	4082	1643	
459	2923	205	31	2921	2678	4054	1620	
475	2935	180	31	2944	2678	4031	1620	
473	2932	132	30	2916	2654	4036	1634	
454	2948	192	30	2949	2673	4045	1629	
423	2940	236	32	2935	2659	4082	1638	
469	2941	120	28	2926	2645	4035	1643	
445	2943	137	30	2916	2631	4059	1652	
469	2938	79	37	2916	2640	4036	1662	
475	2938	94	23	2916	2640	4031	1648	
443	2952	120	28	2949	2664	4050	1671	
448	2921	164	31	2912	2673	4064	1648	
472	2939	139	30	2940	2664	4031	1638	
462	2948	100	34	2940	2645	4036	1662	
479	2939	130	30	2926	2650	4027	1629	
479	2913	74	56	2907	2682	4035	1666	
419	3000	309	31	2907	2654	4059	1629	
472	2918	147	30	2921	2687	4040	1638	
482	2922	110	29	2907	2664	4031	1638	
446	2943	226	29	2940	2659	4059	1620	
469	2944	148	60	2930	2645	4035	1629	
416	2944	198	30	2921	2635	4087	1652	
473	2919	90	33	2902	2664	4040	1657	
480	2923	127	30	2921	2678	4031	1638	
448	2928	214	34	2921	2668	4064	1624	
439	2940	196	32	2921	2645	4068	1634	
453	2918	161	31	2916	2682	4059	1648	
469	2938	181	31	2944	2673	4036	1624	
439	2928	169	32	2898	2645	4073	1643	
475	2920	119	31	2898	2659	4040	1638	
452	2918	140	30	2912	2678	4059	1657	
439	2923	156	30	2926	2682	4068	1666	
461	2926	199	32	2930	2682	4050	1624	
446	2938	153	27	2940	2682	4054	1657	
447	2916	188	29	2907	2678	4068	1638	
435	2929	256	31	2926	2673	4078	1620	
455	2942	115	31	2940	2659	4045	1666	
419	2940	228	30	2940	2678	4082	1648	
456	2928	176	31	2921	2668	4054	1634	
444	2916	174	32	2916	2687	4068	1652	
442	2935	187	31	2930	2664	4064	1643	
485	2920	111	32	2893	2654	4031	1629	
499	2924	64	27	2912	2664	4013	1648	
474	2932	112	32	2935	2673	4031	1652	
444	2930	156	28	2916	2659	4064	1652	
458	2942	150	31	2935	2654	4045	1643	
490	2933	188	29	2930	2668	4022	1596	
452	2927	117	28	2898	2645	4059	1657	
475	2928	138	30	2921	2668	4035	1634	
473	2948	127	30	2921	2626	4031	1629	
473	2922	108	34	2898	2654	4040	1643	
450	2918	169	33	2907	2673	4064	1643	
476	2932	139	59	2930	2668	4031	1634	
466	2930	112	35	2926	2668	4040	1657	
471	2937	154	32	2930	2659	4036	1629	
481	2928	173	29	2940	2701	4027	1620	
483	2913	66	31	2907	2682	4031	1666	
451	2947	187	29	2926	2635	4054	1624	
469	2935	146	31	2944	2678	4035	1643	
434	2942	213	28	2921	2640	4073	1629	
453	2945	119	28	2916	2626	4050	1652	
450	2924	246	29	2930	2687	4064	1615	
444	2928	179	55	2907	2654	4068	1638	
467	2940	185	31	2930	2654	4040	1615	
453	2919	177	32	2921	2687	4059	1643	
474	2937	142	31	2935	2664	4031	1634	
460	2946	99	29	2954	2678	4035	1671	
457	2942	156	31	2940	2659	4045	1643	
442	2933	203	29	2916	2654	4068	1629	
427	2930	199	29	2916	2659	4082	1648	
451	2952	140	29	2916	2621	4027	1657	
441	2994	239	30	2916	2654	4031	1629	
448	2935	184	29	2902	2635	4064	1624	
433	2938	192	52	2940	2682	4068	1652	
474	2921	126	27	2926	2687	4036	1648	
469	2945	164	53	2949	2678	4031	1629	
429	2952	215	30	2935	2635	4073	1634	
428	2930	231	32	2921	2664	4082	1634	
463	2918	147	30	2912	2678	4050	1643	
448	2917	225	29	2916	2687	4068	1624	
469	2951	132	30	2940	2640	4031	1638	
455	2936	137	28	2921	2650	4050	1648	
451	2933	169	52	2949	2696	4050	1652	
418	2921	238	30	2912	2673	4096	1643	
484	2936	202	28	2935	2668	4027	1596	
425	2951	203	30	2944	2645	4073	1648	
485	2924	107	30	2912	2664	4027	1638	
447	2954	100	27	2926	2617	4050	1666	
445	2939	157	28	2944	2682	4054	1657	
459	2923	139	29	2921	2678	4050	1652	
484	2918	129	53	2907	2673	4031	1629	
484	2923	185	30	2921	2678	4031	1605	
465	2939	129	31	2944	2668	4036	1652	
466	2927	161	29	2916	2664	4045	1629	
468	2937	193	28	2935	2664	4040	1615	
459	2949	133	29	2940	2645	4040	1648	
462	2937	167	31	2926	2654	4045	1629	
463	2951	118	30	2935	2635	4036	1648	
434	2930	180	29	2921	2664	4073	1652	
478	2920	125	33	2912	2673	4035	1638	
459	2961	110	30	2963	2659	4031	1662	
487	2920	117	32	2912	2673	4027	1634	
438	2942	195	28	2940	2659	4064	1643	
483	2940	90	29	2921	2640	4022	1643	
475	2928	158	29	2921	2668	4036	1624	
479	2916	119	67	2912	2682	4035	1643	
444	2943	128	54	2916	2631	4059	1657	
418	2949	142	33	2935	2640	4078	1681	
445	2950	96	32	2921	2621	4054	1671	
469	2951	117	30	2935	2635	4031	1643	
452	2930	148	31	2926	2668	4054	1652	
469	2922	94	30	2921	2678	4040	1666	
478	2923	112	30	2930	2687	4031	1652	
469	2941	129	28	2926	2645	4035	1638	
450	2939	136	27	2921	2645	4054	1652	
438	2944	171	30	2949	2678	4059	1657	
436	2926	217	31	2907	2659	4078	1629	
462	2943	117	31	2930	2645	4040	1652	
446	2946	171	28	2940	2650	4054	1643	
490	2910	66	87	2898	2678	4027	1657	
472	2920	104	31	2907	2668	4040	1652	
462	2946	135	32	2954	2678	4035	1652	
459	2933	180	31	2926	2664	4050	1629	
435	2940	175	29	2930	2654	4068	1652	
470	2939	80	31	2940	2664	4031	1671	
466	2940	143	27	2944	2682	4035	1643	
449	2942	209	30	2921	2640	4059	1615	
432	2947	248	56	2954	2678	4068	1629	
435	2935	171	34	2949	2692	4064	1666	
414	2940	264	80	2940	2664	4092	1638	
461	2918	147	31	2898	2664	4054	1638	
465	2916	165	32	2912	2682	4050	1634	
445	2927	165	30	2916	2664	4064	1648	
488	2930	71	29	2907	2645	4022	1648	
473	2920	120	30	2907	2668	4040	1643	
474	2930	38	30	2921	2659	4031	1685	
458	2930	178	31	2930	2673	4050	1634	
452	2933	223	32	2926	2664	4059	1615	
467	2942	121	34	2935	2654	4035	1648	
429	2938	246	31	2935	2664	4078	1629	
478	2911	98	31	2921	2701	4035	1662	
454	2953	107	29	2926	2621	4045	1657	
447	2946	156	28	2935	2645	4054	1648	
494	2916	119	30	2912	2682	4022	1629	
465	2945	108	30	2930	2640	4036	1652	
444	2944	159	31	2949	2664	4054	1657	
448	2916	195	32	2907	2678	4068	1634	
480	2925	156	33	2926	2678	4031	1624	
430	2926	185	30	2921	2673	4078	1657	
456	2921	140	31	2935	2706	4050	1662	
427	2921	213	31	2907	2668	4087	1643	
449	2923	132	33	2921	2678	4059	1666	
453	2944	175	32	2954	2682	4045	1643	
458	2939	130	29	2930	2654	4045	1652	
464	2940	158	32	2935	2659	4040	1634	
422	2952	268	34	2959	2659	4078	1629	
432	2950	226	34	2949	2654	4068	1634	
448	2937	109	34	2926	2654	4054	1671	
451	2929	191	57	2944	2701	4054	1643	
458	2928	173	30	2930	2678	4050	1638	
453	2929	118	29	2916	2659	4054	1662	
449	2933	189	31	2926	2664	4059	1634	
455	2919	181	29	2912	2678	4059	1634	
471	2930	129	30	2926	2668	4036	1643	
472	2945	104	31	2921	2631	4031	1643	
463	2914	177	30	2907	2682	4054	1629	
433	2939	183	30	2916	2640	4073	1643	
458	2916	122	29	2912	2682	4054	1662	
488	2933	102	34	2907	2640	4022	1629	
483	2919	89	31	2902	2664	4031	1648	
444	2944	186	34	2935	2650	4059	1638	
454	2932	141	34	2935	2673	4050	1657	
435	2935	216	33	2926	2659	4073	1634	
451	2938	194	33	2940	2668	4054	1634	
463	2950	88	31	2930	2631	4036	1662	
452	2915	153	31	2893	2664	4064	1643	
467	2939	125	33	2935	2659	4036	1648	
470	2943	97	33	2935	2650	4031	1657	
474	2931	195	30	2940	2682	4035	1615	
442	2942	176	31	2940	2659	4059	1648	
464	2922	89	29	2916	2673	4045	1671	
439	2938	189	31	2940	2668	4064	1648	
449	2928	176	30	2926	2673	4059	1643	
473	2928	119	28	2926	2673	4035	1648	
444	2949	188	31	2954	2659	4054	1643	
469	2948	145	29	2944	2650	4031	1634	
471	2953	143	30	2930	2626	4031	1624	
427	2981	272	29	2996	2650	4059	1624	
453	2925	163	31	2907	2659	4059	1638	
407	2959	230	32	2959	2645	4087	1657	
464	2925	128	31	2921	2673	4045	1652	
460	2939	162	28	2930	2654	4045	1634	
470	2931	135	29	2940	2682	4035	1648	
415	2930	237	32	2916	2659	4096	1643	
494	2924	75	30	2916	2668	4017	1648	
433	2941	294	28	2940	2664	4078	1605	
451	2942	163	30	2944	2664	4050	1648	
432	2977	195	33	2944	2668	4045	1662	
486	2934	137	29	2930	2664	4022	1624	
466	2934	119	28	2921	2654	4040	1648	
472	2943	116	30	2930	2645	4031	1643	
456	2939	101	30	2935	2659	4045	1671	
472	2948	146	29	2930	2635	4031	1624	
450	2925	149	32	2916	2668	4059	1652	
473	2925	148	30	2912	2664	4040	1629	
466	2948	126	30	2935	2640	4035	1643	
462	2958	138	30	2963	2650	4031	1648	
483	2951	125	28	2944	2645	4017	1629	
449	2933	189	27	2926	2664	4059	1634	
481	2921	135	29	2921	2682	4031	1634	
473	2936	127	29	2916	2645	4035	1634	
453	2939	134	31	2926	2650	4050	1652	
463	2946	102	31	2940	2650	4036	1662	
442	2932	189	31	2912	2650	4068	1634	
437	2938	188	29	2926	2654	4068	1643	
452	2932	174	60	2907	2645	4059	1629	
467	2949	119	29	2949	2654	4031	1652	
438	2919	270	29	2912	2678	4082	1610	
479	2928	146	79	2926	2673	4031	1629	
447	2942	206	47	2930	2650	4059	1624	
469	2946	138	24	2921	2631	4036	1629	
446	2951	156	26	2930	2631	4054	1643	
457	2921	180	30	2926	2687	4054	1638	
444	2918	152	29	2907	2673	4068	1657	
440	2953	170	28	2935	2631	4059	1643	
461	2961	175	56	2954	2635	4035	1624	
458	2934	168	31	2944	2692	4045	1643	
444	2949	144	33	2940	2645	4054	1657	
454	2934	165	31	2916	2650	4054	1634	
434	2947	186	32	2930	2640	4068	1643	
442	2932	145	29	2916	2654	4064	1657	
477	2949	117	31	2949	2654	4022	1643	
450	2937	149	31	2930	2659	4054	1652	
460	2930	105	29	2926	2668	4045	1666	
476	2942	74	28	2921	2635	4027	1657	
475	2923	140	31	2926	2682	4035	1638	
457	2927	147	30	2930	2678	4050	1652	
404	2987	314	29	2930	2664	4078	1643	
474	2936	205	31	2935	2668	4036	1605	
459	2925	147	30	2902	2654	4054	1638	
465	2939	116	33	2921	2645	4040	1648	
454	2946	142	32	2944	2654	4045	1652	
475	2938	108	31	2921	2645	4031	1643	
417	2949	215	28	2954	2673	4078	1657	
430	2940	225	30	2921	2645	4078	1629	
479	2946	129	30	2944	2654	4022	1634	
426	2923	247	29	2921	2678	4087	1634	
472	2939	162	30	2926	2650	4035	1620	
472	2919	161	29	2926	2692	4040	1634	
450	2933	192	30	2921	2659	4059	1629	
455	2938	179	30	2954	2692	4045	1643	
481	2925	150	30	2921	2673	4031	1624	
477	2936	134	30	2921	2650	4031	1629	
474	2932	159	32	2926	2664	4035	1624	
439	2928	154	29	2921	2668	4068	1662	
441	2923	175	32	2921	2678	4068	1652	
474	2935	158	31	2921	2654	4035	1620	
476	2930	124	32	2930	2673	4031	1643	
446	2942	169	29	2921	2640	4059	1638	
436	2935	203	30	2916	2650	4073	1634	
448	2951	133	30	2959	2673	4045	1666	
473	2928	146	30	2926	2673	4036	1634	
470	2938	73	31	2912	2635	4035	1662	
446	2953	154	29	2930	2626	4054	1643	
449	2927	125	32	2912	2659	4059	1662	
465	2909	137	28	2912	2696	4050	1652	
449	2935	202	30	2930	2664	4059	1629	
427	2929	245	34	2935	2682	4082	1638	
448	2931	151	31	2893	2631	4064	1638	
481	2927	114	33	2907	2654	4031	1634	
474	2934	100	32	2926	2659	4031	1652	
432	2923	184	31	2912	2668	4078	1652	
441	2923	181	32	2898	2654	4073	1638	
467	2929	157	52	2907	2650	4045	1624	
472	2938	85	30	2930	2654	4031	1662	
436	2924	253	30	2926	2682	4078	1624	
439	2934	152	29	2930	2664	4064	1662	
453	2928	126	30	2921	2668	4054	1662	
430	2937	178	29	2930	2659	4073	1657	
450	2944	171	31	2926	2640	4054	1634	
481	2929	97	28	2921	2664	4027	1648	
465	2921	153	32	2926	2687	4045	1643	
473	2935	185	34	2935	2668	4035	1615	
454	2916	163	34	2916	2687	4059	1648	
456	2941	116	31	2935	2654	4045	1662	
458	2934	145	31	2912	2645	4050	1638	
463	2936	103	30	2930	2659	4040	1662	
425	2956	208	31	2944	2635	4073	1643	
434	3002	195	37	2944	2650	4036	1657	
451	2936	138	29	2921	2650	4054	1652	
461	2940	179	29	2930	2654	4045	1624	
480	2927	120	30	2912	2659	4031	1634	
462	2936	126	29	2912	2640	4045	1643	
411	2975	256	32	2912	2668	4068	1652	
439	2950	125	30	2930	2631	4059	1666	
426	2932	185	31	2912	2650	4082	1652	
465	2939	108	31	2944	2668	4035	1662	
437	2930	213	28	2921	2664	4073	1634	
469	2918	131	29	2907	2673	4045	1643	
454	2939	150	52	2926	2650	4050	1643	
419	2944	177	30	2926	2640	4082	1662	
455	2941	137	28	2916	2635	4050	1643	
462	2918	131	30	2912	2678	4050	1652	
446	2935	162	29	2926	2659	4059	1648	
471	2941	124	30	2916	2635	4035	1634	
487	2925	96	31	2926	2678	4022	1648	
439	2945	218	33	2940	2654	4064	1629	
435	2940	205	31	2940	2664	4068	1643	
461	2937	159	34	2898	2635	4027	1638	
438	2925	151	32	2902	2654	4073	1657	
447	2939	128	30	2935	2659	4054	1666	
455	2935	189	31	2921	2654	4054	1624	
431	2946	246	31	2959	2682	4068	1634	
422	2949	209	32	2940	2645	4078	1648	
476	2928	64	33	2921	2664	4031	1671	
451	2934	105	34	2935	2668	4050	1676	
470	2934	131	28	2930	2664	4036	1643	
430	2934	197	32	2916	2650	4078	1643	
451	2962	216	31	2916	2687	4036	1638	
463	2953	125	31	2935	2631	4036	1643	
454	2956	152	30	2959	2650	4040	1648	
424	2946	155	28	2916	2626	4078	1662	
483	2918	126	29	2912	2678	4031	1634	
483	2926	93	29	2916	2664	4027	1648	
442	2942	181	31	2944	2664	4059	1648	
455	2932	160	30	2916	2654	4054	1638	
419	2928	199	30	2926	2673	4087	1662	
474	2941	115	33	2921	2640	4031	1638	
459	2937	153	31	2935	2664	4045	1643	
442	2949	147	34	2949	2654	4054	1662	
427	2947	194	34	2940	2650	4073	1652	
475	2934	102	29	2921	2654	4031	1648	
428	2942	200	29	2916	2635	4078	1638	
463	2948	130	29	2944	2650	4036	1648	
462	2919	80	31	2898	2659	4050	1671	
479	2922	109	29	2921	2678	4031	1648	
473	2944	119	28	2926	2640	4031	1638	
469	2934	95	28	2930	2664	4035	1662	
485	2922	91	31	2912	2668	4027	1648	
456	2932	160	30	2930	2668	4050	1643	
452	2944	147	29	2912	2626	4054	1638	
476	2953	109	31	2944	2640	4022	1643	
475	2940	97	30	2912	2631	4031	1643	
472	2938	85	31	2930	2654	4031	1662	
469	2937	134	31	2935	2664	4035	1643	
468	2941	122	30	2926	2645	4036	1643	
469	2939	126	29	2930	2654	4035	1643	
475	2935	88	29	2916	2645	4031	1652	
451	2949	183	31	2944	2650	4050	1634	
463	2932	139	30	2921	2659	4045	1643	
465	2944	131	29	2944	2659	4035	1648	
425	2959	187	29	2968	2664	4064	1662	
470	2922	84	29	2912	2668	4040	1666	
477	2927	104	54	2926	2673	4031	1652	
468	2928	138	57	2926	2673	4040	1643	
427	2937	185	29	2902	2631	4082	1643	
432	2919	256	31	2907	2673	4087	1620	
423	2959	236	28	2959	2645	4073	1638	
480	2919	59	31	2912	2673	4031	1671	
465	2932	158	32	2916	2654	4045	1629	
463	2950	76	31	2926	2626	4036	1666	
439	2944	204	28	2916	2631	4068	1624	
471	2920	101	32	2912	2673	4040	1657	
472	2927	108	30	2930	2678	4035	1657	
426	2942	196	53	2926	2645	4078	1648	
425	2926	252	30	2926	2678	4087	1634	
478	2923	107	28	2926	2682	4031	1652	
418	2940	221	30	2930	2654	4087	1648	
471	2933	65	31	2907	2640	4036	1666	
455	2930	175	31	2921	2664	4054	1634	
470	2948	113	34	2930	2635	4031	1643	
459	2952	206	56	2959	2659	4040	1620	
443	2952	186	29	2954	2654	4054	1643	
463	2963	141	31	2954	2631	4031	1638	
463	2938	149	30	2940	2668	4040	1643	
470	2925	134	32	2921	2673	4040	1643	
438	2949	193	29	2930	2635	4064	1634	
463	2947	177	29	2940	2650	4040	1624	
427	2945	240	33	2935	2650	4078	1629	
458	2937	171	33	2921	2650	4050	1629	
433	2951	183	30	2930	2631	4068	1643	
439	2935	192	31	2921	2654	4068	1638	
483	2923	140	30	2912	2668	4031	1624	
470	2944	127	31	2940	2654	4031	1643	
468	2936	121	33	2930	2659	4036	1648	
426	2916	169	29	2916	2701	4082	1671	
491	2920	100	31	2912	2673	4022	1638	
478	2920	132	33	2912	2673	4035	1634	
412	2951	231	32	2944	2645	4087	1648	
468	2932	129	31	2921	2659	4040	1643	
398	2949	269	29	2935	2640	4106	1643	
459	2921	147	28	2926	2687	4050	1652	
447	2932	157	31	2926	2664	4059	1652	
458	2961	134	29	2954	2635	4036	1648	
482	2918	106	30	2916	2682	4031	1648	
477	2926	38	32	2912	2659	4031	1681	
454	2933	164	30	2940	2678	4050	1648	
441	2950	224	32	2954	2659	4059	1629	
470	2915	133	29	2907	2678	4045	1643	
463	2943	142	30	2930	2645	4040	1638	
460	2962	141	32	2940	2617	4036	1634	
463	2937	155	32	2916	2645	4045	1629	
456	2923	132	33	2916	2673	4054	1657	
467	2942	128	31	2940	2659	4035	1648	
454	2907	229	30	2902	2692	4068	1615	
438	2935	190	31	2926	2659	4068	1643	
465	2963	160	29	2949	2626	4031	1624	
439	2937	160	28	2930	2659	4064	1657	
499	2933	128	31	2944	2682	4008	1624	
Percentuale di fallimenti nel positioning: 6.2%
