Anchor0, 0x6e44, X: 0, Y: 0, Z: 0 
Anchor1, 0x6e7a, X: 0, Y: 5602, Z: 0 
Anchor2, 0x6e6c, X: 4099, Y: 4678, Z: 0 
Anchor3, 0x6939, X: 1936, Y: 3188, Z: 880 


#### UWB SETTINGS ####
Ranging protocol: PRECISION
Channel: 5
Bitrate: 6810 kb/s
PRF: 64 MHz
Preamble length: 1024 symbols
Gain: 11.5
######################


Misure in [mm] e [ms]

X	Y		Z	Dt	A0		A1		A2		A3	
488	2944	76	1538991492982	2940	2654	4013	1652	
425	2949	249	40	2944	2650	4078	1629	
459	2945	125	42	2916	2626	4045	1643	
458	2996	170	44	2916	2650	4013	1648	
473	2929	86	39	2912	2654	4035	1657	
483	2931	98	38	2907	2645	4027	1638	
480	2929	141	40	2916	2659	4031	1624	
488	2922	127	41	2907	2664	4027	1624	
472	2938	94	39	2930	2654	4031	1657	
461	2935	180	37	2935	2668	4045	1629	
476	2940	105	40	2912	2631	4031	1638	
482	2942	130	39	2935	2654	4022	1629	
413	2942	259	36	2921	2640	4096	1629	
438	2932	144	40	2916	2654	4068	1662	
427	2932	186	38	2907	2645	4082	1648	
438	2945	202	41	2940	2654	4064	1638	
466	2933	86	71	2935	2687	4036	1671	
482	2922	102	37	2907	2664	4031	1643	
429	2924	252	38	2912	2668	4087	1624	
474	2941	115	38	2921	2640	4031	1638	
489	2932	118	38	2912	2650	4022	1624	
431	2937	173	40	2926	2654	4073	1657	
464	2941	129	39	2926	2645	4040	1643	
404	3003	323	42	2926	2650	4073	1638	
447	2933	239	38	2930	2668	4064	1615	
417	2941	171	39	2912	2631	4087	1662	
469	2937	145	40	2935	2664	4036	1638	
471	2946	114	39	2930	2640	4031	1643	
446	2937	175	40	2930	2659	4059	1643	
441	2928	204	37	2926	2673	4068	1638	
457	2934	112	77	2912	2645	4050	1657	
439	2938	116	39	2916	2640	4064	1671	
455	2930	152	38	2916	2659	4054	1643	
473	2932	129	38	2921	2659	4035	1638	
463	2929	119	39	2916	2659	4045	1652	
450	2930	177	38	2921	2664	4059	1638	
455	2938	209	38	2926	2654	4054	1615	
477	2924	108	39	2907	2659	4035	1643	
470	2941	150	40	2930	2650	4035	1629	
436	2946	154	40	2930	2640	4064	1657	
467	2948	133	40	2926	2631	4036	1634	
404	3016	370	42	2926	2645	4073	1620	
436	2951	203	40	2944	2645	4064	1638	
457	2953	135	39	2944	2640	4040	1648	
450	2938	192	37	2944	2673	4054	1638	
482	2929	137	37	2907	2650	4031	1620	
426	2933	220	40	2926	2664	4082	1643	
447	2920	115	38	2898	2659	4064	1666	
461	2957	122	37	2944	2631	4035	1648	
459	2939	119	40	2921	2645	4045	1652	
473	2939	124	39	2935	2659	4031	1643	
457	2918	164	38	2898	2664	4059	1634	
472	2926	119	38	2902	2650	4040	1638	
483	2919	78	35	2898	2659	4031	1652	
472	2943	107	34	2930	2645	4031	1648	
482	2925	151	36	2916	2668	4031	1620	
479	2941	150	72	2930	2650	4027	1620	
461	2930	178	38	2916	2659	4050	1624	
476	2943	108	40	2930	2645	4027	1643	
448	2928	167	43	2926	2673	4059	1648	
467	2944	140	38	2935	2650	4036	1638	
465	2949	159	39	2940	2645	4036	1629	
467	2943	106	38	2921	2635	4036	1648	
474	2948	119	41	2935	2640	4027	1638	
442	2916	182	39	2902	2673	4073	1643	
474	2939	143	40	2930	2654	4031	1629	
467	2929	115	38	2921	2664	4040	1652	
446	2963	161	38	2940	2617	4050	1638	
472	2918	94	40	2912	2678	4040	1662	
479	2921	137	39	2907	2668	4036	1629	
482	2932	151	37	2926	2664	4027	1620	
444	2928	179	38	2907	2654	4068	1638	
442	2947	210	38	2949	2659	4059	1634	
463	2927	154	39	2902	2650	4050	1629	
434	2935	166	38	2912	2645	4073	1652	
449	2946	147	39	2940	2650	4050	1652	
459	2925	154	42	2902	2654	4054	1634	
461	2940	193	39	2935	2659	4045	1620	
449	2921	176	39	2907	2668	4064	1638	
432	2940	211	42	2930	2654	4073	1638	
472	2951	139	39	2926	2626	4031	1624	
479	2934	109	39	2926	2659	4027	1643	
446	2930	190	41	2898	2640	4068	1624	
406	2989	284	40	2898	2659	4073	1652	
439	2941	173	41	2930	2650	4064	1648	
452	2931	216	39	2926	2668	4059	1620	
476	2940	168	39	2930	2654	4031	1615	
436	2942	212	41	2935	2654	4068	1634	
464	2937	116	42	2926	2654	4040	1652	
490	2909	46	78	2893	2673	4027	1666	
429	2942	223	41	2921	2640	4078	1629	
439	2944	180	37	2930	2645	4064	1643	
449	2935	202	40	2930	2664	4059	1629	
449	2933	189	40	2926	2664	4059	1634	
486	2932	171	42	2916	2654	4027	1601	
479	2928	139	39	2921	2668	4031	1629	
472	2947	205	40	2930	2640	4036	1596	
492	2930	163	42	2916	2659	4022	1601	
444	2940	247	38	2921	2645	4068	1605	
458	2938	248	41	2930	2659	4054	1596	
427	2942	219	38	2930	2650	4078	1638	
463	2946	147	40	2930	2640	4040	1634	
470	2934	108	40	2926	2659	4035	1652	
473	2932	161	38	2907	2645	4040	1615	
446	2925	161	38	2912	2664	4064	1648	
472	2932	111	36	2921	2659	4035	1648	
473	2934	134	38	2921	2654	4035	1634	
464	2952	151	42	2916	2626	4017	1638	
446	2933	224	41	2926	2664	4064	1620	
429	2939	155	40	2926	2650	4073	1666	
478	2942	191	40	2930	2650	4031	1601	
440	2940	183	38	2930	2654	4064	1643	
406	2942	193	39	2921	2640	4096	1666	
473	2949	167	41	2935	2640	4031	1615	
482	2932	179	38	2916	2654	4031	1601	
447	2941	163	43	2916	2635	4059	1638	
442	2923	169	42	2916	2673	4068	1652	
442	2935	166	39	2940	2687	4059	1657	
450	2934	175	39	2916	2650	4059	1634	
419	2975	248	38	2916	2664	4059	1648	
467	2942	121	76	2935	2654	4035	1648	
481	2930	125	41	2930	2673	4027	1638	
475	2918	131	38	2907	2673	4040	1638	
469	2932	132	41	2916	2654	4040	1638	
482	2921	153	40	2921	2682	4031	1624	
473	2936	122	40	2912	2640	4035	1634	
476	2927	133	38	2907	2654	4036	1629	
388	3005	326	38	2907	2645	4087	1652	
456	2939	125	39	2912	2635	4050	1648	
472	2938	174	38	2926	2654	4036	1615	
474	2919	106	38	2902	2664	4040	1648	
430	2947	279	38	2940	2650	4078	1610	
472	2946	98	40	2944	2654	4027	1657	
502	2917	85	39	2912	2678	4013	1638	
469	2946	155	39	2930	2640	4035	1624	
456	2928	149	39	2912	2659	4054	1643	
440	2935	206	76	2926	2659	4068	1634	
472	2932	122	40	2921	2659	4036	1643	
430	2923	214	40	2916	2673	4082	1643	
446	2940	182	38	2930	2654	4059	1638	
433	2934	157	38	2912	2645	4073	1657	
467	2945	162	38	2940	2654	4036	1629	
484	2935	118	73	2935	2668	4022	1638	
446	2937	155	39	2921	2650	4059	1648	
485	2931	62	39	2921	2659	4022	1662	
450	2934	134	41	2902	2635	4059	1648	
444	2931	249	40	2930	2673	4068	1615	
447	2939	113	39	2930	2654	4054	1671	
424	2955	281	40	2940	2635	4082	1610	
460	2936	120	40	2921	2650	4045	1652	
452	2933	168	39	2930	2668	4054	1643	
465	2944	180	37	2935	2650	4040	1620	
462	2935	160	38	2926	2659	4045	1634	
465	2933	180	39	2921	2659	4045	1620	
476	2929	89	41	2921	2664	4031	1657	
461	2932	136	40	2926	2664	4045	1648	
474	2927	105	38	2912	2659	4036	1648	
454	2937	179	39	2921	2650	4054	1629	
486	2934	102	39	2921	2654	4022	1638	
422	2947	253	39	2940	2650	4082	1629	
474	2937	115	40	2926	2654	4031	1643	
490	2941	72	39	2935	2654	4013	1652	
475	2924	100	39	2912	2664	4036	1652	
433	2942	211	38	2926	2645	4073	1634	
480	2944	181	39	2930	2645	4027	1601	
470	2942	66	38	2930	2645	4031	1671	
472	2931	98	38	2916	2654	4035	1652	
476	2934	170	39	2916	2650	4035	1610	
427	2945	195	38	2940	2654	4073	1652	
469	2946	146	40	2921	2631	4036	1624	
452	2938	176	39	2926	2654	4054	1634	
440	3002	223	41	2926	2654	4031	1638	
435	2930	188	39	2921	2664	4073	1648	
488	2926	55	38	2912	2659	4022	1662	
441	2923	236	39	2921	2678	4073	1624	
453	2952	104	39	2921	2631	4022	1676	
460	2944	124	40	2916	2640	4022	1662	
482	2931	99	41	2916	2654	4027	1643	
418	2930	235	39	2921	2664	4092	1643	
446	2942	183	39	2926	2645	4059	1634	
481	2951	169	39	2944	2645	4022	1610	
453	2937	118	40	2926	2654	4050	1662	
477	2939	157	38	2921	2645	4031	1615	
474	2937	162	41	2944	2673	4031	1629	
473	2942	162	41	2940	2659	4031	1624	
443	2949	162	40	2926	2631	4059	1643	
439	2938	204	39	2926	2654	4068	1634	
425	2942	239	38	2944	2664	4078	1638	
490	2930	139	38	2916	2659	4022	1615	
460	2951	196	39	2930	2631	4045	1610	
471	2918	145	40	2926	2692	4040	1643	
492	2923	144	40	2916	2673	4022	1615	
484	2922	120	38	2902	2659	4031	1629	
458	2927	146	40	2902	2650	4054	1638	
477	2937	155	42	2926	2654	4031	1620	
470	2938	94	40	2916	2640	4035	1652	
479	2932	131	40	2916	2654	4031	1629	
476	2932	103	38	2921	2659	4031	1648	
442	2945	193	41	2921	2635	4064	1629	
477	2943	122	38	2907	2621	4031	1624	
439	2938	204	40	2926	2654	4068	1634	
426	2940	203	39	2930	2654	4078	1648	
464	2933	179	39	2926	2664	4045	1624	
439	2954	182	39	2944	2640	4059	1643	
487	2932	111	72	2921	2659	4022	1634	
428	3000	325	41	2921	2654	4050	1615	
438	2933	222	41	2916	2654	4073	1624	
475	2925	147	39	2898	2650	4040	1620	
432	2947	257	76	2944	2654	4073	1620	
456	2932	175	39	2916	2654	4054	1629	
466	2932	173	41	2916	2654	4045	1620	
453	2940	104	41	2916	2635	4050	1662	
478	2929	145	39	2907	2650	4035	1620	
472	2932	137	41	2921	2659	4036	1634	
480	2927	125	40	2916	2664	4031	1634	
419	2938	217	37	2926	2654	4087	1648	
433	2925	183	37	2907	2659	4078	1648	
484	2924	83	37	2912	2664	4027	1652	
443	2935	198	41	2926	2659	4064	1634	
467	2942	148	40	2935	2654	4036	1634	
451	2939	180	41	2930	2654	4054	1634	
476	2932	128	38	2907	2645	4035	1629	
473	2952	94	42	2930	2626	4027	1648	
461	2936	122	41	2916	2645	4045	1648	
447	2935	186	38	2930	2664	4059	1638	
475	2937	174	41	2921	2650	4035	1610	
459	2939	161	38	2935	2659	4045	1638	
476	2939	141	74	2921	2645	4031	1624	
442	2936	174	40	2902	2631	4068	1634	
442	2943	222	38	2935	2654	4064	1624	
445	2944	181	37	2926	2640	4059	1634	
452	2932	117	41	2916	2654	4054	1662	
435	2925	201	38	2907	2659	4078	1638	
448	2939	138	39	2930	2654	4054	1657	
471	2933	88	39	2916	2650	4035	1657	
481	2934	143	42	2907	2640	4031	1615	
429	2922	274	39	2921	2682	4087	1620	
446	2921	191	38	2907	2668	4068	1634	
491	2923	70	42	2902	2654	4022	1648	
466	2938	191	39	2940	2668	4040	1620	
484	2933	177	39	2926	2664	4027	1605	
463	2928	176	37	2935	2682	4045	1634	
458	2953	117	37	2935	2631	4040	1652	
453	2939	155	41	2916	2640	4054	1638	
423	2944	198	40	2916	2631	4082	1643	
432	2928	251	39	2916	2664	4082	1620	
465	2949	144	38	2935	2640	4036	1634	
466	2947	96	38	2921	2626	4036	1652	
438	2949	181	39	2926	2631	4064	1638	
474	2944	129	40	2921	2635	4031	1629	
472	2940	49	39	2921	2640	4031	1676	
467	2922	128	39	2907	2664	4045	1643	
474	2932	162	40	2921	2659	4036	1620	
477	2929	92	38	2916	2659	4031	1652	
495	2932	104	39	2930	2668	4013	1634	
485	2935	71	38	2916	2645	4022	1652	
472	2941	141	36	2916	2635	4035	1624	
471	2926	165	37	2926	2678	4040	1629	
481	2924	86	38	2902	2654	4031	1648	
478	2930	72	41	2907	2645	4031	1657	
478	2922	125	39	2907	2664	4035	1634	
480	2924	106	38	2912	2664	4031	1643	
454	2935	171	40	2921	2654	4054	1634	
456	2968	199	41	2921	2678	4027	1638	
444	2923	194	39	2916	2673	4068	1638	
484	2929	120	40	2912	2654	4027	1629	
454	2937	164	37	2916	2645	4054	1634	
450	2931	259	35	2926	2668	4064	1601	
458	2928	182	40	2912	2659	4054	1624	
475	2922	92	40	2912	2668	4036	1657	
478	2941	144	40	2912	2631	4031	1615	
440	2928	177	38	2898	2645	4073	1638	
513	2924	100	40	2902	2654	4003	1610	
448	2942	265	37	2930	2650	4064	1596	
463	2919	229	38	2898	2664	4059	1596	
476	2931	96	38	2921	2659	4031	1652	
432	2943	109	38	2921	2635	4068	1681	
477	2934	126	40	2921	2654	4031	1634	
475	2940	165	40	2935	2659	4031	1620	
492	2927	94	38	2926	2673	4017	1643	
473	2936	104	39	2930	2659	4031	1652	
407	3001	345	39	2930	2654	4073	1629	
446	2944	220	39	2916	2631	4064	1610	
458	2929	136	39	2916	2659	4050	1648	
481	2936	107	40	2912	2640	4027	1634	
465	2951	166	38	2940	2640	4036	1624	
433	2942	211	40	2926	2645	4073	1634	
444	2927	129	37	2907	2654	4064	1662	
468	2948	85	44	2935	2640	4031	1662	
403	2994	330	45	2935	2659	4078	1638	
435	2944	208	39	2912	2626	4073	1624	
477	2935	150	40	2926	2659	4031	1624	
477	2923	133	39	2912	2668	4036	1634	
482	2926	166	41	2921	2673	4031	1615	
435	2938	244	39	2935	2664	4073	1624	
485	2931	79	41	2921	2659	4022	1652	
469	2930	167	40	2930	2673	4040	1629	
430	2928	207	39	2907	2654	4082	1638	
473	2936	142	40	2921	2650	4035	1629	
476	2936	91	39	2912	2640	4031	1648	
453	2926	185	40	2912	2664	4059	1629	
494	2914	59	42	2902	2673	4022	1657	
488	2916	157	39	2902	2673	4031	1610	
471	2934	120	40	2921	2654	4036	1643	
438	2935	151	39	2935	2668	4064	1666	
486	2931	152	41	2940	2682	4022	1624	
481	2933	155	40	2935	2673	4027	1624	
445	2923	217	39	2921	2678	4068	1629	
470	2945	98	77	2930	2640	4031	1652	
473	2931	120	41	2912	2650	4036	1638	
472	2950	145	38	2930	2631	4031	1624	
469	2937	196	40	2930	2659	4040	1610	
432	2934	146	40	2916	2650	4073	1666	
465	2923	165	39	2902	2659	4050	1624	
465	2930	193	35	2930	2673	4045	1620	
477	2934	135	37	2921	2654	4031	1629	
480	2934	138	39	2930	2664	4027	1629	
442	2941	125	39	2926	2645	4059	1666	
496	2936	124	37	2921	2650	4013	1615	
482	2915	141	41	2902	2673	4035	1624	
471	2934	115	41	2916	2650	4036	1643	
408	3012	309	42	2916	2640	4064	1638	
462	2952	110	38	2935	2631	4036	1652	
447	2946	191	38	2921	2631	4059	1624	
477	2939	122	40	2912	2635	4031	1629	
440	2929	113	41	2902	2645	4068	1671	
475	2951	142	40	2935	2635	4027	1624	
437	2930	179	39	2907	2650	4073	1643	
447	2939	156	39	2916	2640	4059	1643	
433	2945	276	36	2926	2640	4078	1601	
474	2937	176	38	2921	2650	4036	1610	
487	2919	82	39	2902	2664	4027	1648	
483	2923	147	41	2912	2668	4031	1620	
467	2935	179	38	2935	2668	4040	1624	
421	2937	222	39	2916	2645	4087	1638	
466	2939	147	42	2926	2650	4040	1634	
486	2927	116	38	2907	2654	4027	1629	
465	2919	102	39	2888	2650	4050	1652	
435	2945	248	42	2930	2645	4073	1615	
430	2957	228	40	2954	2645	4068	1634	
456	2932	170	37	2912	2650	4054	1629	
474	2942	156	78	2935	2654	4031	1624	
472	2925	126	41	2907	2659	4040	1638	
450	2931	200	39	2926	2668	4059	1629	
477	2922	127	39	2907	2664	4036	1634	
477	2932	121	40	2921	2659	4031	1638	
442	2923	175	40	2893	2650	4073	1638	
481	2924	79	40	2902	2654	4031	1652	
488	2937	158	40	2921	2650	4022	1605	
455	2940	172	41	2930	2654	4050	1634	
478	2934	125	38	2912	2645	4031	1629	
452	2930	209	39	2921	2664	4059	1620	
443	2923	185	39	2916	2673	4068	1643	
477	2931	93	40	2912	2650	4031	1648	
466	2930	168	37	2916	2659	4045	1624	
461	2946	123	38	2930	2640	4040	1648	
490	2945	67	37	2926	2635	4013	1648	
487	2921	134	39	2912	2673	4027	1624	
491	2931	77	39	2921	2659	4017	1648	
463	2914	157	38	2898	2673	4054	1634	
485	2932	100	38	2926	2664	4022	1643	
494	2934	114	38	2912	2645	4017	1620	
464	2911	126	39	2912	2692	4050	1657	
428	2928	196	38	2912	2659	4082	1648	
456	2956	181	40	2935	2626	4045	1620	
442	2937	140	40	2907	2635	4064	1652	
476	2932	118	38	2926	2664	4031	1643	
489	2951	91	37	2959	2659	4008	1648	
465	2959	160	38	2954	2640	4031	1629	
439	2936	114	37	2921	2650	4064	1676	
477	2938	101	39	2907	2631	4031	1638	
479	2930	153	36	2926	2668	4031	1624	
478	2925	141	38	2907	2659	4035	1624	
410	2998	307	37	2907	2654	4068	1638	
474	2928	137	40	2926	2673	4035	1638	
474	2935	152	39	2921	2654	4035	1624	
474	2917	116	40	2902	2668	4040	1643	
460	2939	100	40	2912	2635	4045	1657	
483	2919	181	39	2902	2668	4036	1601	
446	2937	174	39	2902	2631	4064	1629	
450	2923	190	38	2907	2664	4064	1629	
468	2941	122	39	2926	2645	4036	1643	
474	2930	152	39	2926	2668	4035	1629	
480	2939	116	40	2921	2645	4027	1634	
447	2930	212	38	2921	2664	4064	1624	
490	2929	131	37	2916	2659	4022	1620	
415	2934	209	38	2916	2650	4092	1652	
441	2926	222	39	2912	2664	4073	1624	
468	2937	172	42	2944	2673	4036	1629	
442	2937	201	39	2930	2659	4064	1634	
483	2926	113	39	2898	2645	4031	1629	
475	2931	96	39	2898	2635	4036	1643	
471	2938	118	40	2916	2640	4035	1638	
472	2937	156	38	2926	2654	4035	1624	
469	2930	153	40	2898	2640	4045	1620	
488	2935	142	37	2921	2654	4022	1615	
448	2928	199	39	2916	2664	4064	1629	
477	2917	109	40	2888	2654	4040	1638	
450	2941	135	39	2921	2640	4054	1652	
453	2940	197	39	2930	2654	4054	1624	
481	2916	121	38	2898	2668	4036	1634	
473	2924	82	40	2912	2664	4036	1662	
453	2928	168	39	2907	2654	4059	1634	
443	2919	243	38	2898	2664	4078	1610	
465	2934	146	42	2907	2640	4045	1629	
447	2932	184	39	2907	2645	4064	1629	
456	2928	176	39	2921	2668	4054	1634	
464	2921	155	37	2907	2668	4050	1634	
471	2923	144	41	2921	2678	4040	1638	
456	2958	121	42	2926	2621	4017	1662	
485	2927	121	42	2912	2659	4027	1629	
434	2949	194	40	2930	2635	4068	1638	
490	2924	98	39	2912	2664	4022	1638	
456	2939	166	39	2926	2650	4050	1634	
446	2953	124	41	2940	2635	4050	1662	
464	2938	92	41	2921	2645	4040	1662	
454	2930	170	39	2902	2645	4059	1629	
443	2908	253	39	2893	2682	4082	1610	
450	2928	185	36	2926	2673	4059	1638	
437	2949	183	42	2935	2640	4064	1643	
440	2959	165	39	2954	2640	4054	1652	
450	2932	176	40	2916	2654	4059	1634	
469	2931	98	39	2907	2645	4040	1652	
439	2921	236	38	2907	2668	4078	1620	
469	2926	182	39	2912	2664	4045	1615	
431	2932	178	37	2907	2645	4078	1648	
435	2939	170	40	2926	2650	4068	1652	
496	2971	59	38	2926	2668	4013	1652	
480	2934	138	38	2930	2664	4027	1629	
497	2938	80	39	2935	2659	4008	1643	
465	2925	71	38	2902	2650	4045	1671	
446	2928	189	38	2921	2668	4064	1638	
453	2925	180	38	2888	2640	4064	1620	
436	2935	249	42	2912	2645	4078	1610	
432	2943	232	40	2935	2654	4073	1629	
451	2906	145	41	2888	2678	4068	1652	
468	2922	137	39	2907	2664	4045	1638	
451	2932	140	40	2883	2631	4035	1657	
453	2932	176	42	2902	2640	4059	1624	
473	2927	107	73	2921	2668	4035	1652	
438	2914	179	39	2898	2673	4078	1648	
480	2921	168	41	2912	2673	4036	1615	
449	2938	203	41	2926	2654	4059	1624	
473	2936	122	39	2912	2640	4035	1634	
480	2924	97	40	2912	2664	4031	1648	
471	2924	166	40	2926	2682	4040	1629	
471	2945	117	39	2912	2621	4035	1634	
478	2921	143	41	2912	2673	4036	1629	
474	2931	110	40	2912	2650	4035	1643	
454	2935	171	73	2940	2673	4050	1643	
483	2933	98	73	2902	2635	4027	1634	
485	2936	93	40	2921	2650	4022	1643	
435	2952	289	40	2940	2640	4073	1596	
425	2949	241	40	2921	2626	4082	1620	
485	2922	104	40	2916	2673	4027	1643	
447	2932	120	41	2916	2654	4059	1666	
449	2930	168	37	2921	2664	4059	1643	
435	2951	165	40	2935	2635	4064	1652	
485	2924	77	42	2907	2659	4027	1652	
480	2926	90	41	2907	2654	4031	1648	
435	2933	223	39	2930	2668	4073	1634	
473	2927	116	40	2921	2668	4036	1648	
461	2923	151	43	2879	2645	4031	1643	
444	2925	172	42	2907	2659	4068	1643	
455	2940	164	40	2930	2654	4050	1638	
481	2924	115	39	2912	2664	4031	1638	
445	2927	165	39	2916	2664	4064	1648	
422	3004	340	42	2916	2654	4059	1615	
474	2940	149	38	2935	2659	4031	1629	
477	2946	135	38	2926	2635	4027	1624	
496	2921	139	39	2926	2687	4017	1620	
469	2923	153	39	2907	2664	4045	1629	
487	2937	147	39	2926	2654	4022	1615	
463	2929	168	37	2902	2645	4050	1620	
472	2930	160	38	2912	2654	4040	1620	
475	2934	146	41	2916	2650	4035	1624	
414	2931	239	39	2935	2678	4092	1652	
454	2944	156	39	2926	2640	4050	1638	
459	2925	169	39	2907	2659	4054	1629	
498	2928	70	37	2912	2654	4013	1643	
460	2924	185	41	2912	2668	4054	1624	
444	2935	220	38	2912	2645	4068	1615	
436	2942	237	69	2921	2640	4073	1615	
484	2937	163	39	2888	2626	4003	1610	
Percentuale di fallimenti nel positioning: 3.2%
