Anchor0, 0x6e44, X: 0, Y: 0, Z: 0 
Anchor1, 0x6e7a, X: 0, Y: 5602, Z: 0 
Anchor2, 0x6e6c, X: 4099, Y: 4678, Z: 0 
Anchor3, 0x6939, X: 1936, Y: 3188, Z: 880 


#### UWB SETTINGS ####
Ranging protocol: PRECISION
Channel: 5
Bitrate: 850 kb/s
PRF: 64 MHz
Preamble length: 1536 symbols
Gain: 11.5
######################


Misure in [mm] e [ms]

X	Y		Z	Dt	A0		A1		A2		A3	
466	2941	113	1538991265579	2912	2631	4040	1643	
465	2947	180	51	2930	2640	4040	1615	
477	2939	127	51	2916	2640	4031	1629	
437	2930	199	48	2916	2659	4073	1638	
448	2940	166	48	2912	2635	4059	1634	
459	2911	182	49	2902	2682	4059	1629	
469	2945	195	51	2921	2635	4040	1601	
476	2937	148	49	2926	2654	4031	1624	
461	2932	157	52	2907	2645	4050	1629	
432	2943	239	52	2940	2659	4073	1629	
466	2921	237	50	2930	2692	4050	1605	
481	2947	154	50	2944	2654	4022	1620	
470	2942	144	50	2926	2645	4035	1629	
475	2928	162	49	2926	2673	4035	1624	
465	2938	169	47	2954	2692	4036	1638	
478	2923	119	94	2930	2687	4031	1648	
462	2931	190	51	2940	2682	4045	1629	
455	2930	175	49	2921	2664	4054	1634	
466	2933	162	48	2940	2678	4040	1638	
447	2947	180	45	2940	2650	4054	1638	
468	2939	107	46	2926	2650	4036	1652	
440	2958	212	51	2944	2631	4059	1624	
467	2958	148	50	2944	2631	4031	1629	
451	2946	172	50	2921	2631	4054	1629	
458	2968	186	50	2959	2626	4036	1620	
462	2914	258	50	2916	2692	4059	1596	
456	2938	112	48	2907	2631	4050	1652	
445	2933	230	50	2935	2673	4064	1624	
480	2942	196	51	2921	2640	4031	1591	
460	2938	210	95	2926	2654	4050	1610	
430	2952	233	97	2935	2635	4073	1624	
407	3021	286	53	2935	2626	4054	1638	
449	2951	189	50	2930	2631	4054	1624	
467	2937	155	50	2944	2687	4035	1638	
453	2933	200	51	2935	2673	4054	1629	
480	2930	147	50	2921	2664	4031	1624	
473	2935	158	48	2926	2659	4035	1624	
466	2928	182	51	2926	2673	4045	1624	
457	2946	136	50	2926	2635	4045	1643	
480	2926	168	96	2930	2682	4031	1620	
469	2942	208	52	2930	2650	4040	1601	
441	2949	158	50	2930	2635	4059	1648	
436	2940	192	50	2930	2654	4068	1643	
435	2943	256	50	2935	2654	4073	1615	
459	2938	271	49	2935	2664	4054	1587	
481	2939	114	92	2912	2635	4027	1629	
434	2959	234	50	2935	2621	4068	1615	
440	2945	227	49	2940	2654	4064	1624	
470	2938	212	52	2930	2659	4040	1601	
477	2916	163	50	2926	2711	4035	1629	
468	2931	189	49	2940	2682	4040	1624	
470	2951	184	50	2949	2650	4031	1615	
432	2957	275	50	2944	2635	4073	1605	
440	2926	234	50	2921	2673	4073	1624	
437	2932	186	53	2907	2645	4073	1638	
438	2935	174	52	2921	2654	4068	1648	
457	2933	169	48	2930	2668	4050	1638	
458	2921	168	49	2916	2678	4054	1638	
448	2919	282	49	2916	2682	4073	1596	
470	2948	104	50	2930	2635	4031	1648	
455	2962	236	49	2954	2635	4045	1601	
473	2940	91	49	2921	2640	4031	1652	
445	2938	231	51	2944	2687	4059	1624	
458	2951	214	49	2944	2645	4045	1610	
451	2937	151	51	2926	2654	4054	1648	
441	2940	200	50	2930	2654	4064	1634	
465	2939	98	51	2940	2664	4036	1666	
471	2939	151	49	2930	2654	4035	1629	
434	2957	263	52	2930	2621	4073	1601	
470	2944	160	49	2926	2640	4036	1620	
464	2950	83	48	2926	2626	4036	1662	
452	2946	94	50	2940	2650	4045	1676	
462	2942	166	50	2921	2640	4045	1624	
472	2924	92	50	2898	2650	4040	1652	
438	2966	188	100	2963	2635	4054	1643	
458	2945	185	49	2963	2687	4040	1638	
472	2937	128	52	2944	2673	4031	1648	
464	2953	98	50	2949	2645	4031	1662	
444	2939	140	50	2944	2682	4054	1666	
466	2941	113	48	2912	2631	4040	1643	
455	2923	118	51	2912	2668	4054	1662	
472	2933	70	46	2907	2640	4035	1662	
434	2947	246	52	2930	2640	4073	1615	
470	2928	168	50	2949	2706	4035	1638	
448	2951	166	51	2926	2626	4054	1634	
469	2928	175	49	2935	2682	4040	1629	
462	2930	167	51	2935	2678	4045	1638	
462	2925	115	49	2926	2678	4045	1662	
462	2938	210	51	2940	2668	4045	1615	
458	2928	173	49	2930	2678	4050	1638	
470	2926	120	50	2930	2696	4036	1652	
466	2930	154	49	2912	2654	4045	1629	
459	2931	203	52	2935	2678	4050	1624	
455	2928	181	48	2930	2678	4054	1638	
470	2920	128	51	2898	2659	4045	1638	
442	2937	153	51	2912	2640	4064	1648	
444	2941	163	51	2930	2650	4059	1648	
458	2953	185	49	2930	2626	4045	1615	
444	2931	194	50	2926	2668	4064	1638	
468	2954	93	51	2930	2621	4031	1652	
463	2944	132	50	2949	2664	4036	1652	
463	2929	217	49	2926	2673	4050	1610	
474	2923	148	48	2930	2687	4036	1638	
454	2942	149	49	2926	2645	4050	1643	
461	2943	150	49	2916	2631	4045	1629	
468	2920	121	49	2907	2668	4045	1648	
429	2949	194	49	2968	2682	4064	1662	
464	2932	137	49	2912	2650	4045	1638	
455	2937	166	49	2930	2659	4050	1638	
459	2930	210	49	2916	2659	4054	1610	
451	2952	178	48	2935	2635	4050	1629	
485	2937	113	48	2926	2654	4022	1634	
451	2924	180	48	2926	2682	4059	1643	
455	2940	164	52	2930	2654	4050	1638	
447	2931	191	49	2912	2654	4064	1629	
463	2927	111	51	2916	2664	4045	1657	
475	2939	182	50	2921	2645	4035	1605	
469	2951	159	49	2949	2650	4031	1629	
465	2932	115	50	2930	2668	4040	1657	
444	2935	192	51	2902	2635	4068	1624	
457	2920	143	48	2916	2678	4054	1652	
427	2937	219	49	2916	2645	4082	1634	
453	2948	141	50	2944	2650	4045	1652	
468	2928	201	50	2921	2668	4045	1610	
460	2942	216	50	2921	2640	4050	1601	
477	2927	168	49	2916	2664	4036	1615	
454	2930	159	51	2921	2664	4054	1643	
488	2921	199	49	2912	2673	4031	1591	
457	2935	193	51	2912	2645	4054	1615	
464	2921	214	51	2907	2668	4054	1605	
470	2942	186	49	2940	2659	4035	1615	
433	2998	215	53	2940	2650	4036	1648	
458	2955	110	50	2930	2621	4040	1652	
481	2919	203	51	2926	2692	4035	1605	
487	2909	150	48	2912	2696	4031	1624	
471	2937	178	49	2916	2645	4040	1610	
439	2933	217	51	2912	2650	4073	1624	
471	2916	131	51	2898	2668	4045	1638	
472	2935	140	48	2926	2659	4035	1634	
475	2937	146	51	2912	2640	4035	1620	
456	2928	124	50	2926	2673	4050	1662	
478	2909	136	49	2907	2692	4040	1638	
458	2953	108	50	2935	2631	4040	1657	
430	2937	218	49	2921	2650	4078	1634	
476	2919	153	51	2926	2692	4036	1634	
483	2930	154	51	2907	2650	4031	1610	
476	2930	124	49	2930	2673	4031	1643	
446	2931	224	49	2912	2654	4068	1615	
473	2926	116	52	2893	2640	4040	1634	
483	2904	141	50	2916	2711	4035	1638	
457	2940	191	49	2926	2650	4050	1620	
459	2940	202	51	2921	2645	4050	1610	
460	2943	175	49	2902	2617	4050	1610	
442	2945	208	51	2926	2640	4064	1624	
493	2937	140	50	2921	2650	4017	1610	
444	2942	178	51	2935	2654	4059	1643	
470	2928	169	50	2930	2678	4040	1629	
479	2935	180	49	2930	2664	4031	1610	
473	2925	156	52	2912	2664	4040	1624	
440	2947	224	49	2921	2631	4068	1615	
481	2937	142	48	2921	2650	4027	1620	
458	2922	124	49	2902	2659	4054	1652	
496	2923	131	52	2921	2678	4017	1620	
466	2931	196	49	2926	2668	4045	1615	
460	2924	170	48	2926	2682	4050	1638	
472	2956	207	49	2926	2617	4035	1587	
468	2918	164	50	2893	2659	4050	1620	
482	2927	132	51	2907	2654	4031	1624	
462	2918	131	49	2912	2678	4050	1652	
459	2934	166	52	2916	2650	4050	1629	
453	2942	184	50	2921	2640	4054	1624	
473	2927	135	49	2902	2650	4040	1629	
458	2925	166	48	2912	2664	4054	1634	
449	2935	190	53	2921	2654	4059	1629	
469	2916	175	50	2921	2692	4045	1629	
441	2930	150	48	2926	2668	4064	1662	
445	2944	181	50	2926	2640	4059	1634	
474	2933	89	48	2902	2635	4035	1648	
466	2947	170	46	2949	2659	4035	1629	
440	2941	182	42	2930	2650	4064	1643	
473	2939	170	47	2926	2650	4035	1615	
468	2949	135	50	2949	2654	4031	1643	
450	2945	238	50	2926	2640	4059	1601	
445	2926	238	139	2926	2678	4068	1620	
478	2928	166	49	2935	2682	4031	1624	
468	2921	172	49	2921	2682	4045	1629	
491	2923	156	49	2898	2654	4027	1601	
478	2932	175	48	2912	2650	4035	1605	
452	2944	147	51	2912	2626	4054	1638	
452	2951	158	50	2926	2626	4050	1634	
486	2909	161	51	2902	2687	4035	1615	
448	2949	173	50	2930	2635	4054	1634	
451	2927	164	48	2916	2664	4059	1643	
484	2918	172	49	2902	2668	4035	1605	
455	2949	137	48	2935	2640	4045	1648	
482	2914	140	49	2907	2682	4035	1629	
459	2946	174	48	2930	2640	4045	1624	
479	2931	91	50	2902	2640	4031	1643	
457	2959	212	49	2940	2626	4045	1605	
447	2989	241	52	2940	2659	4027	1624	
454	2939	150	52	2926	2650	4050	1643	
481	2936	120	52	2916	2645	4027	1629	
430	2942	251	52	2930	2650	4078	1620	
472	2933	54	50	2907	2640	4035	1671	
452	2919	194	50	2907	2673	4064	1629	
479	2934	133	50	2912	2645	4031	1624	
463	2916	154	88	2916	2687	4050	1643	
491	2930	148	50	2916	2659	4022	1610	
471	2925	159	49	2921	2673	4040	1629	
447	2930	171	49	2930	2673	4059	1648	
479	2918	158	49	2916	2682	4036	1624	
451	2930	144	51	2930	2673	4054	1657	
469	2930	182	51	2935	2678	4040	1624	
441	2940	220	51	2921	2645	4068	1620	
482	2908	96	50	2902	2687	4035	1652	
467	2922	85	51	2898	2654	4045	1662	
484	2912	141	51	2921	2701	4031	1634	
454	2941	143	51	2921	2640	4050	1643	
461	2940	190	49	2912	2635	4050	1610	
456	2937	170	99	2907	2635	4054	1624	
463	2938	183	50	2926	2654	4045	1620	
489	2906	117	50	2898	2687	4031	1634	
469	2941	129	48	2926	2645	4035	1638	
404	2987	314	49	2926	2664	4078	1643	
475	2934	132	52	2912	2645	4035	1629	
476	2930	139	49	2935	2678	4031	1638	
459	2944	174	51	2935	2650	4045	1629	
493	2919	81	49	2902	2664	4022	1643	
482	2923	159	52	2921	2678	4031	1620	
437	2956	203	48	2935	2626	4064	1629	
462	2932	154	51	2926	2664	4045	1638	
484	2921	149	49	2912	2673	4031	1620	
452	2930	202	51	2921	2664	4059	1624	
482	2916	165	49	2907	2678	4036	1615	
472	2939	145	50	2916	2640	4036	1624	
411	3010	330	51	2916	2645	4064	1629	
463	2937	155	50	2916	2645	4045	1629	
477	2936	134	50	2921	2650	4031	1629	
479	2935	81	51	2916	2645	4027	1652	
484	2922	120	51	2902	2659	4031	1629	
457	2937	185	50	2907	2635	4054	1615	
482	2935	160	48	2907	2640	4031	1605	
481	2936	105	50	2916	2645	4027	1638	
497	2902	168	49	2883	2682	4031	1596	
476	2932	103	50	2921	2659	4031	1648	
463	2944	164	51	2935	2650	4040	1629	
476	2916	168	50	2916	2687	4040	1624	
455	2949	178	48	2921	2626	4050	1620	
443	2925	111	49	2912	2664	4064	1676	
467	2910	221	98	2912	2696	4054	1610	
469	2944	139	51	2930	2645	4035	1634	
447	2946	150	53	2930	2640	4054	1648	
462	2945	154	48	2907	2617	4045	1620	
464	2914	171	62	2921	2696	4050	1638	
473	2931	105	49	2916	2654	4035	1648	
457	2939	184	50	2926	2650	4050	1624	
479	2929	117	49	2916	2659	4031	1638	
454	2930	179	48	2930	2673	4054	1638	
444	2941	163	51	2902	2621	4064	1634	
462	2923	207	50	2883	2640	4059	1596	
456	2928	176	49	2921	2668	4054	1634	
431	2929	244	50	2935	2682	4078	1634	
458	2947	197	51	2921	2631	4050	1610	
465	2930	193	50	2930	2673	4045	1620	
444	2937	145	51	2926	2654	4059	1657	
469	2933	201	50	2912	2650	4045	1601	
467	2930	199	49	2921	2664	4045	1610	
463	2936	128	51	2907	2635	4045	1638	
472	2941	133	50	2916	2635	4035	1629	
448	2933	211	51	2916	2654	4064	1620	
458	2941	150	48	2907	2626	4050	1629	
484	2932	134	48	2912	2650	4027	1620	
469	2925	131	51	2926	2678	4040	1648	
482	2910	138	51	2883	2664	4040	1620	
466	2912	173	50	2916	2696	4050	1634	
484	2918	148	50	2916	2682	4031	1624	
454	2926	159	51	2926	2678	4054	1648	
458	2927	141	48	2898	2645	4054	1638	
472	2921	225	49	2898	2659	4050	1587	
458	2951	158	91	2926	2626	4045	1629	
450	2946	137	49	2912	2621	4054	1643	
470	2941	140	51	2921	2640	4036	1629	
476	2917	129	48	2921	2706	4035	1643	
429	2949	254	51	2930	2635	4078	1615	
427	3008	257	52	2930	2640	4040	1634	
434	2947	216	51	2940	2650	4068	1634	
454	2942	149	50	2926	2645	4050	1643	
474	2929	142	51	2916	2659	4036	1629	
465	2935	187	49	2921	2654	4045	1615	
445	2943	133	54	2902	2626	4035	1666	
474	2947	178	48	2935	2645	4031	1610	
485	2918	114	49	2902	2668	4031	1634	
475	2934	132	50	2912	2645	4035	1629	
467	2942	148	49	2935	2654	4036	1634	
438	2940	212	49	2907	2631	4073	1620	
468	2946	161	51	2935	2645	4035	1624	
478	2911	83	48	2912	2692	4036	1666	
474	2922	143	50	2907	2664	4040	1629	
463	2944	161	48	2912	2626	4045	1620	
477	2921	116	52	2883	2640	4040	1629	
452	2928	169	51	2935	2682	4054	1648	
443	2947	285	50	2935	2645	4068	1591	
455	2935	180	49	2940	2673	4050	1638	
476	2940	112	49	2912	2631	4031	1634	
431	2930	242	49	2916	2659	4082	1624	
477	2941	140	50	2916	2635	4031	1620	
478	2926	158	50	2935	2687	4031	1629	
472	2940	67	50	2921	2640	4031	1666	
466	2936	127	51	2921	2650	4040	1643	
466	2919	198	48	2893	2659	4054	1605	
485	2940	179	51	2912	2635	4027	1591	
475	2931	119	50	2907	2645	4035	1634	
465	2925	117	50	2912	2664	4045	1652	
476	2921	147	50	2930	2692	4035	1638	
486	2928	122	52	2935	2682	4022	1638	
454	2939	179	49	2916	2640	4054	1624	
473	2934	113	49	2907	2640	4036	1638	
454	2951	141	49	2940	2640	4045	1648	
467	2909	172	50	2893	2678	4054	1624	
476	2924	104	51	2902	2654	4036	1643	
468	2938	206	48	2912	2640	4045	1596	
464	2955	116	52	2930	2621	4035	1643	
478	2939	137	49	2912	2635	4031	1620	
472	2912	104	50	2888	2664	4045	1648	
439	2942	217	51	2944	2664	4064	1634	
466	2950	106	48	2926	2626	4035	1648	
477	2922	97	51	2902	2659	4036	1648	
479	2919	163	50	2921	2687	4035	1624	
456	2940	224	51	2944	2668	4050	1615	
466	2916	202	50	2921	2692	4050	1620	
438	2930	194	49	2907	2650	4073	1634	
498	2927	96	50	2921	2668	4013	1634	
454	2931	202	50	2935	2678	4054	1629	
495	2930	153	92	2921	2664	4017	1605	
477	2935	169	49	2907	2640	4036	1605	
481	2927	150	50	2916	2664	4031	1620	
482	2917	211	51	2926	2696	4035	1601	
479	2946	187	51	2916	2626	4031	1591	
456	2942	167	50	2921	2640	4050	1629	
469	2932	204	49	2888	2626	4050	1587	
450	2953	183	50	2921	2617	4054	1620	
474	2935	150	50	2912	2645	4036	1620	
434	2937	185	50	2916	2645	4073	1643	
482	2915	107	48	2916	2687	4031	1648	
446	2945	213	48	2949	2678	4054	1629	
466	2921	204	48	2912	2673	4050	1610	
472	2931	132	49	2902	2640	4040	1629	
482	2936	153	51	2902	2631	4031	1605	
464	2923	172	48	2907	2664	4050	1624	
483	2924	106	51	2898	2650	4031	1634	
458	2942	206	49	2907	2626	4054	1601	
491	2915	211	49	2912	2687	4031	1587	
472	2919	181	50	2907	2673	4045	1615	
465	2920	132	95	2893	2654	4050	1638	
480	2920	103	49	2921	2682	4031	1652	
458	2933	209	50	2916	2654	4054	1610	
465	2939	131	48	2926	2650	4040	1643	
480	2925	156	50	2926	2678	4031	1624	
466	2948	147	48	2930	2635	4036	1629	
483	2935	175	50	2907	2640	4031	1596	
469	2945	176	50	2940	2654	4035	1620	
473	2945	168	52	2940	2654	4031	1620	
475	2951	192	48	2930	2631	4031	1596	
459	2926	212	51	2921	2673	4054	1615	
465	2944	146	49	2921	2635	4040	1629	
456	2937	189	50	2935	2664	4050	1629	
443	2940	217	48	2930	2654	4064	1624	
436	2952	197	48	2940	2640	4064	1638	
442	2945	265	48	2949	2664	4064	1610	
465	2909	153	51	2898	2682	4054	1638	
478	2922	109	51	2907	2664	4035	1643	
464	2941	129	50	2926	2645	4040	1643	
469	2928	141	49	2921	2668	4040	1638	
435	2924	257	52	2912	2668	4082	1615	
461	2939	151	49	2921	2645	4045	1634	
475	2949	174	49	2926	2631	4031	1605	
469	2946	138	49	2921	2631	4036	1629	
452	2935	139	49	2921	2654	4054	1652	
461	2935	153	49	2926	2659	4045	1638	
485	2922	110	51	2893	2650	4031	1629	
441	2951	171	50	2935	2635	4059	1643	
467	2952	156	50	2954	2654	4031	1634	
450	2960	140	49	2944	2626	4045	1648	
503	2916	137	50	2921	2692	4013	1615	
469	2944	181	49	2935	2650	4036	1615	
461	2918	159	52	2902	2668	4054	1634	
472	2940	114	94	2907	2626	4035	1634	
471	2940	168	50	2949	2687	4031	1629	
479	2909	169	53	2907	2692	4040	1620	
460	2917	200	53	2926	2696	4054	1629	
472	2939	125	50	2916	2640	4035	1634	
420	3028	383	49	2916	2631	4054	1601	
455	2955	232	51	2940	2635	4050	1601	
471	2937	163	51	2930	2659	4036	1624	
473	2930	172	49	2935	2678	4035	1624	
464	2938	79	51	2916	2640	4040	1666	
457	2945	219	48	2949	2678	4045	1615	
476	2932	127	51	2926	2664	4031	1638	
421	2997	318	51	2926	2659	4059	1624	
474	2928	179	50	2912	2659	4040	1610	
472	2943	95	50	2926	2640	4031	1652	
482	2920	129	48	2916	2678	4031	1634	
454	2940	208	50	2926	2650	4054	1615	
482	2925	146	50	2912	2664	4031	1620	
469	2943	113	49	2921	2635	4035	1643	
449	2916	173	48	2916	2687	4064	1648	
458	2935	207	52	2916	2650	4054	1610	
483	2907	166	48	2916	2706	4036	1624	
470	2932	132	53	2930	2668	4036	1643	
482	2927	158	48	2916	2664	4031	1615	
451	2914	202	50	2898	2673	4068	1624	
451	2946	148	51	2935	2645	4050	1648	
464	2930	186	51	2930	2673	4045	1624	
460	2932	168	97	2916	2654	4050	1629	
478	2938	206	49	2940	2668	4031	1601	
485	2921	180	52	2916	2678	4031	1605	
444	2938	261	98	2930	2659	4068	1605	
480	2932	155	50	2916	2654	4031	1615	
448	2957	223	51	2959	2650	4050	1620	
469	2937	116	52	2926	2654	4036	1648	
462	2930	143	49	2930	2673	4045	1648	
470	2934	150	48	2912	2645	4040	1624	
491	2934	114	50	2926	2659	4017	1629	
456	2939	166	51	2926	2650	4050	1634	
467	2943	130	51	2907	2621	4040	1629	
477	2936	99	49	2912	2640	4031	1643	
427	2938	199	50	2926	2654	4078	1648	
482	2935	160	52	2907	2640	4031	1605	
447	2946	191	46	2921	2631	4059	1624	
438	2942	215	44	2930	2650	4068	1629	
444	2942	172	44	2949	2682	4054	1652	
480	2919	114	43	2902	2664	4035	1638	
484	2909	137	48	2902	2687	4035	1629	
462	2945	251	51	2949	2664	4045	1596	
497	2937	196	51	2921	2650	4017	1577	
463	2948	141	49	2926	2631	4040	1634	
454	2935	186	91	2926	2659	4054	1629	
508	2933	88	50	2912	2645	4003	1620	
481	2920	97	49	2916	2678	4031	1652	
469	2957	142	48	2912	2598	4035	1615	
434	2938	251	51	2940	2668	4073	1624	
431	2950	226	51	2954	2659	4068	1638	
463	2934	148	50	2916	2650	4045	1634	
464	2921	176	48	2916	2678	4050	1629	
470	2931	171	50	2926	2668	4040	1624	
478	2922	118	50	2907	2664	4035	1638	
440	2986	241	47	2907	2659	4035	1629	
452	2963	167	50	2940	2617	4045	1629	
471	2934	147	50	2930	2664	4036	1634	
469	2927	253	48	2940	2692	4045	1596	
475	2934	146	50	2916	2650	4035	1624	
472	2949	184	50	2921	2626	4036	1601	
469	2933	256	50	2935	2673	4045	1587	
452	2942	227	49	2916	2635	4059	1601	
465	2923	179	49	2907	2664	4050	1620	
476	2931	210	49	2912	2654	4040	1591	
482	2928	188	49	2926	2673	4031	1605	
438	2936	234	51	2921	2654	4073	1620	
487	2934	162	49	2902	2635	4027	1596	
466	2954	208	51	2930	2626	4040	1596	
475	2944	145	48	2921	2635	4031	1620	
457	2937	191	51	2930	2659	4050	1624	
440	2947	253	51	2930	2640	4068	1605	
480	2931	225	49	2926	2668	4035	1587	
456	2932	133	50	2921	2659	4050	1652	
437	2961	215	50	2935	2617	4064	1620	
456	2937	183	51	2912	2640	4054	1620	
483	2908	91	50	2898	2682	4035	1652	
479	2942	208	99	2930	2650	4031	1591	
468	2929	238	51	2912	2659	4050	1587	
457	2947	222	49	2954	2664	4045	1615	
480	2909	155	51	2902	2687	4040	1624	
472	2930	180	49	2921	2664	4040	1615	
468	2928	222	52	2930	2678	4045	1605	
465	2931	213	50	2912	2654	4050	1601	
470	2932	143	50	2912	2650	4040	1629	
475	2932	156	47	2916	2654	4036	1620	
462	2910	237	49	2916	2701	4059	1610	
455	2959	176	52	2959	2645	4040	1634	
459	2916	148	49	2912	2682	4054	1648	
496	2926	196	50	2940	2692	4017	1596	
Percentuale di fallimenti nel positioning: 3.8%
