1 9740 1 9805 70021456
1 10565 1 9786 70029092
1 9740 1 9786 70036744
1 9740 1 9768 70044356
1 9758 1 9786 70051960
1 9731 1 9815 70059572
1 9786 1 9786 70067196
1 9740 1 9777 70074808
1 10490 1 9805 70082424
1 9777 1 9777 70090080
1 9805 1 9805 70097684
1 10199 1 9796 70105300
1 9684 1 9796 70112936
1 9684 1 9824 70120548
1 9693 1 9768 70128168
1 9656 1 9768 70135772
1 9675 1 9796 70143384
1 9675 1 9796 70151008
1 12825 1 9786 70158608
1 9703 1 9777 70166252
1 9712 1 9749 70173872
1 9693 1 9758 70181488
1 9721 1 9805 70189104
1 9721 1 9777 70196708
1 9703 1 9815 70204312
1 9740 1 9805 70211924
1 10199 1 9777 70219548
1 9675 1 9749 70227204
1 10162 1 9768 70234808
1 9721 1 9768 70242460
1 9646 1 9777 70250068
1 9703 1 9805 70257684
1 10134 1 9786 70265296
1 10227 1 9777 70272936
1 9749 1 9768 70280588
1 9703 1 9758 70288200
1 9731 1 9758 70295804
1 10162 1 9796 70303420
1 9703 1 9805 70311072
1 9656 1 9805 70318676
1 9684 1 9833 70326296
1 9656 1 9786 70333900
1 9731 1 9796 70341504
1 9712 1 9786 70349120
1 10171 1 9768 70356724
1 9740 1 9768 70364368
1 9637 1 9786 70371980
1 9712 1 9805 70379592
1 9731 1 9805 70387208
1 9721 1 9758 70394816
1 9693 1 9796 70402424
1 9731 1 9833 70410028
1 9740 1 9815 70417640
1 10190 1 9768 70425244
1 10171 1 9796 70432888
1 9731 1 9786 70440528
1 9703 1 9805 70448156
1 9712 1 9786 70455760
1 9693 1 9786 70463356
1 9721 1 9786 70470956
1 9665 1 9796 70478564
1 9693 1 9758 70486176
1 9758 1 9777 70493792
1 9740 1 9777 70501404
1 9721 1 9833 70509012
1 9758 1 9777 70516604
1 10171 1 9805 70524216
1 9703 1 9768 70531864
1 9712 1 9768 70539484
1 9749 1 9758 70547084
1 10180 1 9777 70554692
1 9786 1 9815 70562332
1 9740 1 9843 70569948
1 9693 1 9768 70577556
1 9796 1 9777 70585148
1 9740 1 9796 70592760
1 9703 1 9805 70600372
1 9684 1 9777 70608000
1 10162 1 9796 70615596
1 10180 1 9777 70623248
1 9693 1 9777 70630892
1 9712 1 9805 70638496
1 9712 1 9768 70646100
1 9684 1 9758 70653728
1 9675 1 9815 70661332
1 9721 1 9824 70668932
1 9749 1 9758 70676532
1 9758 1 9740 70684132
1 9693 1 9786 70691732
1 9740 1 9786 70699340
1 9740 1 9796 70706948
1 9740 1 9815 70714568
1 9721 1 9777 70722164
1 9712 1 9786 70729784
1 9749 1 9758 70737380
1 9703 1 9786 70744984
1 9740 1 9786 70752588
1 9693 1 9833 70760212
1 9712 1 9786 70767832
1 9731 1 9740 70775440
1 9721 1 9786 70783036
1 9721 1 9768 70790636
1 9693 1 9815 70798236
1 9740 1 9749 70805840
1 9758 1 9758 70813464
1 10190 1 9805 70821080
1 9712 1 9758 70828724
1 9731 1 9777 70836344
1 9731 1 9768 70843956
1 9740 1 9758 70851568
1 9656 1 9777 70859180
1 9740 1 9805 70866796
1 9740 1 9740 70874412
1 9712 1 9786 70882008
1 9740 1 9740 70889612
1 9712 1 9768 70897224
1 9731 1 9786 70904824
1 9777 1 9796 70912440
1 10162 1 9805 70920056
1 9740 1 9786 70927700
1 9712 1 9768 70935324
1 10152 1 9768 70942944
1 10180 1 9786 70950580
1 9758 1 9786 70958232
1 9758 1 9768 70965844
1 9693 1 9740 70973468
1 9693 1 9796 70981064
1 9675 1 9740 70988668
1 9712 1 9740 70996280
1 9712 1 9824 71003892
1 9740 1 9815 71011512
1 9703 1 9777 71019124
1 9749 1 9740 71026736
1 9656 1 9786 71034348
1 9703 1 9786 71041948
1 9731 1 9777 71049552
1 9749 1 9758 71057176
1 9712 1 9796 71064788
1 9684 1 9796 71072392
1 9721 1 9805 71079988
1 9758 1 9768 71087588
1 9712 1 9786 71095196
1 9703 1 9815 71102808
1 9749 1 9777 71110420
1 10162 1 9815 71118032
1 9703 1 9777 71125672
1 9712 1 9786 71133284
1 9740 1 9777 71140888
1 9740 1 9805 71148492
1 9721 1 9796 71156108
1 10162 1 9786 71163716
1 9703 1 9786 71171360
1 10199 1 9786 71178960
1 9712 1 9805 71186604
1 10152 1 9786 71194220
1 9758 1 9796 71201864
1 10134 1 9805 71209468
1 9703 1 9805 71217120
1 9675 1 9805 71224736
1 9675 1 9786 71232356
1 9684 1 9777 71239960
1 9656 1 9796 71247564
1 9721 1 9786 71255188
1 10162 1 9805 71262796
1 9731 1 9805 71270460
1 10143 1 9777 71278060
1 9712 1 9786 71285704
1 9731 1 9777 71293324
1 9693 1 9805 71300928
1 10143 1 9777 71308536
1 10162 1 9796 71316188
1 9777 1 9824 71323840
1 9740 1 9815 71331440
1 9721 1 9805 71339052
1 9731 1 9824 71346660
1 9749 1 9824 71354272
1 9703 1 9786 71361884
1 9740 1 9824 71369492
1 9703 1 9815 71377112
1 9656 1 9786 71384712
1 9693 1 9824 71392320
1 9693 1 9815 71399924
1 9740 1 9833 71407536
1 9693 1 9786 71415144
1 9590 1 9796 71422756
1 9684 1 9805 71430368
1 10152 1 9815 71437976
1 9656 1 9805 71445612
1 9749 1 9815 71453220
1 9740 1 9815 71460816
1 9712 1 9824 71468432
1 10105 1 9796 71476036
1 9721 1 9805 71483680
1 9712 1 9805 71491288
1 9684 1 9833 71498896
1 9656 1 9786 71506500
1 9758 1 9824 71514104
1 9693 1 9796 71521720
1 9703 1 9777 71529324
1 9712 1 9815 71536940
1 9740 1 9815 71544544
1 10537 1 9758 71552168
1 9703 1 9833 71559816
1 9675 1 9796 71567420
1 9721 1 9824 71575016
1 9618 1 9796 71582620
1 9684 1 9805 71590228
1 9731 1 9796 71597856
1 9721 1 9768 71605472
1 9703 1 9805 71613068
1 9721 1 9815 71620676
1 9731 1 9824 71628288
1 9590 1 9768 71635896
1 9740 1 9833 71643508
1 9712 1 9777 71651108
1 9731 1 9796 71658716
1 9684 1 9833 71666316
1 10509 1 9786 71673916
1 9721 1 9805 71681564
1 9637 1 9815 71689164
1 10528 1 9815 71696784
1 9646 1 9796 71704436
1 9721 1 9824 71712044
1 9740 1 9824 71719656
1 9646 1 9796 71727272
1 9786 1 9815 71734888
1 9712 1 9796 71742496
1 10180 1 9777 71750104
1 9768 1 9843 71757752
1 9740 1 9815 71765360
1 9684 1 9824 71772964
1 9740 1 9833 71780584
1 9721 1 9805 71788188
1 9731 1 9833 71795808
1 9684 1 9815 71803420
1 9768 1 9815 71811024
1 9712 1 9796 71818628
1 9749 1 9796 71826232
1 9703 1 9833 71833848
1 9740 1 9796 71841464
1 9786 1 9805 71849060
1 9703 1 9824 71856664
1 9721 1 9833 71864280
1 10199 1 9871 71871888
1 10190 1 9833 71879536
1 9740 1 9824 71887188
1 9703 1 9777 71894804
1 9675 1 9843 71902424
1 9712 1 9833 71910020
1 9665 1 9805 71917624
1 9731 1 9786 71925228
1 9712 1 9815 71932828
1 9740 1 9768 71940432
1 9721 1 9758 71948048
1 9740 1 9833 71955668
1 9731 1 9815 71963276
1 10190 1 9843 71970876
1 9749 1 9796 71978512
1 9731 1 9758 71986116
1 9740 1 9824 71993728
1 9777 1 9824 72001332
1 9740 1 9824 72008940
1 9703 1 9777 72016556
1 9758 1 9796 72024180
1 9786 1 9815 72031784
1 9740 1 9786 72039388
1 9721 1 9796 72047000
1 9712 1 9796 72054616
1 10171 1 9758 72062228
1 9684 1 9815 72069872
1 9740 1 9843 72077480
1 9684 1 9815 72085092
1 9693 1 9777 72092704
1 9656 1 9833 72100304
1 9740 1 9786 72107908
1 10190 1 9843 72115516
1 10152 1 9777 72123168
1 9684 1 9833 72130820
1 9712 1 9768 72138440
1 9712 1 9796 72146052
1 9740 1 9833 72153660
1 9740 1 9815 72161268
1 9749 1 9843 72168884
1 9768 1 9833 72176492
1 9740 1 9833 72184112
1 9758 1 9833 72191724
1 9805 1 9796 72199340
1 9712 1 9852 72206956
1 9693 1 9815 72214560
1 9758 1 9824 72222172
1 9758 1 9824 72229788
1 10180 1 9805 72237392
1 9777 1 9796 72245052
1 9712 1 9824 72252660
1 9731 1 9786 72260268
1 10162 1 9815 72267892
1 9637 1 9777 72275544
1 9721 1 9815 72283156
1 9712 1 9796 72290764
1 9731 1 9796 72298364
1 9768 1 9805 72305976
1 9618 1 9805 72313576
1 9721 1 9796 72321192
1 9693 1 9824 72328812
1 9758 1 9805 72336428
1 9703 1 9824 72344036
1 9693 1 9796 72351632
1 9749 1 9852 72359248
1 10162 1 9824 72366852
1 9786 1 9749 72374504
1 9712 1 9805 72382128
1 9740 1 9815 72389728
1 9721 1 9796 72397332
1 9740 1 9824 72404944
1 9768 1 9815 72412548
1 9665 1 9805 72420156
1 9712 1 9805 72427764
1 9646 1 9786 72435372
1 9675 1 9786 72442984
1 9684 1 9805 72450596
1 9703 1 9786 72458196
1 9693 1 9824 72465800
1 9665 1 9796 72473408
1 9712 1 9815 72481020
1 9768 1 9805 72488632
1 9684 1 9796 72496244
1 9758 1 9786 72503848
1 9721 1 9824 72511452
1 9693 1 9805 72519080
1 9675 1 9815 72526684
1 9703 1 9796 72534288
1 10124 1 9786 72541900
1 9712 1 9833 72549560
1 9721 1 9824 72557168
1 9684 1 9805 72564768
1 9740 1 9805 72572376
1 9637 1 9786 72579976
1 9703 1 9786 72587580
1 9721 1 9805 72595184
1 10162 1 9824 72602808
1 9712 1 9786 72610460
1 10152 1 9815 72618080
1 9768 1 9786 72625712
1 9740 1 9805 72633316
1 9684 1 9786 72640936
1 9721 1 9805 72648556
1 9712 1 9824 72656164
1 9740 1 9796 72663760
1 9740 1 9796 72671372
1 9758 1 9777 72678980
1 10171 1 9777 72686588
1 9684 1 9786 72694244
1 9721 1 9786 72701848
1 9712 1 9796 72709460
1 9721 1 9805 72717064
1 12815 1 9786 72724676
1 9749 1 9805 72732324
1 9684 1 9833 72739936
1 9675 1 9815 72747536
1 9665 1 9805 72755144
1 9703 1 9843 72762752
1 9665 1 9824 72770360
1 9721 1 9786 72777968
1 9731 1 9815 72785572
1 10171 1 9786 72793196
1 9703 1 9805 72800824
1 10143 1 9805 72808432
1 9665 1 9796 72816100
1 9721 1 9805 72823700
1 9693 1 9740 72831316
1 10143 1 9796 72838936
1 9684 1 9796 72846584
1 9675 1 9768 72854196
1 9703 1 9768 72861808
1 9712 1 9805 72869408
1 9721 1 9796 72877012
1 9740 1 9777 72884620
1 10152 1 9768 72892224
1 9693 1 9805 72899872
1 9712 1 9796 72907484
1 9675 1 9815 72915084
1 9628 1 9749 72922688
1 9684 1 9786 72930292
1 9665 1 9768 72937908
1 9628 1 9786 72945520
1 9721 1 9786 72953140
1 9721 1 9805 72960732
1 10162 1 9824 72968348
1 9656 1 9786 72975992
1 10180 1 9777 72983596
1 10152 1 9749 72991244
1 9721 1 9777 72998884
1 9693 1 9796 73006500
1 9740 1 9786 73014112
1 10180 1 9768 73021708
1 9712 1 9777 73029360
1 9693 1 9805 73036976
1 9712 1 9815 73044580
1 9712 1 9768 73052200
1 9656 1 9824 73059796
1 9712 1 9805 73067404
1 9703 1 9768 73075012
1 9768 1 9758 73082624
1 9693 1 9758 73090240
1 9665 1 9777 73097856
1 9740 1 9786 73105460
1 9684 1 9786 73113084
1 9740 1 9786 73120688
1 9740 1 9777 73128292
1 9703 1 9777 73135904
1 9712 1 9786 73143520
1 9758 1 9824 73151116
1 9693 1 9786 73158724
1 9721 1 9749 73166316
1 9703 1 9786 73173928
1 10143 1 9786 73181528
1 9693 1 9805 73189180
1 9675 1 9796 73196804
1 9749 1 9786 73204400
1 9675 1 9768 73212020
1 10171 1 9777 73219636
1 9684 1 9749 73227280
1 9684 1 9777 73234888
1 9665 1 9796 73242492
1 9693 1 9796 73250104
1 9684 1 9758 73257712
1 9749 1 9758 73265320
1 10115 1 9740 73272932
1 10105 1 9777 73280580
1 9740 1 9749 73288228
1 10124 1 9786 73295828
1 9684 1 9768 73303468
1 9740 1 9758 73311080
1 10152 1 9805 73318692
1 9731 1 9777 73326336
1 9712 1 9786 73333948
1 9740 1 9740 73341552
1 9731 1 9805 73349164
1 9721 1 9815 73356772
1 9721 1 9777 73364376
1 10180 1 9805 73371984
1 9731 1 9786 73379636
1 9740 1 9796 73387236
1 9675 1 9768 73394848
1 9646 1 9805 73402456
1 9768 1 9786 73410056
1 9637 1 9796 73417660
1 9703 1 9740 73425264
1 9721 1 9777 73432864
1 9618 1 9796 73440480
1 9703 1 9786 73448080
1 9721 1 9815 73455696
1 9740 1 9777 73463292
1 10180 1 9796 73470900
1 9731 1 9777 73478552
1 9740 1 9786 73486156
1 9703 1 9749 73493768
1 9684 1 9805 73501384
1 9740 1 9796 73509000
1 9740 1 9786 73516608
1 9731 1 9777 73524212
1 9675 1 9758 73531820
1 9675 1 9815 73539444
1 9712 1 9768 73547052
1 9703 1 9777 73554660
1 9749 1 9786 73562280
1 10152 1 9796 73569896
1 9703 1 9805 73577544
1 9684 1 9805 73585140
1 9731 1 9833 73592740
1 9777 1 9815 73600348
1 9703 1 9796 73607960
1 9693 1 9805 73615580
1 9805 1 9786 73623188
1 10162 1 9786 73630780
1 9703 1 9805 73638428
1 9703 1 9805 73646036
1 9637 1 9824 73653640
1 10180 1 9786 73661260
1 9786 1 9815 73668912
1 9740 1 9815 73676516
1 9712 1 9768 73684140
1 9675 1 9796 73691752
1 10134 1 9786 73699368
1 9721 1 9758 73707008
1 9656 1 9786 73714616
1 9693 1 9805 73722224
1 9749 1 9768 73729832
1 9665 1 9768 73737436
1 9675 1 9777 73745040
1 9777 1 9768 73752644
1 9712 1 9805 73760260
1 9628 1 9833 73767864
1 9731 1 9815 73775468
1 9684 1 9786 73783064
1 9675 1 9768 73790676
1 9721 1 9815 73798272
1 9721 1 9815 73805880
1 9749 1 9796 73813476
1 9665 1 9815 73821080
1 9712 1 9843 73828688
1 9712 1 9815 73836316
1 9646 1 9777 73843928
1 9777 1 9768 73851528
1 9665 1 9843 73859124
1 9712 1 9833 73866724
1 9665 1 9796 73874324
1 9684 1 9805 73881936
1 9731 1 9824 73889536
1 9768 1 9815 73897160
1 9749 1 9796 73904764
1 9749 1 9805 73912372
1 9749 1 9805 73919972
1 9703 1 9777 73927572
1 9731 1 9805 73935180
1 10143 1 9805 73942808
1 9721 1 9768 73950468
1 9721 1 9796 73958072
1 10162 1 9796 73965680
1 9721 1 9805 73973332
1 9796 1 9796 73980948
1 9721 1 9815 73988556
1 9712 1 9796 73996160
1 9712 1 9833 74003760
1 9740 1 9805 74011368
1 9740 1 9824 74018988
1 9703 1 9824 74026612
1 9665 1 9805 74034216
1 9768 1 9805 74041828
1 9740 1 9805 74049432
1 9693 1 9786 74057036
1 9712 1 9815 74064664
1 9758 1 9824 74072272
1 10162 1 9805 74079880
1 9684 1 9815 74087536
1 9703 1 9796 74095128
1 9721 1 9824 74102744
1 9731 1 9824 74110344
1 9693 1 9796 74117948
1 9656 1 9777 74125560
1 9740 1 9768 74133164
1 9703 1 9796 74140784
1 9749 1 9805 74148400
1 10134 1 9777 74155988
1 9675 1 9768 74163652
1 9712 1 9786 74171256
1 10152 1 9824 74178860
1 9768 1 9805 74186516
1 9675 1 9824 74194128
1 9665 1 9796 74201732
1 9731 1 9786 74209344
1 9703 1 9833 74216944
1 10180 1 9796 74224552
1 9712 1 9786 74232208
1 9693 1 9777 74239804
1 9703 1 9758 74247424
1 10162 1 9796 74255036
1 9693 1 9805 74262692
1 9712 1 9796 74270308
1 9656 1 9805 74277924
1 9721 1 9777 74285532
1 9731 1 9824 74293140
1 9740 1 9786 74300752
1 10134 1 9796 74308376
1 9693 1 9796 74316024
1 9721 1 9815 74323636
1 9684 1 9777 74331244
1 9712 1 9805 74338844
1 9721 1 9815 74346456
1 9740 1 9815 74354064
1 9712 1 9824 74361684
1 9693 1 9833 74369288
1 9637 1 9824 74376896
1 9721 1 9815 74384512
1 10134 1 9796 74392116
1 9703 1 9805 74399768
1 10199 1 9786 74407376
1 10143 1 9777 74415008
1 9758 1 9805 74422648
1 9693 1 9796 74430252
1 9731 1 9815 74437860
1 10115 1 9805 74445468
1 9768 1 9768 74453116
1 9637 1 9786 74460720
1 9665 1 9796 74468328
1 9777 1 9824 74475940
1 9665 1 9824 74483556
1 9703 1 9786 74491176
1 9637 1 9777 74498772
1 9740 1 9796 74506388
1 9721 1 9824 74513996
1 9740 1 9824 74521620
1 9731 1 9805 74529224
1 9721 1 9796 74536832
1 9665 1 9805 74544440
1 9721 1 9815 74552056
1 9721 1 9805 74559660
1 9721 1 9768 74567280
1 9656 1 9796 74574876
1 9721 1 9768 74582480
1 9721 1 9786 74590076
1 9712 1 9777 74597688
1 9712 1 9833 74605300
1 9712 1 9796 74612928
1 9740 1 9786 74620528
1 9675 1 9786 74628152
1 10180 1 9786 74635748
1 9693 1 9786 74643392
1 9618 1 9824 74651004
1 10180 1 9796 74658604
1 9656 1 9805 74666248
1 9721 1 9805 74673864
1 9628 1 9758 74681480
1 9712 1 9786 74689100
1 9693 1 9777 74696708
1 10199 1 9796 74704324
1 9703 1 9786 74711972
1 9721 1 9796 74719576
1 9703 1 9786 74727196
1 9712 1 9758 74734804
1 9712 1 9777 74742404
1 10171 1 9786 74750008
1 9684 1 9768 74757644
1 9684 1 9786 74765240
1 9684 1 9805 74772848
1 9693 1 9777 74780452
1 9703 1 9777 74788064
1 9721 1 9749 74795664
1 9721 1 9777 74803272
1 10143 1 9796 74810884
1 9703 1 9805 74818524
1 9731 1 9777 74826136
1 9740 1 9786 74833752
1 9675 1 9796 74841372
1 9665 1 9786 74848976
1 9693 1 9815 74856580
1 9721 1 9824 74864180
1 9712 1 9805 74871804
1 9618 1 9768 74879416
1 9749 1 9749 74887032
1 9749 1 9749 74894640
1 9703 1 9786 74902256
1 9740 1 9824 74909868
1 9684 1 9796 74917476
1 9731 1 9768 74925088
1 9712 1 9815 74932688
1 9768 1 9777 74940288
1 10143 1 9777 74947904
1 9721 1 9805 74955548
1 9749 1 9777 74963156
1 10143 1 9786 74970764
1 9618 1 9777 74978400
1 9721 1 9815 74986004
1 9703 1 9777 74993612
1 9684 1 9796 75001220
1 10162 1 9768 75008820
1 9684 1 9786 75016476
1 9646 1 9758 75024084
1 9703 1 9805 75031700
1 9749 1 9758 75039304
1 9684 1 9786 75046904
1 9665 1 9768 75054520
1 10162 1 9796 75062132
1 9731 1 9824 75069780
1 9656 1 9786 75077408
1 9731 1 9777 75085020
1 9712 1 9768 75092628
1 9693 1 9805 75100228
1 9731 1 9796 75107840
1 9712 1 9796 75115452
1 10152 1 9786 75123056
1 9721 1 9768 75130692
1 9684 1 9749 75138312
1 9758 1 9768 75145924
1 10190 1 9786 75153552
1 9675 1 9805 75161196
1 9712 1 9824 75168800
1 9693 1 9815 75176400
1 9721 1 9815 75183996
1 9665 1 9824 75191612
1 10171 1 9824 75199220
1 9665 1 9805 75206864
1 9786 1 9768 75214476
1 9684 1 9796 75222068
1 10152 1 9768 75229672
1 9721 1 9805 75237308
1 9740 1 9786 75244928
1 9740 1 9768 75252532
1 10143 1 9805 75260144
1 9721 1 9824 75267796
1 9740 1 9796 75275416
1 9712 1 9777 75283024
1 9721 1 9824 75290644
1 9656 1 9786 75298248
1 9693 1 9796 75305848
1 9749 1 9805 75313456
1 9712 1 9786 75321064
1 9712 1 9768 75328676
1 9740 1 9843 75336288
1 9684 1 9777 75343904
1 9740 1 9777 75351504
1 9740 1 9805 75359108
1 9749 1 9777 75366720
1 9712 1 9805 75374324
1 9675 1 9777 75381928
1 9721 1 9796 75389540
1 9675 1 9786 75397148
1 9703 1 9786 75404760
1 9740 1 9777 75412372
1 9721 1 9786 75419980
1 9684 1 9749 75427604
1 10105 1 9758 75435216
1 9805 1 9796 75442860
1 9749 1 9758 75450476
1 10134 1 9786 75458068
1 9740 1 9768 75465716
1 9693 1 9768 75473332
1 9721 1 9786 75480952
1 10162 1 9777 75488560
1 9712 1 9786 75496220
1 9731 1 9777 75503832
1 9758 1 9796 75511440
1 9684 1 9805 75519044
1 9712 1 9768 75526648
1 9731 1 9768 75534256
1 10162 1 9786 75541876
1 9768 1 9777 75549508
1 9740 1 9824 75557124
1 9703 1 9786 75564728
1 9684 1 9824 75572332
1 9693 1 9786 75579956
1 9740 1 9777 75587556
1 10180 1 9758 75595176
1 9740 1 9796 75602840
1 9693 1 9805 75610452
1 9712 1 9786 75618060
1 9684 1 9758 75625664
1 9740 1 9786 75633272
1 9740 1 9786 75640880
1 9731 1 9777 75648484
1 9749 1 9768 75656088
1 9731 1 9768 75663692
1 9712 1 9796 75671320
1 9693 1 9768 75678936
1 9740 1 9815 75686532
1 9721 1 9815 75694136
1 9758 1 9749 75701736
1 9731 1 9786 75709340
1 9731 1 9768 75716948
1 9646 1 9768 75724564
1 9721 1 9805 75732176
1 9703 1 9805 75739788
1 9768 1 9749 75747388
1 9721 1 9796 75754988
1 9731 1 9758 75762592
1 9740 1 9805 75770208
1 9721 1 9768 75777816
1 9703 1 9749 75785424
1 9693 1 9786 75793036
1 9693 1 9758 75800644
1 9777 1 9796 75808236
1 9731 1 9786 75815840
1 9703 1 9815 75823452
1 9712 1 9777 75831068
1 9740 1 9833 75838676
1 9712 1 9796 75846276
1 9665 1 9777 75853876
1 9712 1 9796 75861504
1 9749 1 9796 75869104
1 9693 1 9796 75876712
1 9731 1 9786 75884316
1 9740 1 9796 75891936
1 9684 1 9758 75899544
1 9712 1 9824 75907152
1 9740 1 9768 75914768
1 9693 1 9777 75922384
1 9749 1 9758 75929988
1 9684 1 9768 75937592
1 9731 1 9777 75945208
1 9740 1 9777 75952824
1 10190 1 9805 75960432
1 9749 1 9777 75968080
1 9712 1 9796 75975692
1 9703 1 9796 75983312
1 9731 1 9833 75990912
1 9740 1 9786 75998516
1 9740 1 9777 76006124
1 9777 1 9786 76013736
1 9609 1 9824 76021344
1 9721 1 9805 76028964
1 9665 1 9768 76036568
1 9740 1 9758 76044180
1 9740 1 9815 76051788
1 9675 1 9768 76059420
1 9675 1 9815 76067036
1 9740 1 9796 76074640
1 9712 1 9777 76082244
1 9740 1 9777 76089856
1 9712 1 9768 76097460
1 9703 1 9824 76105076
1 9712 1 9805 76112684
1 9684 1 9824 76120292
1 9721 1 9777 76127896
1 9712 1 9796 76135508
1 9703 1 9815 76143112
1 9675 1 9815 76150716
1 9721 1 9777 76158332
1 9721 1 9777 76165932
1 9712 1 9768 76173536
1 9703 1 9815 76181136
1 9703 1 9805 76188736
1 9731 1 9768 76196332
1 10162 1 9796 76203940
1 9740 1 9786 76211592
1 9740 1 9824 76219196
1 10171 1 9815 76226812
1 10171 1 9796 76234452
1 9693 1 9796 76242108
1 9721 1 9815 76249716
1 9731 1 9824 76257304
1 9712 1 9805 76264916
1 9740 1 9796 76272508
1 9749 1 9796 76280116
1 9768 1 9824 76287724
1 9758 1 9786 76295332
1 10171 1 9786 76302948
1 9749 1 9805 76310600
1 9768 1 9777 76318204
1 9703 1 9768 76325808
1 10152 1 9815 76333420
1 9721 1 9805 76341056
1 9600 1 9786 76348668
1 9749 1 9740 76356272
1 9712 1 9796 76363876
1 9731 1 9777 76371492
1 9721 1 9796 76379096
1 9628 1 9777 76386712
1 9777 1 9796 76394312
1 9703 1 9786 76401928
1 9758 1 9796 76409524
1 9693 1 9777 76417124
1 9758 1 9796 76424724
1 9684 1 9796 76432352
1 9740 1 9768 76439960
1 9721 1 9777 76447580
1 9646 1 9758 76455180
1 9665 1 9815 76462804
1 9721 1 9758 76470432
1 9731 1 9777 76478040
1 9786 1 9805 76485656
1 9712 1 9786 76493268
1 9684 1 9758 76500860
1 9675 1 9777 76508480
1 9646 1 9796 76516084
1 9740 1 9777 76523696
1 9712 1 9796 76531316
1 10162 1 9777 76538916
1 9721 1 9777 76546552
1 9768 1 9805 76554152
1 9675 1 9768 76561764
1 9740 1 9786 76569368
1 9721 1 9796 76576984
1 9684 1 9833 76584592
1 9731 1 9768 76592200
1 9749 1 9796 76599808
1 9675 1 9768 76607416
1 9731 1 9777 76615024
1 9675 1 9777 76622628
1 9740 1 9768 76630244
1 10143 1 9786 76637840
1 9693 1 9786 76645484
1 9675 1 9768 76653092
1 9712 1 9796 76660692
1 9703 1 9824 76668304
1 9740 1 9777 76675908
1 9656 1 9786 76683516
1 9712 1 9796 76691136
1 9731 1 9768 76698756
1 9665 1 9796 76706356
1 9758 1 9796 76713972
1 9721 1 9796 76721588
1 9721 1 9786 76729196
1 9609 1 9805 76736816
1 9721 1 9786 76744424
1 9665 1 9749 76752036
1 9693 1 9758 76759652
1 9675 1 9796 76767268
1 9646 1 9749 76774876
1 9721 1 9758 76782488
1 9731 1 9786 76790096
1 9749 1 9749 76797716
1 9675 1 9749 76805324
1 10152 1 9786 76812924
1 9684 1 9815 76820568
1 9703 1 9796 76828172
1 9731 1 9796 76835772
1 9628 1 9768 76843376
1 9675 1 9777 76850980
1 9693 1 9777 76858588
1 9749 1 9749 76866196
1 9693 1 9758 76873800
1 9758 1 9805 76881408
1 9684 1 9749 76889012
1 9740 1 9796 76896624
1 9731 1 9777 76904220
1 10143 1 9786 76911832
1 9749 1 9758 76919476
1 9712 1 9749 76927092
1 9721 1 9786 76934696
1 9749 1 9786 76942288
1 10180 1 9786 76949896
1 9712 1 9749 76957540
1 9740 1 9768 76965160
1 9684 1 9805 76972760
1 9703 1 9768 76980376
1 9721 1 9796 76987988
1 9731 1 9786 76995604
1 9721 1 9740 77003212
1 9684 1 9796 77010812
1 9721 1 9796 77018416
1 9703 1 9796 77026024
1 9721 1 9768 77033652
1 9703 1 9758 77041264
1 9675 1 9768 77048864
1 9665 1 9777 77056476
1 9749 1 9768 77064080
1 9768 1 9768 77071696
1 10209 1 9758 77079316
1 9721 1 9805 77086968
1 9675 1 9796 77094576
1 9768 1 9796 77102180
1 10171 1 9796 77109788
1 9703 1 9777 77117432
1 9731 1 9805 77125040
1 9731 1 9786 77132648
1 9693 1 9758 77140268
1 9740 1 9777 77147864
1 9703 1 9749 77155492
1 10152 1 9777 77163100
1 9740 1 9786 77170752
1 9693 1 9749 77178364
1 9721 1 9824 77185972
1 9712 1 9777 77193580
1 9703 1 9786 77201196
1 9665 1 9805 77208796
1 9712 1 9786 77216408
1 9693 1 9768 77224008
1 9758 1 9758 77231620
1 9628 1 9786 77239232
1 9684 1 9824 77246840
1 9684 1 9815 77254444
1 9675 1 9796 77262060
1 9712 1 9768 77269652
1 9665 1 9758 77277264
1 9665 1 9786 77284872
1 9731 1 9777 77292472
1 9703 1 9768 77300088
1 10105 1 9758 77307688
1 9712 1 9777 77315340
1 9731 1 9815 77322940
1 10134 1 9786 77330556
1 9703 1 9749 77338208
1 9675 1 9786 77345820
1 9684 1 9758 77353424
1 9749 1 9768 77361024
1 9693 1 9815 77368636
1 9646 1 9777 77376244
1 9675 1 9786 77383860
1 9656 1 9749 77391472
1 9731 1 9796 77399088
1 9740 1 9786 77406692
1 10152 1 9749 77414296
1 9703 1 9768 77421944
1 10124 1 9796 77429544
1 10171 1 9768 77437192
1 9703 1 9768 77444832
1 9740 1 9786 77452440
1 9721 1 9786 77460052
1 10162 1 9805 77467668
1 9712 1 9796 77475316
1 9749 1 9815 77482928
1 9721 1 9768 77490536
1 10162 1 9815 77498148
1 9721 1 9777 77505800
1 10171 1 9805 77513408
1 10152 1 9824 77521068
1 9703 1 9796 77528720
1 9721 1 9815 77536324
1 9731 1 9805 77543936
1 9740 1 9805 77551540
1 9693 1 9796 77559156
1 9675 1 9815 77566756
1 9703 1 9749 77574372
1 9693 1 9805 77581976
1 9740 1 9805 77589572
1 10162 1 9796 77597184
1 9665 1 9796 77604828
1 9740 1 9777 77612448
1 10162 1 9777 77620068
1 9693 1 9796 77627704
1 9703 1 9768 77635324
1 9628 1 9758 77642936
1 9712 1 9740 77650544
1 9656 1 9777 77658160
1 9656 1 9805 77665768
1 9684 1 9758 77673364
1 9665 1 9758 77680976
1 9703 1 9796 77688584
1 9740 1 9805 77696196
1 9693 1 9740 77703796
1 9749 1 9805 77711408
1 9777 1 9758 77719012
1 9703 1 9786 77726620
1 9703 1 9768 77734228
1 9740 1 9796 77741852
1 9721 1 9796 77749468
1 9665 1 9796 77757064
1 9712 1 9796 77764672
1 10134 1 9786 77772268
1 9656 1 9796 77779916
1 9712 1 9796 77787528
1 9749 1 9768 77795124
1 9703 1 9777 77802748
1 9675 1 9786 77810360
1 9731 1 9815 77817972
1 9721 1 9786 77825572
1 9684 1 9768 77833172
1 9768 1 9786 77840780
1 9721 1 9815 77848376
1 9693 1 9768 77855992
1 9740 1 9824 77863608
1 9731 1 9805 77871200
1 9675 1 9805 77878800
1 9712 1 9815 77886408
1 9712 1 9777 77894020
1 9786 1 9815 77901632
1 9665 1 9796 77909240
1 9721 1 9796 77916852
1 9693 1 9768 77924476
1 9693 1 9824 77932080
1 9703 1 9796 77939680
1 10162 1 9815 77947288
1 9703 1 9805 77954940
1 9628 1 9824 77962552
1 9703 1 9805 77970164
1 9721 1 9815 77977784
1 9731 1 9805 77985392
1 9721 1 9805 77993004
1 9721 1 9796 78000600
1 9712 1 9786 78008208
1 9721 1 9786 78015816
1 9740 1 9824 78023436
1 9693 1 9786 78031048
1 9646 1 9786 78038648
1 9721 1 9796 78046256
1 9675 1 9758 78053852
1 9703 1 9786 78061460
1 9731 1 9824 78069068
1 9637 1 9805 78076692
1 9684 1 9786 78084308
1 9721 1 9749 78091904
1 9731 1 9777 78099508
1 9675 1 9796 78107108
1 10143 1 9796 78114708
1 10143 1 9805 78122356
1 9665 1 9777 78130000
1 9703 1 9796 78137600
1 9693 1 9833 78145216
1 9656 1 9777 78152824
1 9675 1 9805 78160428
1 9656 1 9786 78168036
1 10105 1 9777 78175640
1 9731 1 9805 78183296
1 9721 1 9815 78190916
1 9646 1 9786 78198528
1 9675 1 9796 78206144
1 9693 1 9824 78213744
1 9712 1 9749 78221356
1 9656 1 9796 78228964
1 9703 1 9796 78236572
1 9721 1 9796 78244184
1 9740 1 9758 78251808
1 9749 1 9786 78259420
1 9731 1 9815 78267024
1 9731 1 9805 78274624
1 9740 1 9833 78282220
1 9693 1 9805 78289840
1 9675 1 9777 78297456
1 9609 1 9796 78305056
1 9740 1 9833 78312684
1 9758 1 9796 78320304
1 9749 1 9777 78327916
1 9665 1 9796 78335512
1 9731 1 9833 78343112
1 9675 1 9796 78350732
1 9665 1 9833 78358324
1 9590 1 9815 78365936
1 9712 1 9786 78373564
1 9693 1 9749 78381160
1 9749 1 9815 78388764
1 9703 1 9824 78396364
1 9740 1 9786 78403968
1 9721 1 9805 78411568
1 9712 1 9796 78419192
1 9693 1 9796 78426804
1 9684 1 9749 78434424
1 9656 1 9777 78442032
1 9740 1 9777 78449632
1 9740 1 9824 78457252
1 9703 1 9805 78464860
1 9740 1 9786 78472476
1 9675 1 9786 78480084
1 9665 1 9796 78487692
1 9712 1 9786 78495312
1 9740 1 9758 78502920
1 9721 0 0 78510528
1 9758 1 9768 78518668
1 9675 1 9786 78526272
1 10171 1 9758 78533880
1 9703 1 9768 78541536
1 10171 1 9749 78549152
1 9712 1 9786 78556820
1 9721 1 9796 78564420
1 10152 1 9758 78572040
1 9693 1 9805 78579684
1 9796 1 9815 78587304
1 9693 1 9786 78594916
1 9684 1 9805 78602532
1 9712 1 9796 78610136
1 9703 1 9805 78617764
1 9712 1 9815 78625376
1 9740 1 9805 78632996
1 9768 1 9786 78640592
1 9665 1 9796 78648204
1 9646 1 9805 78655812
1 10152 1 9777 78663416
1 9703 1 9796 78671072
1 9731 1 9796 78678668
1 9684 1 9786 78686276
1 9693 1 9815 78693880
1 9740 1 9805 78701488
1 9731 1 9777 78709100
1 9712 1 9768 78716700
1 9712 1 9740 78724312
1 9693 1 9768 78731916
1 9693 1 9768 78739520
1 9731 1 9833 78747112
1 9749 1 9749 78754724
1 9758 1 9777 78762328
1 9693 1 9796 78769940
1 9749 1 9805 78777556
1 10171 1 9777 78785152
1 10134 1 9796 78792796
1 9684 1 9796 78800444
1 9675 1 9786 78808048
1 9749 1 9824 78815664
1 10171 1 9777 78823264
1 9693 1 9796 78830912
1 9721 1 9768 78838516
1 9684 1 9749 78846132
1 9684 1 9758 78853744
1 9693 1 9786 78861348
1 9721 1 9824 78868952
1 9656 1 9796 78876568
1 9703 1 9815 78884172
1 9721 1 9796 78891796
1 9731 1 9777 78899396
1 9675 1 9786 78906996
1 10152 1 9815 78914612
1 9731 1 9758 78922252
1 9656 1 9824 78929852
1 9721 1 9758 78937464
1 9731 1 9777 78945072
1 10124 1 9777 78952688
1 9740 1 9768 78960344
1 9712 1 9815 78967952
1 9703 1 9786 78975564
1 9618 1 9768 78983168
1 10143 1 9786 78990792
1 9693 1 9777 78998436
1 9712 1 9786 79006040
1 10115 1 9796 79013656
1 9740 1 9786 79021316
1 9703 1 9777 79028916
1 9703 1 9796 79036536
1 9740 1 9805 79044132
1 9731 1 9768 79051732
1 9731 1 9768 79059344
1 9628 1 9805 79066940
1 9684 1 9777 79074544
1 9665 1 9815 79082168
1 9712 1 9815 79089776
1 9693 1 9777 79097392
1 9684 1 9824 79104992
1 9749 1 9786 79112608
1 10143 1 9758 79120232
1 9740 1 9805 79127868
1 9684 1 9749 79135476
1 9693 1 9777 79143092
1 9703 1 9796 79150712
1 9721 1 9768 79158320
1 9693 1 9749 79165916
1 9796 1 9758 79173512
1 9684 1 9777 79181132
1 9693 1 9768 79188760
1 9675 1 9805 79196376
1 9693 1 9777 79203980
1 10190 1 9768 79211588
1 9675 1 9805 79219240
1 9758 1 9768 79226840
1 10134 1 9758 79234448
1 9805 1 9786 79242104
1 9712 1 9786 79249720
1 9693 1 9786 79257320
1 9712 1 9777 79264932
1 10171 1 9786 79272548
1 10162 1 9768 79280208
1 9712 1 9777 79287844
1 9703 1 9824 79295456
1 9703 1 9805 79303068
1 9693 1 9786 79310680
1 9703 1 9805 79318284
1 9731 1 9777 79325900
1 9693 1 9796 79333516
1 9740 1 9796 79341128
1 9646 1 9768 79348728
1 9675 1 9815 79356348
1 9712 1 9768 79363960
1 9712 1 9777 79371568
1 9656 1 9777 79379176
1 9740 1 9786 79386788
1 9721 1 9786 79394400
1 9749 1 9805 79402024
1 10152 1 9768 79409632
1 9646 1 9758 79417272
1 9684 1 9777 79424884
1 9703 1 9805 79432484
1 9703 1 9768 79440108
1 10171 1 9786 79447728
1 9740 1 9786 79455396
1 9693 1 9777 79463016
1 10134 1 9777 79470620
1 9684 1 9805 79478260
1 9665 1 9758 79485872
1 9740 1 9777 79493476
1 9693 1 9786 79501084
1 9740 1 9749 79508700
1 9740 1 9786 79516300
1 9703 1 9740 79523916
1 9703 1 9777 79531520
1 9675 1 9805 79539128
1 9703 1 9768 79546744
1 10115 1 9749 79554336
1 9796 1 9796 79561996
1 10152 1 9815 79569604
1 9637 1 9805 79577264
1 9703 1 9768 79584876
1 10180 1 9815 79592480
1 9656 1 9768 79600120
1 9712 1 9768 79607724
1 9684 1 9815 79615332
1 9758 1 9758 79622944
1 9758 1 9777 79630560
1 9731 1 9805 79638160
1 9740 1 9786 79645768
1 9740 1 9805 79653376
1 9656 1 9768 79660980
1 9786 1 9786 79668592
1 9693 1 9786 79676188
1 9712 1 9777 79683804
1 9693 1 9815 79691404
1 10518 1 9786 79699012
1 9693 1 9758 79706652
1 9721 1 9815 79714260
1 9740 1 9777 79721872
1 9740 1 9815 79729472
1 10171 1 9796 79737084
1 9740 1 9777 79744732
1 9721 1 9796 79752344
1 9703 1 9805 79759964
1 9721 1 9786 79767576
1 9768 1 9786 79775180
1 9740 1 9805 79782776
1 9740 1 9796 79790392
1 9731 1 9777 79798004
1 9684 1 9758 79805616
1 9712 1 9786 79813228
1 9740 1 9815 79820832
1 9665 1 9758 79828436
1 9805 1 9777 79836032
1 9805 1 9805 79843636
1 9740 1 9824 79851236
1 9740 1 9768 79858860
1 9703 1 9786 79866476
1 9758 1 9786 79874080
1 9712 1 9749 79881688
1 9693 1 9777 79889292
1 9675 1 9777 79896908
1 10190 1 9768 79904532
1 9768 1 9768 79912184
1 9703 1 9786 79919800
1 9665 1 9796 79927408
1 9703 1 9758 79935004
1 9721 1 9777 79942616
1 9693 1 9786 79950228
1 9777 1 9805 79957824
1 10180 1 9824 79965436
1 9684 1 9740 79973076
1 9703 1 9777 79980692
1 10171 1 9740 79988300
1 9703 1 9740 79995944
1 9712 1 9777 80003548
1 9712 1 9758 80011172
1 9656 1 9777 80018768
1 9675 1 9796 80026396
1 9675 1 9777 80034008
1 9721 1 9796 80041612
1 9749 1 9796 80049216
1 9703 1 9815 80056812
1 9731 1 9758 80064416
1 9703 1 9786 80072028
1 9693 1 9796 80079636
1 10190 1 9805 80087244
1 9712 1 9768 80094888
1 9740 1 9786 80102496
1 9712 1 9768 80110100
1 10180 1 9749 80117700
1 9749 1 9786 80125356
1 9703 1 9796 80132976
1 10162 1 9749 80140580
1 9731 1 9758 80148224
1 9693 1 9796 80155832
1 10152 1 9768 80163440
1 9721 1 9777 80171088
1 9637 1 9786 80178696
1 9721 1 9777 80186308
1 9703 1 9815 80193916
1 10143 1 9777 80201516
1 9675 1 9815 80209164
1 9740 1 9805 80216776
1 9731 1 9786 80224392
1 9703 1 9815 80232000
1 9721 1 9768 80239600
1 9656 1 9796 80247220
1 9712 1 9805 80254844
1 9749 1 9805 80262448
1 10218 1 9777 80270044
1 9693 1 9796 80277704
1 9731 1 9768 80285304
1 10096 1 9777 80292908
1 9721 1 9796 80300544
1 9758 1 9786 80308156
1 9740 1 9815 80315764
1 9731 1 9768 80323372
1 9703 1 9805 80330984
1 9712 1 9786 80338580
1 9665 1 9749 80346184
1 9721 1 9758 80353800
1 9758 1 9796 80361404
1 10152 1 9777 80369016
1 9712 1 9796 80376656
1 9698 1 9796 80384260
1 9679 1 9805 80391872
1 9717 1 9758 80399472
1 9782 1 9805 80407084
1 10120 1 9740 80414692
1 9679 1 9786 80422348
1 9745 1 9815 80429956
1 10148 1 9786 80437560
1 10138 1 9786 80445216
1 9707 1 9805 80452868
1 9689 1 9805 80460472
1 9744 1 9777 80468084
1 9707 1 9777 80475688
1 9670 1 9796 80483284
1 9689 1 9796 80490896
1 9717 1 9833 80498500
1 9763 1 9815 80506112
1 9679 1 9740 80513720
1 9642 1 9758 80521340
1 9707 1 9786 80528948
1 9726 1 9786 80536568
1 9707 1 9768 80544184
1 9717 1 9786 80551808
1 9679 1 9740 80559416
1 9726 1 9786 80567028
1 9698 1 9777 80574644
1 9698 1 9815 80582256
1 9698 1 9815 80589868
1 9745 1 9805 80597468
1 9651 1 9805 80605076
1 9698 1 9768 80612692
1 9689 1 9824 80620292
1 9726 1 9777 80627920
1 9707 1 9815 80635520
1 9698 1 9815 80643124
1 10138 1 9796 80650728
1 10148 1 9786 80658368
1 9726 1 9805 80666016
1 9670 1 9815 80673620
1 9717 1 9758 80681224
1 9717 1 9768 80688836
1 9679 1 9777 80696460
1 9736 1 9758 80704064
1 10166 1 9768 80711668
1 9726 1 9758 80719324
1 9679 1 9777 80726936
1 9689 1 9740 80734540
1 9707 1 9786 80742164
1 9754 1 9777 80749776
1 9698 1 9758 80757388
1 9707 1 9777 80764984
1 9717 1 9740 80772600
1 9707 1 9796 80780208
1 9679 1 9758 80787816
1 9707 1 9815 80795428
1 9717 1 9777 80803036
1 10176 1 9777 80810640
1 9698 1 9796 80818288
1 10185 1 9777 80825888
1 9717 1 9777 80833544
1 9632 1 9805 80841156
1 9745 1 9805 80848764
1 9670 1 9796 80856384
1 9745 1 9777 80863984
1 9717 1 9777 80871596
1 9679 1 9786 80879220
1 9712 1 9796 80886816
1 9712 1 9777 80894416
1 9758 1 9786 80902020
1 9703 1 9777 80909632
1 9684 1 9758 80917244
1 9656 1 9768 80924860
1 9646 1 9805 80932464
1 9758 1 9786 80940084
1 9703 1 9815 80947672
1 9731 1 9777 80955280
1 9740 1 9740 80962880
1 9712 1 9786 80970496
1 9656 1 9796 80978112
1 9712 1 9796 80985716
1 9712 1 9768 80993328
1 9740 1 9749 81000944
1 9712 1 9796 81008540
1 9721 1 9768 81016156
1 9675 1 9796 81023764
1 9740 1 9786 81031380
1 9703 1 9786 81038980
1 9731 1 9815 81046584
1 9675 1 9796 81054180
1 9665 1 9777 81061796
1 10171 1 9805 81069396
1 9693 1 9796 81077056
1 9740 1 9786 81084672
1 9731 1 9796 81092284
1 9740 1 9815 81099908
1 9665 1 9758 81107508
1 9684 1 9815 81115124
1 9731 1 9768 81122736
1 9693 1 9805 81130352
1 9675 1 9768 81137968
1 9786 1 9768 81145572
1 9703 1 9796 81153196
1 10180 1 9796 81160812
1 9768 1 9768 81168468
1 9646 1 9768 81176068
1 9684 1 9815 81183668
1 9749 1 9768 81191288
1 9721 1 9768 81198900
1 9665 1 9796 81206516
1 9712 1 9768 81214128
1 9656 1 9749 81221728
1 9693 1 9777 81229328
1 9731 1 9740 81236940
1 9703 1 9805 81244556
1 9712 1 9786 81252156
1 9684 1 9749 81259776
1 9712 1 9786 81267376
1 9703 1 9796 81274984
1 9712 1 9805 81282584
1 9740 1 9786 81290188
1 9684 1 9749 81297808
1 9731 1 9749 81305416
1 9703 1 9777 81313024
1 9721 1 9777 81320636
1 9712 1 9796 81328244
1 9740 1 9786 81335860
1 9712 1 9777 81343456
1 9740 1 9777 81351068
1 9768 1 9777 81358676
1 9712 1 9805 81366284
1 9693 1 9749 81373888
1 9684 1 9777 81381508
1 9740 1 9777 81389108
1 9684 1 9777 81396708
1 9731 1 9777 81404324
1 9703 1 9777 81411932
1 9721 1 9768 81419540
1 10152 1 9777 81427144
1 9758 1 9796 81434800
1 9703 1 9786 81442416
1 9665 1 9786 81450016
1 9693 1 9768 81457620
1 9628 1 9777 81465224
1 9740 1 9758 81472832
1 9684 1 9768 81480436
1 9712 1 9786 81488052
1 9684 1 9786 81495672
1 9646 1 9758 81503280
1 9703 1 9786 81510876
1 10162 1 9786 81518484
1 9693 1 9758 81526132
1 9703 1 9786 81533736
1 9740 1 9786 81541348
1 9777 1 9786 81548944
1 9703 1 9833 81556548
1 9758 1 9740 81564168
1 9684 1 9777 81571768
1 10180 1 9758 81579376
1 9731 1 9768 81587016
1 9768 1 9786 81594632
1 9721 1 9758 81602240
1 9740 1 9749 81609860
1 9740 1 9758 81617460
1 9684 1 9740 81625076
1 9740 1 9796 81632692
1 9684 1 9796 81640312
1 9712 1 9768 81647920
1 9712 1 9824 81655532
1 9693 1 9749 81663144
1 10143 1 9777 81670760
1 9665 1 9768 81678404
1 9749 1 9796 81686000
1 9731 1 9796 81693604
1 9693 1 9768 81701220
1 9675 1 9777 81708832
1 9721 1 9740 81716448
1 9712 1 9786 81724056
1 9740 1 9777 81731664
1 10124 1 9777 81739272
1 9721 1 9777 81746916
1 9684 1 9777 81754532
1 10134 1 9786 81762144
1 9703 1 9749 81769792
1 9703 1 9758 81777400
1 9786 1 9758 81785008
1 9721 1 9749 81792620
1 9675 1 9768 81800224
1 9693 1 9786 81807836
1 9740 1 9768 81815436
1 9721 1 9796 81823048
1 9637 1 9758 81830668
1 9740 1 9786 81838280
1 9693 1 9740 81845892
1 9703 1 9786 81853488
1 9731 1 9796 81861092
1 9637 1 9824 81868704
1 9693 1 9768 81876316
1 9731 1 9758 81883928
1 9703 1 9815 81891548
1 9693 1 9796 81899152
1 9740 1 9815 81906764
1 9749 1 9796 81914372
1 10171 1 9768 81921984
1 9712 1 9796 81929620
1 9684 1 9796 81937220
1 9740 1 9786 81944832
1 9693 1 9796 81952428
1 9731 1 9796 81960036
1 9703 1 9758 81967644
1 9675 1 9758 81975244
1 9712 1 9768 81982856
1 9768 1 9777 81990472
1 9712 1 9768 81998076
1 10124 1 9758 82005684
1 9675 1 9740 82013332
1 9731 1 9805 82020940
1 9703 1 9768 82028548
1 9721 1 9749 82036152
1 9703 1 9758 82043768
1 9712 1 9805 82051372
1 9684 1 9815 82058980
1 9703 1 9796 82066592
1 9740 1 9796 82074212
1 9731 1 9777 82081828
1 9665 1 9758 82089436
1 10134 1 9786 82097040
1 9693 1 9777 82104688
1 9731 1 9758 82112284
1 9721 1 9758 82119896
1 9712 1 9777 82127500
1 9693 1 9805 82135108
1 9721 1 9768 82142716
1 9740 1 9805 82150332
1 9693 1 9768 82157936
1 9675 1 9786 82165548
1 9684 1 9731 82173152
1 9693 1 9786 82180756
1 9740 1 9777 82188360
1 9731 1 9758 82195972
1 9665 1 9786 82203576
1 9675 1 9786 82211196
1 9656 1 9749 82218792
1 9731 1 9833 82226396
1 9628 1 9768 82233996
1 9684 1 9777 82241604
1 9740 1 9786 82249220
1 9740 1 9758 82256824
1 9637 1 9768 82264428
1 9721 1 9796 82272040
1 9675 1 9796 82279644
1 9740 1 9758 82287244
1 9712 1 9749 82294852
1 9731 1 9777 82302452
1 9703 1 9796 82310068
1 9628 1 9740 82317680
1 9656 1 9740 82325280
1 9731 1 9777 82332892
1 9749 1 9768 82340488
1 10190 1 9777 82348092
1 9721 1 9749 82355744
1 9758 1 9758 82363348
1 9758 1 9777 82370968
1 9758 1 9768 82378564
1 9740 1 9768 82386176
1 9777 1 9758 82393788
1 9731 1 9758 82401392
1 9675 1 9805 82408996
1 10143 1 9768 82416600
1 9703 1 9777 82424248
1 9721 1 9786 82431868
1 9703 1 9786 82439476
1 9740 1 9768 82447080
1 9656 1 9777 82454692
1 9721 1 9768 82462304
1 9712 1 9749 82469916
1 9675 1 9749 82477516
1 9693 1 9777 82485112
1 9721 1 9777 82492720
1 9684 1 9777 82500324
1 9693 1 9805 82507940
1 9721 1 9777 82515552
1 9740 1 9805 82523176
1 9712 1 9758 82530784
1 9684 1 9805 82538376
1 9646 1 9768 82545980
1 9590 1 9786 82553584
1 9684 1 9749 82561196
1 9740 1 9768 82568804
1 9646 1 9758 82576412
1 9684 1 9768 82584012
1 9703 1 9777 82591608
1 9712 1 9777 82599212
1 9721 1 9777 82606824
1 9703 1 9740 82614436
1 10162 1 9740 82622048
1 9646 1 9796 82629700
1 9758 1 9768 82637312
1 9731 1 9777 82644916
1 9731 1 9805 82652516
1 9712 1 9768 82660128
1 9693 1 9758 82667736
1 9740 1 9758 82675344
1 9628 1 9768 82682936
1 9712 1 9777 82690540
1 9712 1 9749 82698140
1 9684 1 9777 82705740
1 9712 1 9796 82713344
1 9684 1 9796 82720960
1 9703 1 9777 82728560
1 9693 1 9777 82736176
1 9675 1 9777 82743772
1 9721 1 9786 82751368
1 9740 1 9786 82758972
1 9684 1 9740 82766584
1 9740 1 9796 82774188
1 9721 1 9796 82781804
1 9721 1 9796 82789404
1 10162 1 9805 82797008
1 9740 1 9777 82804644
1 9740 1 9758 82812256
1 9740 1 9805 82819876
1 9703 1 9731 82827476
1 9646 1 9768 82835076
1 9749 1 9777 82842680
1 9693 1 9833 82850284
1 9740 1 9786 82857892
1 9684 1 9758 82865508
1 9731 1 9796 82873108
1 9675 1 9740 82880728
1 9684 1 9777 82888320
1 9731 1 9786 82895920
1 9740 1 9815 82903532
1 9693 1 9786 82911128
1 9721 1 9740 82918740
1 9684 1 9796 82926356
1 10171 1 9758 82933968
1 9675 1 9786 82941616
1 9665 1 9786 82949228
1 9703 1 9749 82956816
1 9740 1 9805 82964432
1 9684 1 9786 82972032
1 9693 1 9777 82979640
1 10152 1 9777 82987244
1 9703 1 9815 82994896
1 9749 1 9749 83002516
1 9731 1 9768 83010120
1 9693 1 9786 83017728
1 9731 1 9758 83025348
1 9721 1 9777 83032952
1 9675 1 9777 83040568
1 9684 1 9786 83048164
1 9684 1 9758 83055784
1 9768 1 9786 83063408
1 9703 1 9777 83071004
1 9693 1 9758 83078604
1 9693 1 9815 83086212
1 9777 1 9731 83093820
1 9721 1 9786 83101436
1 9712 1 9796 83109052
1 9712 1 9768 83116656
1 9703 1 9749 83124272
1 9703 1 9777 83131864
1 9703 1 9777 83139472
1 9712 1 9805 83147080
1 9740 1 9786 83154696
1 9693 1 9777 83162316
1 9693 1 9786 83169920
1 9721 1 9768 83177516
1 9703 1 9740 83185124
1 9637 1 9758 83192728
1 9712 1 9768 83200340
1 10134 1 9740 83207956
1 9740 1 9768 83215608
1 9721 1 9796 83223220
1 9712 1 9796 83230820
1 9721 1 9805 83238424
1 9740 1 9833 83246024
1 9721 1 9815 83253636
1 9758 1 9796 83261236
1 9618 1 9777 83268852
1 10143 1 9824 83276456
1 9675 1 9758 83284108
1 9712 1 9796 83291708
1 9740 1 9786 83299320
1 9768 1 9805 83306928
1 9721 1 9758 83314552
1 9712 1 9805 83322156
1 9731 1 9740 83329764
1 9731 1 9768 83337384
1 9721 1 9768 83345008
1 9684 1 9796 83352620
1 9721 1 9786 83360228
1 9740 1 9796 83367832
1 9684 1 9786 83375436
1 10152 1 9805 83383036
1 9731 1 9786 83390700
1 9749 1 9740 83398320
1 9712 1 9749 83405944
1 9740 1 9786 83413548
1 9703 1 9749 83421148
1 9693 1 9777 83428768
1 9740 1 9749 83436380
1 9675 1 9749 83443992
1 9712 1 9796 83451600
1 9693 1 9805 83459220
1 9628 1 9768 83466828
1 9758 1 9749 83474444
1 9703 1 9777 83482056
1 10199 1 9786 83489660
1 9721 1 9805 83497300
1 10143 1 9805 83504916
1 9703 1 9768 83512568
1 9703 1 9805 83520172
1 9712 1 9768 83527784
1 9758 1 9786 83535384
1 9703 1 9740 83542992
1 10124 1 9786 83550604
1 9740 1 9815 83558236
1 10171 1 9786 83565848
1 9740 1 9749 83573488
1 9693 1 9768 83581092
1 9731 1 9740 83588712
1 9749 1 9786 83596316
1 9712 1 9768 83603920
1 9693 1 9768 83611536
1 9693 1 9768 83619136
1 9758 1 9786 83626748
1 9712 1 9796 83634348
1 9749 1 9786 83641968
1 9777 1 9796 83649592
1 9721 1 9796 83657188
1 9796 1 9786 83664788
1 9721 1 9721 83672408
1 9675 1 9796 83680024
1 9628 1 9786 83687644
1 9731 1 9777 83695240
1 9712 1 9777 83702836
1 9675 1 9749 83710448
1 9684 1 9786 83718048
1 9712 1 9768 83725652
1 9768 1 9786 83733276
1 9684 1 9768 83740884
1 9675 1 9777 83748496
1 9675 1 9786 83756100
1 9712 1 9786 83763712
1 10209 1 9740 83771320
1 9675 1 9777 83778960
1 9703 1 9796 83786564
1 9693 1 9777 83794176
1 9703 1 9796 83801788
1 9731 1 9786 83809404
1 9646 1 9824 83817008
1 9684 1 9768 83824608
1 9675 1 9740 83832236
1 9712 1 9796 83839836
1 9693 1 9758 83847444
1 9693 1 9777 83855052
1 9740 1 9815 83862660
1 9740 1 9731 83870272
1 9675 1 9768 83877876
1 9749 1 9758 83885488
1 9703 1 9749 83893104
1 9656 1 9740 83900716
1 9703 1 9749 83908328
1 9721 1 9749 83915944
1 9731 1 9777 83923564
1 9703 1 9768 83931180
1 9740 1 9758 83938780
1 9777 1 9758 83946388
1 9712 1 9768 83954000
1 9740 1 9758 83961620
1 9675 1 9796 83969224
1 9721 1 9740 83976836
1 9693 1 9805 83984436
1 9693 1 9777 83992040
1 9693 1 9824 83999644
1 9684 1 9786 84007244
1 9768 1 9749 84014868
1 9740 1 9777 84022480
1 9777 1 9777 84030092
1 9712 1 9786 84037696
1 9758 1 9805 84045300
1 9815 1 9796 84052916
1 9684 1 9805 84060524
1 9731 1 9796 84068128
1 9749 1 9777 84075744
1 9712 1 9786 84083344
1 9740 1 9805 84090948
1 9693 1 9815 84098556
1 9712 1 9777 84106164
1 9684 1 9805 84113772
1 9675 1 9786 84121372
1 9693 1 9768 84128980
1 9721 1 9786 84136588
1 9731 1 9768 84144184
1 9703 1 9786 84151788
1 9712 1 9815 84159388
1 9721 1 9768 84166996
1 9758 1 9786 84174612
1 9684 1 9833 84182224
1 9712 1 9805 84189828
1 10134 1 9805 84197432
1 9693 1 9768 84205072
1 9731 1 9805 84212684
1 10490 1 9805 84220296
1 9665 1 9768 84227932
1 9740 1 9824 84235540
1 9628 1 9833 84243144
1 9712 1 9824 84250760
1 9740 1 9768 84258364
1 9665 1 9768 84265972
1 9703 1 9805 84273584
1 9675 1 9777 84281208
1 9731 1 9805 84288812
1 9712 1 9815 84296416
1 9721 1 9833 84304028
1 9740 1 9805 84311648
1 9768 1 9824 84319264
1 9628 1 9777 84326880
1 9740 1 9777 84334480
1 9703 1 9786 84342092
1 9749 1 9815 84349712
1 9712 1 9796 84357336
1 10152 1 9815 84364932
1 9796 1 9749 84372572
1 9740 1 9833 84380176
1 9675 1 9796 84387780
1 9684 1 9815 84395400
1 9712 1 9777 84402996
1 9703 1 9777 84410604
1 9675 1 9768 84418224
1 9675 1 9805 84425828
1 9684 1 9777 84433432
1 9777 1 9796 84441040
1 9740 1 9768 84448652
1 9731 1 9786 84456256
1 9712 1 9786 84463868
1 9758 1 9777 84471488
1 9693 1 9768 84479124
1 9786 1 9805 84486724
1 9712 1 9768 84494320
1 9703 1 9815 84501940
1 9786 1 9777 84509560
1 9815 1 9768 84517172
1 9693 1 9786 84524776
1 9740 1 9805 84532392
1 10209 1 9805 84540012
1 9749 1 9768 84547652
1 9721 1 9815 84555260
1 9693 1 9796 84562868
1 10162 1 9768 84570472
1 9684 1 9768 84578116
1 9703 1 9786 84585728
1 9749 1 9786 84593328
1 9721 1 9768 84600932
1 9693 1 9796 84608548
1 9721 1 9786 84616144
1 9675 1 9786 84623760
1 9731 1 9749 84631356
1 9805 1 9749 84638968
1 9740 1 9777 84646572
1 9758 1 9786 84654184
1 9675 1 9796 84661788
1 10171 1 9796 84669396
1 9721 1 9796 84677040
1 9731 1 9805 84684664
1 9721 1 9805 84692268
1 9740 1 9786 84699868
1 9665 1 9796 84707480
1 9712 1 9768 84715096
1 9712 1 9758 84722716
1 9693 1 9796 84730316
1 9712 1 9786 84737920
1 9777 1 9749 84745532
1 9684 1 9758 84753136
1 9768 1 9758 84760756
1 9758 1 9749 84768368
1 9693 1 9758 84775980
1 9665 1 9768 84783584
1 9749 1 9796 84791188
1 9749 1 9768 84798804
1 9693 1 9768 84806428
1 9684 1 9786 84814040
1 9618 1 9749 84821636
1 9684 1 9777 84829236
1 10162 1 9786 84836840
1 9703 1 9805 84844492
1 9731 1 9796 84852100
1 9703 1 9786 84859704
1 9675 1 9740 84867320
1 9637 1 9786 84874932
1 9703 1 9777 84882532
1 9656 1 9777 84890132
1 9693 1 9786 84897740
1 9731 1 9833 84905356
1 9740 1 9749 84912956
1 9731 1 9749 84920568
1 9665 1 9768 84928188
1 9731 1 9768 84935780
1 9731 1 9796 84943388
1 9731 1 9749 84950996
1 9675 1 9805 84958600
1 9693 1 9758 84966208
1 9693 1 9758 84973824
1 9628 1 9805 84981428
1 9721 1 9786 84989052
1 9731 1 9786 84996648
1 9721 1 9768 85004252
1 9703 1 9758 85011868
1 9740 1 9749 85019484
1 9731 1 9768 85027096
1 9731 1 9758 85034696
1 9721 1 9768 85042304
1 9740 1 9740 85049920
1 9712 1 9768 85057520
1 9740 1 9740 85065140
1 9768 1 9749 85072748
1 9646 1 9777 85080360
1 9740 1 9815 85087968
1 9712 1 9786 85095592
1 9712 1 9777 85103216
1 9805 1 9768 85110828
1 9721 1 9786 85118424
1 9703 1 9712 85126048
1 9731 1 9777 85133656
1 9703 1 9768 85141268
1 9740 1 9740 85148892
1 9693 1 9796 85156492
1 9703 1 9777 85164096
1 9712 1 9740 85171712
1 9768 1 9796 85179316
1 9712 1 9740 85186932
1 9749 1 9758 85194532
1 9703 1 9758 85202140
1 9693 1 9758 85209744
1 9740 1 9786 85217348
1 9712 1 9768 85224944
1 9731 1 9740 85232568
1 9703 1 9796 85240168
1 9712 1 9758 85247772
1 9712 1 9768 85255392
1 9712 1 9786 85262988
1 9703 1 9740 85270600
1 9684 1 9768 85278212
1 9749 1 9768 85285816
1 9731 1 9749 85293432
1 9731 1 9749 85301032
1 10171 1 9740 85308644
1 9712 1 9796 85316280
1 9693 1 9768 85323888
1 9731 1 9758 85331500
1 9740 1 9777 85339100
1 9684 1 9777 85346728
1 9693 1 9758 85354340
1 9684 1 9758 85361940
1 9740 1 9758 85369556
1 10171 1 9749 85377160
1 9684 1 9786 85384804
1 9740 1 9740 85392408
1 9749 1 9768 85400016
1 9736 1 9740 85407620
1 9745 1 9786 85415240
1 9689 1 9768 85422868
1 9689 1 9768 85430484
1 9707 1 9768 85438080
1 9745 1 9777 85445680
1 9707 1 9777 85453284
1 9763 1 9777 85460884
1 9754 1 9777 85468484
1 9726 1 9796 85476108
1 9736 1 9758 85483728
1 9707 1 9740 85491336
1 9660 1 9786 85498928
1 9698 1 9768 85506532
1 9698 1 9786 85514144
1 9726 1 9805 85521744
1 9726 1 9786 85529364
1 9717 1 9777 85536968
1 9717 1 9815 85544576
1 9679 1 9749 85552184
1 9698 1 9786 85559796
1 9707 1 9833 85567408
1 9707 1 9786 85575016
1 9689 1 9758 85582624
1 9689 1 9758 85590236
1 9745 1 9786 85597844
1 9707 1 9786 85605452
1 9670 1 9731 85613060
1 9726 1 9786 85620660
1 9679 1 9749 85628264
1 9745 1 9749 85635872
1 9772 1 9786 85643476
1 9745 1 9777 85651088
1 9679 1 9749 85658684
1 9707 1 9786 85666292
1 9717 1 9749 85673904
1 9726 1 9796 85681512
1 9717 1 9749 85689116
1 9632 1 9777 85696728
1 9689 1 9768 85704336
1 9679 1 9824 85711932
1 9810 1 9758 85719540
1 9717 1 9740 85727152
1 9754 1 9777 85734764
1 9744 1 9768 85742368
1 9772 1 9740 85749980
1 9736 1 9740 85757584
1 9772 1 9796 85765180
1 9689 1 9786 85772788
1 9726 1 9786 85780396
1 9744 1 9777 85788008
1 9717 1 9777 85795616
1 9707 1 9815 85803228
1 9763 1 9796 85810832
1 9707 1 9768 85818436
1 9679 1 9740 85826048
1 9707 1 9758 85833652
1 9745 1 9786 85841264
1 9744 1 9777 85848860
1 9726 1 9740 85856468
1 9745 1 9777 85864064
1 9698 1 9768 85871668
1 9660 1 9815 85879268
1 9726 1 9758 85886872
1 9744 1 9786 85894476
1 9744 1 9796 85902076
1 9721 1 9768 85909696
1 9721 1 9805 85917300
1 9693 1 9749 85924904
1 9740 1 9796 85932496
1 9740 1 9758 85940104
1 10180 1 9805 85947708
1 9703 1 9796 85955360
1 9665 1 9805 85962972
1 9740 1 9740 85970572
1 9740 1 9777 85978184
1 9712 1 9796 85985784
1 9731 1 9758 85993392
1 9731 1 9786 86001000
1 9721 1 9777 86008608
1 9768 1 9768 86016212
1 9749 1 9740 86023816
1 9740 1 9768 86031424
1 9693 1 9786 86039028
1 9768 1 9805 86046632
1 9703 1 9796 86054248
1 9740 1 9740 86061852
1 9712 1 9796 86069468
1 9628 1 9768 86077068
1 9712 1 9796 86084676
1 9731 1 9815 86092284
1 9712 1 9740 86099900
1 9740 1 9768 86107504
1 9712 1 9768 86115112
1 9786 1 9740 86122716
1 9731 1 9786 86130324
1 9703 1 9786 86137916
1 9675 1 9768 86145524
1 9740 1 9777 86153132
1 9675 1 9786 86160748
1 9833 1 9768 86168348
1 9703 1 9777 86175964
1 9646 1 9740 86183572
1 9693 1 9805 86191192
1 9712 1 9758 86198792
1 9758 1 9777 86206396
1 9758 1 9777 86214004
1 9693 1 9740 86221616
1 9731 1 9805 86229228
1 9628 1 9749 86236844
1 9740 1 9777 86244460
1 9749 1 9777 86252072
1 9786 1 9786 86259668
1 9721 1 9796 86267280
1 9740 1 9786 86274876
1 9731 1 9786 86282484
1 9740 1 9796 86290096
1 10481 1 9786 86297696
1 9693 1 9796 86305336
1 9712 1 9786 86312948
1 9786 1 9758 86320564
1 9731 1 9796 86328172
1 9675 1 9740 86335788
1 9777 1 9768 86343408
1 9740 1 9768 86351016
1 9777 1 9777 86358632
1 9740 1 9768 86366252
1 9749 1 9768 86373852
1 9675 1 9786 86381464
1 9740 1 9786 86389068
1 9637 1 9768 86396688
1 10227 1 9777 86404312
1 9726 1 9777 86411944
1 9698 1 9744 86419552
1 9717 1 9772 86427156
1 9698 1 9810 86434764
1 9736 1 9744 86442376
1 9670 1 9772 86449976
1 9744 1 9810 86457588
1 9679 1 9763 86465200
1 9670 1 9707 86472820
1 9679 1 9754 86480428
1 9698 1 9782 86488032
1 9745 1 9791 86495652
1 9689 1 9782 86503264
1 9717 1 9782 86510868
1 9736 1 9772 86518472
1 9576 1 9744 86526076
1 9707 1 9772 86533684
1 9726 1 9763 86541288
1 9614 1 9745 86548904
1 9679 1 9772 86556520
1 9717 1 9763 86564136
1 9745 1 9726 86571736
1 9679 1 9782 86579348
1 9717 1 9791 86586956
1 9717 1 9763 86594572
1 9689 1 9782 86602180
1 9736 1 9763 86609792
1 9698 1 9801 86617396
1 9689 1 9754 86625016
1 9726 1 9782 86632628
1 9772 1 9744 86640248
1 9651 1 9763 86647860
1 9763 1 9782 86655464
1 9679 1 9763 86663072
1 9717 1 9745 86670676
1 9717 1 9745 86678296
1 9679 1 9744 86685912
1 9717 1 9772 86693520
1 9707 1 9791 86701128
1 9763 1 9810 86708740
1 9726 1 9754 86716344
1 9651 1 9772 86723952
1 9670 1 9763 86731548
1 9670 1 9763 86739164
1 9679 1 9782 86746768
1 9736 1 9791 86754360
1 9744 1 9791 86761956
1 9717 1 9772 86769564
1 9707 1 9791 86777168
1 9745 1 9782 86784784
1 9717 1 9763 86792400
1 9726 1 9819 86800004
1 9689 1 9791 86807604
1 9744 1 9782 86815208
1 9604 1 9801 86822812
1 9717 1 9782 86830416
1 9623 1 9772 86838044
1 9698 1 9791 86845656
1 9772 1 9801 86853256
1 9698 1 9782 86860856
1 9660 1 9782 86868460
1 9660 1 9754 86876060
1 9614 1 9763 86883660
1 9736 1 9744 86891280
1 9736 1 9801 86898904
1 9698 1 9791 86906496
1 9670 1 9754 86914100
1 9707 1 9740 86921704
1 9670 1 9721 86929304
1 9689 1 9786 86936920
1 9698 1 9777 86944532
1 9698 1 9786 86952152
1 10148 1 9768 86959756
1 9745 1 9740 86967396
1 9745 1 9777 86975004
1 9726 1 9768 86982608
1 9707 1 9768 86990216
1 9642 1 9768 86997820
1 9707 1 9777 87005432
1 9736 1 9786 87013036
1 9726 1 9777 87020656
1 9679 1 9777 87028264
1 9660 1 9805 87035872
1 9744 1 9758 87043484
1 9698 1 9758 87051096
1 9717 1 9758 87058712
1 9744 1 9796 87066316
1 9698 1 9749 87073928
1 9689 1 9758 87081532
1 9698 1 9758 87089144
1 9679 1 9824 87096756
1 9717 1 9777 87104368
1 9736 1 9758 87111972
1 9726 1 9815 87119576
1 9670 1 9796 87127188
1 9707 1 9758 87134796
1 9726 1 9786 87142412
1 9745 1 9777 87150020
1 9754 1 9805 87157628
1 10120 1 9777 87165232
1 9707 1 9740 87172880
1 10148 1 9758 87180496
1 9660 1 9721 87188144
1 9698 1 9749 87195752
1 9717 1 9749 87203352
1 9726 1 9777 87210960
1 9707 1 9805 87218580
1 9679 1 9786 87226184
1 9726 1 9786 87233792
1 9744 1 9758 87241396
1 9745 1 9777 87249000
1 9698 1 9768 87256600
1 9744 1 9777 87264196
1 9763 1 9758 87271796
1 9689 1 9768 87279412
1 9642 1 9796 87287020
1 9717 1 9758 87294640
1 9707 1 9815 87302244
1 9782 1 9805 87309840
1 9717 1 9805 87317452
1 9707 1 9749 87325060
1 9698 1 9786 87332664
1 9745 1 9777 87340276
1 9744 1 9758 87347892
1 9698 1 9758 87355508
1 9670 1 9777 87363116
1 10166 1 9796 87370720
1 9726 1 9758 87378392
1 9670 1 9777 87385988
1 9754 1 9740 87393592
1 9642 1 9796 87401212
1 9736 1 9777 87408824
1 9731 1 9777 87416436
1 9693 1 9740 87424040
1 9712 1 9758 87431636
1 9758 1 9758 87439244
1 9656 1 9768 87446856
1 9675 1 9777 87454460
1 9749 1 9758 87462080
1 9758 1 9796 87469680
1 9703 1 9740 87477300
1 9721 1 9815 87484900
1 9684 1 9777 87492508
1 9721 1 9777 87500120
1 9675 1 9786 87507736
1 9768 1 9796 87515356
1 9758 1 9786 87522964
1 9693 1 9740 87530572
1 9684 1 9805 87538184
1 9712 1 9824 87545784
1 9721 1 9777 87553392
1 9675 1 9796 87561000
1 9740 1 9805 87568608
1 9684 1 9749 87576208
1 9703 1 9815 87583804
1 9712 1 9786 87591408
1 9749 1 9815 87599012
1 9712 1 9805 87606616
1 9703 1 9768 87614228
1 9749 1 9758 87621844
1 9721 1 9768 87629448
1 9684 1 9777 87637056
1 9749 1 9777 87644660
1 9749 1 9758 87652268
1 9758 1 9805 87659892
1 9721 1 9796 87667488
1 9684 1 9796 87675100
1 9675 1 9740 87682712
1 9693 1 9815 87690308
1 9675 1 9805 87697916
1 9740 1 9805 87705528
1 9703 1 9749 87713152
1 9749 1 9749 87720756
1 9684 1 9768 87728364
1 9731 1 9796 87735984
1 9731 1 9777 87743596
1 9693 1 9815 87751192
1 9731 1 9749 87758808
1 9665 1 9777 87766408
1 9646 1 9758 87774012
1 9684 1 9768 87781628
1 9703 1 9805 87789228
1 9731 1 9805 87796836
1 9665 1 9824 87804444
1 9731 1 9786 87812048
1 9675 1 9777 87819648
1 9684 1 9796 87827252
1 9590 1 9824 87834872
1 9675 1 9796 87842484
1 9721 1 9777 87850092
1 10152 1 9786 87857712
1 9786 1 9768 87865368
1 9693 1 9740 87872972
1 9684 1 9777 87880576
1 9749 1 9758 87888188
1 9721 1 9786 87895804
1 9758 1 9824 87903420
1 9758 1 9796 87911024
1 9698 1 9786 87918636
1 9689 1 9768 87926244
1 9736 1 9777 87933848
1 9698 1 9768 87941460
1 9698 1 9768 87949080
1 10476 1 9805 87956680
1 9726 1 9749 87964320
1 9736 1 9758 87971924
1 9679 1 9796 87979536
1 9726 1 9749 87987128
1 9689 1 9768 87994736
1 9689 1 9796 88002336
1 9745 1 9777 88009948
1 9670 1 9786 88017548
1 9660 1 9768 88025160
1 9689 1 9796 88032756
1 9782 1 9786 88040372
1 9736 1 9777 88047980
1 9679 1 9786 88055584
1 9717 1 9768 88063204
1 9745 1 9777 88070808
1 9707 1 9786 88078412
1 9717 1 9796 88086028
1 9736 1 9796 88093624
1 9717 1 9796 88101224
1 9660 1 9786 88108832
1 9707 1 9786 88116440
1 9745 1 9786 88124044
1 9754 1 9749 88131652
1 9717 1 9777 88139252
1 9754 1 9796 88146860
1 9670 1 9777 88154468
1 9707 1 9805 88162068
1 9745 1 9758 88169684
1 9689 1 9749 88177280
1 9726 1 9768 88184892
1 9736 1 9786 88192500
1 9736 1 9777 88200112
1 9698 1 9824 88207728
1 9717 1 9768 88215328
1 9679 1 9796 88222940
1 9736 1 9786 88230540
1 9651 1 9777 88238140
1 9660 1 9740 88245744
1 9726 1 9777 88253356
1 9754 1 9805 88260972
1 9736 1 9796 88268580
1 9736 1 9749 88276192
1 9698 1 9758 88283792
1 9707 1 9777 88291388
1 9745 1 9749 88298984
1 9707 1 9768 88306588
1 10485 1 9805 88314192
1 9632 1 9731 88321856
1 9689 1 9768 88329464
1 9707 1 9786 88337072
1 9736 1 9786 88344680
1 9689 1 9805 88352284
1 9772 1 9786 88359884
1 9689 1 9796 88367504
1 9736 1 9768 88375100
1 9736 1 9758 88382700
1 9670 1 9815 88390324
1 9726 1 9796 88397944
1 9604 1 9777 88405544
1 9726 1 9740 88413148
1 9745 1 9740 88420772
1 9736 1 9777 88428392
1 9763 1 9786 88435992
1 9772 1 9777 88443592
1 9744 1 9768 88451208
1 9707 1 9777 88458808
1 9689 1 9777 88466420
1 9717 1 9758 88474040
1 9707 1 9786 88481656
1 9698 1 9758 88489264
1 9791 1 9824 88496868
1 9736 1 9805 88504492
1 9726 1 9758 88512116
1 9726 1 9786 88519724
1 9772 1 9796 88527324
1 9744 1 9805 88534936
1 9660 1 9796 88542544
1 9698 1 9786 88550176
1 9754 1 9796 88557788
1 9679 1 9796 88565396
1 9707 1 9768 88573012
1 9651 1 9768 88580616
1 9689 1 9758 88588216
1 9670 1 9805 88595828
1 9736 1 9786 88603436
1 9698 1 9796 88611056
1 9717 1 9768 88618668
1 9651 1 9740 88626276
1 9717 1 9777 88633888
1 9754 1 9740 88641492
1 9698 1 9796 88649096
1 9736 1 9768 88656696
1 9745 1 9805 88664304
1 9660 1 9758 88671924
1 9707 1 9768 88679524
1 9660 1 9749 88687140
1 9698 1 9731 88694744
1 9744 1 9758 88702352
1 9754 1 9768 88709960
1 9726 1 9786 88717564
1 9670 1 9740 88725168
1 9707 1 9796 88732776
1 9745 1 9777 88740376
1 9660 1 9740 88747984
1 9707 1 9805 88755596
1 9791 1 9768 88763204
1 9745 1 9805 88770812
1 9679 1 9758 88778420
1 9651 1 9768 88786044
1 9717 1 9777 88793660
1 9698 1 9768 88801268
1 9651 1 9749 88808892
1 9736 1 9749 88816508
1 9717 1 9777 88824112
1 9736 1 9740 88831732
1 9595 1 9768 88839352
1 9679 1 9749 88846964
1 9717 1 9758 88854572
1 9585 1 9740 88862172
1 9642 1 9768 88869780
1 9717 1 9805 88877392
1 9660 1 9768 88885016
1 9736 1 9758 88892628
1 10204 1 9777 88900228
1 9679 1 9786 88907868
1 9660 1 9786 88915468
1 9754 1 9777 88923080
1 9772 1 9768 88930692
1 9707 1 9805 88938296
1 9698 1 9786 88945912
1 9754 1 9777 88953524
1 9689 1 9758 88961144
1 9717 1 9796 88968752
1 9698 1 9805 88976364
1 9651 1 9768 88983980
1 9717 1 9786 88991596
1 9745 1 9805 88999212
1 9679 1 9777 89006820
1 9679 1 9786 89014432
1 9754 1 9740 89022048
1 9660 1 9740 89029668
1 9782 1 9740 89037264
1 9726 1 9768 89044872
1 9707 1 9777 89052500
1 9754 1 9777 89060120
1 9736 1 9768 89067728
1 9801 1 9786 89075336
1 9679 1 9805 89082944
1 9670 1 9768 89090552
1 9726 1 9786 89098156
1 9660 1 9805 89105768
1 9717 1 9758 89113372
1 9689 1 9768 89120980
1 9763 1 9758 89128576
1 9679 1 9740 89136184
1 9736 1 9768 89143784
1 9689 1 9768 89151384
1 9726 1 9749 89158992
1 9707 1 9768 89166616
1 9745 1 9768 89174224
1 9698 1 9731 89181824
1 9689 1 9758 89189428
1 9679 1 9758 89197032
1 9679 1 9731 89204636
1 9736 1 9758 89212244
1 9660 1 9758 89219860
1 9689 1 9777 89227476
1 9679 1 9768 89235084
1 9763 1 9786 89242692
1 9717 1 9740 89250304
1 9679 1 9740 89257912
1 9707 1 9740 89265516
1 9744 1 9777 89273128
1 9717 1 9749 89280740
1 9660 1 9777 89288336
1 9726 1 9786 89295940
1 9689 1 9777 89303552
1 9763 1 9721 89311160
1 9717 1 9749 89318768
1 9717 1 9786 89326372
1 9660 1 9768 89333980
1 9745 1 9777 89341580
1 9717 1 9796 89349180
1 9717 1 9758 89356788
1 10213 1 9740 89364392
1 9698 1 9777 89372040
1 9726 1 9749 89379644
1 10185 1 9749 89387252
1 9745 1 9786 89394896
1 9717 1 9786 89402508
1 9744 1 9777 89410100
1 9726 1 9749 89417700
1 9707 1 9768 89425308
1 9679 1 9768 89432920
1 9744 1 9768 89440520
1 9726 1 9768 89448132
1 9698 1 9768 89455744
1 9604 1 9749 89463360
1 9707 1 9740 89470960
1 9717 1 9740 89478576
1 9689 1 9796 89486188
1 9717 1 9796 89493796
1 9689 1 9749 89501408
1 9698 1 9768 89509024
1 9791 1 9768 89516628
1 9632 1 9758 89524248
1 9651 1 9749 89531852
1 9782 1 9805 89539452
1 9791 1 9796 89547064
1 9660 1 9758 89554668
1 9707 1 9768 89562284
1 9679 1 9749 89569904
1 9689 1 9768 89577504
1 9660 1 9768 89585120
1 9698 1 9758 89592720
1 9717 1 9731 89600328
1 9707 1 9777 89607956
1 9707 1 9796 89615572
1 9670 1 9796 89623188
1 9698 1 9796 89630792
1 9679 1 9768 89638400
1 9670 1 9786 89646008
1 9717 1 9721 89653604
1 9689 1 9758 89661208
1 9745 1 9740 89668828
1 9717 1 9768 89676424
1 9717 1 9731 89684032
1 9670 1 9721 89691644
1 9698 1 9777 89699248
1 9689 1 9731 89706860
1 9745 1 9740 89714468
1 9689 1 9768 89722076
1 9754 1 9740 89729684
1 9707 1 9740 89737276
1 9698 1 9786 89744884
1 9679 1 9796 89752504
1 9736 1 9768 89760108
1 9689 1 9740 89767712
1 9698 1 9758 89775316
1 9689 1 9796 89782924
1 9679 1 9786 89790544
1 9726 1 9777 89798140
1 9744 1 9740 89805748
1 9707 1 9768 89813368
1 9717 1 9740 89820960
1 9698 1 9740 89828572
1 9707 1 9777 89836172
1 9717 1 9786 89843780
1 9698 1 9758 89851396
1 9726 1 9758 89858996
1 9726 1 9768 89866604
1 9717 1 9777 89874220
1 9745 1 9740 89881824
1 9670 1 9768 89889436
1 9707 1 9786 89897044
1 9717 1 9731 89904656
1 9736 1 9786 89912272
1 9717 1 9768 89919876
1 9642 1 9768 89927484
1 9736 1 9758 89935108
1 9754 1 9758 89942704
1 9726 1 9758 89950320
1 9726 1 9768 89957912
1 9782 1 9768 89965520
1 9698 1 9749 89973128
1 9717 1 9749 89980728
1 9745 1 9758 89988336
1 9763 1 9786 89995956
1 9754 1 9768 90003552
1 9707 1 9768 90011160
1 9698 1 9749 90018768
1 9670 1 9758 90026372
1 9679 1 9777 90033984
1 10495 1 9786 90041596
1 9689 1 9758 90049244
1 9707 1 9749 90056876
1 9726 1 9740 90064488
1 9698 1 9758 90072100
1 9632 1 9777 90079704
1 9717 1 9758 90087316
1 9698 1 9740 90094932
1 9707 1 9749 90102540
1 9772 1 9777 90110160
1 9726 1 9777 90117776
1 9707 1 9786 90125372
1 9679 1 9740 90132972
1 9726 1 9768 90140572
1 9754 1 9796 90148172
1 9717 1 9758 90155788
1 9689 1 9786 90163408
1 9689 1 9796 90171004
1 9736 1 9768 90178636
1 9698 1 9758 90186236
1 9717 1 9758 90193856
1 9745 1 9777 90201456
1 9791 1 9768 90209064
1 9698 1 9777 90216676
1 9670 1 9758 90224272
1 9707 1 9786 90231872
1 9772 1 9768 90239484
1 9698 1 9786 90247092
1 9744 1 9786 90254704
1 9726 1 9768 90262304
1 9679 1 9777 90269920
1 9744 1 9777 90277524
1 9726 1 9786 90285124
1 9763 1 9758 90292724
1 9698 1 9786 90300336
1 9736 1 9768 90307940
1 9744 1 9824 90315552
1 9744 1 9777 90323164
1 9736 1 9740 90330768
1 9763 1 9796 90338388
1 9698 1 9786 90345988
1 9736 1 9815 90353588
1 9745 1 9815 90361208
1 9745 1 9815 90368812
1 9707 1 9796 90376424
1 9744 1 9777 90384040
1 9745 1 9796 90391652
1 9782 1 9786 90399264
1 9736 1 9824 90406868
1 9736 1 9852 90414476
1 9745 1 9796 90422084
1 9717 1 9805 90429692
1 9754 1 9805 90437296
1 9707 1 9824 90444900
1 9754 1 9824 90452504
1 9679 1 9786 90460116
1 9726 1 9852 90467720
1 9698 1 9824 90475328
1 9782 1 9786 90482952
1 12820 1 9824 90490556
1 9717 1 9815 90498216
1 9726 1 9815 90505828
1 9707 1 9843 90513436
1 9744 1 9786 90521040
1 9763 1 9815 90528640
1 9754 1 9824 90536240
1 9745 1 9843 90543848
1 9754 1 9805 90551456
1 9736 1 9833 90559076
1 9763 1 9862 90566688
1 9763 1 9852 90574284
1 9726 1 9796 90581888
1 9744 1 9815 90589496
1 9782 1 9824 90597104
1 9801 1 9852 90604728
1 9754 1 9796 90612336
1 9782 1 9862 90619952
1 9763 1 9824 90627544
1 9726 1 9815 90635152
1 9660 1 9796 90642768
1 9772 1 9824 90650392
1 9772 1 9862 90658012
1 9782 1 9824 90665612
1 9782 1 9824 90673208
1 9763 1 9852 90680812
1 9745 1 9852 90688408
1 9838 1 9833 90696016
1 9772 1 9862 90703640
1 9801 1 9833 90711260
1 9791 1 9880 90718864
1 9772 1 9815 90726472
1 9801 1 9824 90734080
1 9782 1 9833 90741692
1 9717 1 9833 90749296
1 9726 1 9852 90756900
1 9838 1 9862 90764512
1 9810 1 9843 90772112
1 9744 1 9871 90779708
1 9763 1 9815 90787316
1 9763 1 9833 90794912
1 9819 1 9871 90802524
1 9717 1 9833 90810136
1 9763 1 9880 90817752
1 9801 1 9899 90825352
1 9791 1 9899 90832952
1 9829 1 9871 90840548
1 9801 1 9871 90848156
1 9782 1 9852 90855768
1 9772 1 9862 90863388
1 12848 1 9833 90870996
1 9772 1 9852 90878636
1 9791 1 9852 90886252
1 9745 1 9862 90893852
1 9810 1 9899 90901460
1 9782 1 9918 90909072
1 9829 1 9824 90916668
1 9782 1 9862 90924292
1 9810 1 9890 90931892
1 9754 1 9838 90939500
1 9810 1 9866 90947112
1 9819 1 9885 90954716
1 9819 1 9857 90962328
1 9866 1 9838 90969940
1 9829 1 9876 90977564
1 9819 1 9847 90985168
1 9763 1 9866 90992780
1 9838 1 9913 91000384
1 9791 1 9894 91007988
1 9838 1 9904 91015604
1 9829 1 9904 91023224
1 9829 1 9819 91030836
1 9810 1 9894 91038456
1 9782 1 9876 91046068
1 9838 1 9876 91053676
1 9838 1 9876 91061280
1 9810 1 9913 91068884
1 9829 1 9857 91076484
1 9838 1 9857 91084088
1 9782 1 9904 91091700
1 9951 1 9913 91099320
1 9801 1 9857 91106940
1 9819 1 9876 91114536
1 9801 1 9904 91122140
1 9847 1 9894 91129740
1 9801 1 9894 91137352
1 9838 1 9923 91144952
1 9810 1 9894 91152560
1 9885 1 9904 91160168
1 9885 1 9923 91167784
1 9791 1 9894 91175384
1 9885 1 9866 91182996
1 9829 1 9894 91190604
1 9801 1 9913 91198204
1 9904 1 9876 91205816
1 9913 1 9932 91213424
1 9866 1 9866 91221036
1 9923 1 9894 91228648
1 9819 1 9866 91236252
1 9838 1 9857 91243864
1 9819 1 9923 91251476
1 9838 1 9932 91259088
1 9819 1 9913 91266688
1 9866 1 9894 91274300
1 9885 1 9932 91281908
1 9866 1 9894 91289528
1 9866 1 9904 91297136
1 9894 1 9866 91304740
1 9857 1 9904 91312348
1 9829 1 9923 91319952
1 9857 1 9913 91327564
1 9810 1 9913 91335172
1 9904 1 9932 91342776
1 9894 1 9913 91350392
1 9876 1 9894 91357988
1 9885 1 9904 91365604
1 9960 1 9904 91373204
1 9772 1 9923 91380804
1 9819 1 9876 91388420
1 9866 1 9923 91396032
1 9904 1 9913 91403628
1 9923 1 9904 91411236
1 9904 1 9894 91418852
1 9876 1 9894 91426456
1 9838 1 9904 91434064
1 9885 1 9871 91441672
1 10645 1 9899 91449280
1 9838 1 9890 91456924
1 9857 1 9918 91464540
1 9857 1 9918 91472156
1 9866 1 9937 91479756
1 9857 1 9908 91487368
1 9876 1 9899 91494968
1 9810 1 9890 91502576
1 9847 1 9937 91510192
1 9932 1 9927 91517812
1 9829 1 9899 91525416
1 9894 1 9899 91533020
1 9913 1 9937 91540624
1 9866 1 9927 91548236
1 9876 1 9890 91555840
1 9885 1 9908 91563460
1 9838 1 9918 91571068
1 9819 1 9927 91578680
1 9847 1 9927 91586292
1 9847 1 9937 91593920
1 9847 1 9880 91601520
1 9876 1 9937 91609140
1 9923 1 9937 91616732
1 9819 1 9908 91624344
1 9857 1 9890 91631956
1 9847 1 9918 91639576
1 9932 1 9899 91647188
1 9876 1 9965 91654800
1 9923 1 9871 91662392
1 9894 1 9937 91670000
1 9932 1 9946 91677600
1 9847 1 9918 91685212
1 9847 1 9880 91692828
1 9801 1 9974 91700444
1 9885 1 9927 91708052
1 9876 1 9908 91715660
1 9857 1 9918 91723256
1 9819 1 9927 91730864
1 9951 1 9890 91738472
1 9857 1 9908 91746076
1 9894 1 9955 91753696
1 9847 1 9908 91761296
1 9904 1 9908 91768908
1 9857 1 9880 91776524
1 9829 1 9862 91784132
1 9876 1 9918 91791724
1 9857 1 9918 91799340
1 9866 1 9908 91806948
1 9810 1 9927 91814548
1 9819 1 9918 91822160
1 9866 1 9918 91829768
1 9904 1 9927 91837376
1 9885 1 9918 91844988
1 9791 1 9880 91852588
1 9894 1 9899 91860204
1 9894 1 9908 91867820
1 9885 1 9937 91875436
1 12914 1 9899 91883044
1 9838 1 9927 91890696
1 9857 1 9927 91898312
1 9913 1 9927 91905908
1 9941 1 9899 91913516
1 12979 1 9899 91921128
1 9866 1 9937 91928780
1 9847 1 9871 91936376
1 9838 1 9923 91943996
1 9866 1 9932 91951596
1 9819 1 9894 91959200
1 9913 1 9885 91966808
1 9847 1 9941 91974424
1 9819 1 9941 91982040
1 9876 1 9876 91989652
1 9857 1 9904 91997248
1 9847 1 9941 92004852
1 9829 1 9941 92012452
1 9894 1 9904 92020068
1 9847 1 9894 92027676
1 9838 1 9904 92035292
1 9857 1 9913 92042904
1 12867 1 9904 92050504
1 9876 1 9894 92058160
1 9829 0 0 92065760
1 9894 1 9913 92072720
1 10354 1 9894 92080320
1 9754 1 9876 92087956
1 9894 1 9923 92095572
1 9876 1 9913 92103176
1 9876 1 9923 92110780
1 9876 1 9923 92118396
1 9857 1 9876 92125996
1 9829 1 9894 92133604
1 9876 1 9904 92141208
1 9829 1 9894 92148812
1 9838 1 9923 92156420
1 9876 1 9904 92164032
1 9847 1 9913 92171632
1 9923 1 9885 92179240
1 9829 1 9913 92186852
1 9894 1 9894 92194460
1 9866 1 9923 92202076
1 9847 1 9904 92209672
1 9838 1 9923 92217280
1 9885 1 9894 92224876
1 9782 1 9932 92232476
1 9801 1 9913 92240096
1 9876 1 9932 92247692
1 10382 1 9894 92255300
1 9829 1 9913 92262952
1 9810 1 9885 92270552
1 9885 1 9876 92278168
1 9866 1 9894 92285788
1 9894 1 9876 92293400
1 9829 1 9923 92301008
1 9894 1 9913 92308612
1 9866 1 9885 92316212
1 9847 1 9923 92323824
1 9801 1 9904 92331440
1 9876 1 9885 92339064
1 9885 1 9913 92346672
1 9791 1 9885 92354272
1 9847 1 9904 92361892
1 9838 1 9894 92369504
1 9894 1 9876 92377120
1 9866 1 9904 92384732
1 9913 1 9932 92392328
1 9885 1 9913 92399948
1 9876 1 9913 92407576
1 9866 1 9894 92415184
1 9866 1 9894 92422792
1 9819 1 9932 92430384
1 9866 1 9932 92437988
1 9894 1 9932 92445592
1 9923 1 9904 92453208
1 9838 1 9923 92460816
1 9857 1 9932 92468432
1 9857 1 9876 92476028
1 10654 1 9923 92483640
1 9885 1 9894 92491280
1 9801 1 9904 92498892
1 9866 1 9894 92506504
1 9866 1 9894 92514108
1 9913 1 9904 92521720
1 9866 1 9904 92529336
1 9819 1 9904 92536948
1 9847 1 9932 92544556
1 9923 1 9894 92552156
1 9847 1 9932 92559768
1 9819 1 9894 92567384
1 9838 1 9894 92574992
1 9923 1 9885 92582608
1 9847 1 9876 92590224
1 9885 1 9913 92597824
1 9866 1 9904 92605428
1 9876 1 9857 92613040
1 9819 1 9885 92620656
1 9801 1 9932 92628268
1 9847 1 9876 92635884
1 9801 1 9894 92643496
1 10682 1 9913 92651116
1 9810 1 9904 92658756
1 9876 1 9885 92666360
1 9857 1 9941 92673960
1 9829 1 9904 92681568
1 9838 1 9876 92689184
1 9857 1 9913 92696796
1 10626 1 9866 92704420
1 9876 1 9904 92712088
1 9847 1 9866 92719692
1 9866 1 9866 92727320
1 9913 1 9876 92734924
1 9894 1 9857 92742528
1 9876 1 9847 92750136
1 9866 1 9932 92757748
1 9801 1 9904 92765368
1 9819 1 9904 92772992
1 9801 1 9894 92780588
1 9763 1 9904 92788192
1 9810 1 9913 92795784
1 9829 1 9894 92803392
1 9866 1 9857 92811000
1 10682 1 9894 92818612
1 9838 1 9876 92826260
1 9810 1 9866 92833860
1 9801 1 9866 92841468
1 9829 1 9894 92849084
1 9847 1 9866 92856684
1 9736 1 9866 92864284
1 9866 1 9941 92871912
1 10598 1 9885 92879508
1 9838 1 9847 92887152
1 9829 1 9857 92894748
1 9810 1 9876 92902356
1 9819 1 9904 92909976
1 9829 1 9904 92917588
1 9801 1 9847 92925196
1 9866 1 9894 92932808
1 10664 1 9838 92940416
1 9791 1 9876 92948056
1 9782 1 9876 92955672
1 9838 1 9876 92963276
1 9838 1 9913 92970876
1 9810 1 9876 92978480
1 9829 1 9904 92986076
1 9829 1 9941 92993700
1 9782 1 9894 93001320
1 9772 1 9904 93008924
1 9819 1 9894 93016524
1 10654 1 9894 93024120
1 9857 1 9932 93031788
1 9819 1 9904 93039384
1 9866 1 9885 93047000
1 9847 1 9847 93054604
1 10213 1 9913 93062204
1 9819 1 9876 93069852
1 9801 1 9904 93077456
1 9782 1 9876 93085060
1 9876 1 9847 93092664
1 9745 1 9857 93100272
1 9791 1 9876 93107884
1 9838 1 9923 93115504
1 9847 1 9894 93123116
1 9763 1 9894 93130708
1 9829 1 9876 93138316
1 9810 1 9866 93145920
1 9894 1 9885 93153528
1 9847 1 9876 93161148
1 10270 1 9894 93168756
1 9857 1 9894 93176404
1 9810 1 9913 93184020
1 9819 1 9876 93191636
1 9801 1 9904 93199240
1 9791 1 9951 93206844
1 9819 1 9885 93214448
1 9763 1 9894 93222076
1 9838 1 9923 93229680
1 9857 1 9876 93237292
1 9782 1 9876 93244888
1 9801 1 9866 93252500
1 9829 1 9866 93260104
1 9838 1 9885 93267732
1 9847 1 9904 93275348
1 9847 1 9866 93282960
1 9819 1 9847 93290560
1 9782 1 9894 93298168
1 9736 1 9904 93305776
1 9876 1 9913 93313388
1 9791 1 9866 93320988
1 9782 1 9913 93328604
1 10288 1 9904 93336216
1 9838 1 9885 93343864
1 9801 1 9894 93351472
1 9876 1 9885 93359080
1 9829 1 9876 93366696
1 9857 1 9913 93374308
1 9866 1 9885 93381912
1 9810 1 9876 93389520
1 9791 1 9913 93397144
1 9866 1 9847 93404748
1 9857 1 9904 93412364
1 9876 1 9866 93419980
1 9819 1 9857 93427576
1 9838 1 9941 93435188
1 9772 1 9904 93442788
1 9857 1 9908 93450408
1 9847 1 9918 93458024
1 9838 1 9908 93465632
1 9857 1 9890 93473232
1 9838 1 9890 93480840
1 9876 1 9899 93488460
1 9754 1 9918 93496088
1 9847 1 9871 93503708
1 9810 1 9890 93511312
1 9857 1 9899 93518924
1 9819 1 9899 93526516
1 9847 1 9918 93534124
1 9819 1 9852 93541736
1 9829 1 9880 93549344
1 9847 1 9890 93556964
1 9810 1 9843 93564556
1 9810 1 9862 93572164
1 9819 1 9880 93579776
1 9838 1 9824 93587384
1 9801 1 9908 93594992
1 9801 1 9890 93602596
1 9885 1 9871 93610212
1 9829 1 9871 93617840
1 9744 1 9871 93625444
1 10260 1 9908 93633052
1 9763 1 9871 93640700
1 9847 1 9871 93648308
1 9829 1 9908 93655928
1 9791 1 9908 93663552
1 9801 1 9862 93671160
1 9829 1 9890 93678780
1 9782 1 9880 93686388
1 9847 1 9890 93693988
1 9885 1 9871 93701588
1 9763 1 9880 93709180
1 9829 1 9890 93716784
1 9810 1 9908 93724404
1 9810 1 9946 93732008
1 9791 1 9899 93739624
1 9866 1 9908 93747232
1 9866 1 9918 93754832
1 9866 1 9918 93762432
1 9838 1 9880 93770040
1 9838 1 9890 93777644
1 10617 1 9890 93785264
1 9782 1 9908 93792916
1 9876 1 9899 93800524
1 9801 1 9927 93808136
1 9838 1 9880 93815736
1 9810 1 9880 93823352
1 9951 1 9918 93830944
1 10692 1 9862 93838556
1 9772 1 9899 93846200
1 9829 1 9880 93853812
1 9819 1 9862 93861416
1 9857 1 9899 93869020
1 9819 1 9899 93876636
1 9791 1 9955 93884244
1 9847 1 9890 93891848
1 9847 1 9890 93899464
1 9829 1 9937 93907076
1 9772 1 9899 93914680
1 9894 1 9918 93922288
1 9847 1 9899 93929896
1 9857 1 9899 93937512
1 9847 1 9871 93945132
1 9847 1 9913 93952744
1 9847 1 9885 93960352
1 9801 1 9847 93967968
1 9847 1 9857 93975584
1 9801 1 9876 93983192
1 9810 1 9885 93990788
1 9866 1 9894 93998400
1 9847 1 9894 94006004
1 9772 1 9876 94013620
1 9819 1 9904 94021236
1 9763 1 9923 94028832
1 9791 1 9904 94036432
1 9763 1 9894 94044036
1 9810 1 9866 94051644
1 9829 1 9876 94059256
1 9819 1 9894 94066872
1 9763 1 9866 94074484
1 9857 1 9876 94082100
1 9744 1 9923 94089700
1 9838 1 9913 94097308
1 9801 1 9894 94104920
1 9810 1 9894 94112540
1 9857 1 9904 94120152
1 9810 1 9885 94127756
1 9810 1 9847 94135356
1 9810 1 9904 94142968
1 9838 1 9866 94150572
1 9810 1 9923 94158192
1 9801 1 9894 94165792
1 9791 1 9876 94173408
1 10598 1 9885 94181008
1 9791 1 9951 94188652
1 9866 1 9894 94196256
1 9744 1 9885 94203860
1 9791 1 9923 94211460
1 9857 1 9904 94219056
1 9829 1 9866 94226668
1 10307 1 9923 94234264
1 9819 1 9894 94241912
1 9838 1 9923 94249520
1 9763 1 9894 94257136
1 9782 1 9913 94264752
1 9801 1 9894 94272368
1 9847 1 9904 94279984
1 9819 1 9913 94287604
1 9744 1 9923 94295200
1 9772 1 9894 94302804
1 10710 1 9885 94310420
1 9772 1 9885 94318068
1 9838 1 9904 94325676
1 10251 1 9923 94333292
1 9857 1 9866 94340932
1 9913 1 9894 94348544
1 9876 1 9913 94356148
1 9801 1 9904 94363768
1 9904 1 9894 94371384
1 9819 1 9913 94378980
1 9866 1 9913 94386592
1 9782 1 9857 94394200
1 9810 1 9904 94401812
1 9847 1 9876 94409424
1 9885 1 9932 94417036
1 9810 1 9857 94424640
1 10354 1 9829 94432244
1 9763 1 9838 94439904
1 9857 1 9866 94447516
1 9829 1 9894 94455116
1 12970 1 9894 94462736
1 9829 1 9923 94470388
1 9876 1 9894 94478004
1 9745 1 9885 94485612
1 9866 1 9894 94493228
1 9791 1 9894 94500828
1 9847 1 9866 94508456
1 9866 1 9894 94516068
1 12932 1 9894 94523680
1 9791 1 9904 94531328
1 9772 1 9941 94538940
1 9904 1 9876 94546544
1 9838 1 9847 94554164
1 9791 1 9876 94561764
1 9819 1 9932 94569372
1 9866 1 9876 94576980
1 9904 1 9857 94584580
1 9913 1 9894 94592200
1 12895 1 9923 94599796
1 9819 1 9857 94607436
1 9847 1 9885 94615044
1 9847 1 9885 94622652
1 9838 1 9857 94630260
1 9829 1 9894 94637860
1 12848 1 9876 94645468
1 9810 1 9913 94653104
1 9791 1 9894 94660736
1 9791 1 9904 94668344
1 9829 1 9885 94675936
1 9857 1 9885 94683548
1 9829 1 9904 94691172
1 9838 1 9885 94698776
1 9829 1 9904 94706384
1 10317 1 9885 94713996
1 9885 1 9904 94721644
1 9829 1 9932 94729244
1 9810 1 9857 94736852
1 9866 1 9885 94744448
1 9847 1 9885 94752060
1 9801 1 9923 94759656
1 10335 1 9885 94767276
1 9847 1 9857 94774928
1 9791 1 9904 94782532
1 9838 1 9923 94790144
1 9810 1 9857 94797748
1 9772 1 9894 94805356
1 9782 1 9857 94812960
1 10288 1 9876 94820576
1 9801 1 9838 94828216
1 9791 1 9904 94835840
1 9782 1 9847 94843444
1 9810 1 9885 94851048
1 9810 1 9885 94858656
1 9763 1 9904 94866276
1 9782 1 9876 94873876
1 9829 1 9876 94881484
1 9772 1 9847 94889096
1 9810 1 9913 94896716
1 10739 1 9847 94904308
1 12951 1 9913 94911964
1 9801 1 9866 94919604
1 9838 1 9838 94927216
1 9819 1 9913 94934824
1 9847 1 9866 94942436
1 10279 1 9866 94950040
1 9819 1 9876 94957700
1 9829 1 9876 94965304
1 9847 1 9857 94972916
1 9829 1 9876 94980532
1 9819 1 9885 94988156
1 9763 1 9904 94995768
1 9782 1 9894 95003376
1 9801 1 9894 95011000
1 9857 1 9866 95018612
1 9717 1 9866 95026208
1 9772 1 9876 95033824
1 9819 1 9866 95041416
1 9791 1 9857 95049036
1 9801 1 9894 95056660
1 9885 1 9876 95064260
1 9847 1 9894 95071864
1 9810 1 9866 95079464
1 9801 1 9904 95087076
1 9810 1 9913 95094684
1 9829 1 9866 95102288
1 9782 1 9876 95109912
1 9801 1 9857 95117528
1 9857 1 9857 95125124
1 9857 1 9885 95132724
1 9847 1 9885 95140324
1 9847 1 9876 95147928
1 9819 1 9866 95155544
1 10682 1 9866 95163160
1 9876 1 9904 95170808
1 9810 1 9866 95178416
1 9819 1 9885 95186024
1 9866 1 9932 95193624
1 9847 1 9904 95201232
1 9904 1 9866 95208840
1 9838 1 9885 95216444
1 9810 1 9866 95224048
1 9698 1 9857 95231656
1 9829 1 9866 95239272
1 9857 1 9866 95246876
1 9819 1 9894 95254480
1 9857 1 9904 95262084
1 9847 1 9923 95269692
1 9782 1 9866 95277312
1 9754 1 9838 95284916
1 9772 1 9876 95292532
1 10335 1 9885 95300144
1 9838 1 9904 95307792
1 9819 1 9857 95315408
1 9763 1 9838 95323012
1 9772 1 9894 95330620
1 9772 1 9904 95338232
1 9717 1 9838 95345848
1 9857 1 9857 95353456
1 9772 1 9894 95361060
1 9772 1 9876 95368664
1 9819 1 9847 95376264
1 9744 1 9847 95383872
1 9782 1 9866 95391484
1 9904 1 9857 95399108
1 10701 1 9857 95406708
1 9772 1 9857 95414348
1 9847 1 9894 95421956
1 9763 1 9885 95429564
1 9810 1 9894 95437180
1 9838 1 9885 95444780
1 9791 1 9894 95452384
1 9838 1 9899 95459992
1 9829 1 9899 95467584
1 9782 1 9880 95475180
1 10270 1 9899 95482788
1 9772 1 9843 95490436
1 9801 1 9871 95498040
1 9810 1 9843 95505652
1 10645 1 9908 95513256
1 9829 1 9862 95520904
1 9801 1 9852 95528504
1 9801 1 9871 95536112
1 9801 1 9890 95543728
1 9763 1 9862 95551340
1 10739 1 9899 95558960
1 9838 1 9871 95566596
1 9782 1 9871 95574212
1 9782 1 9890 95581824
1 9894 1 9890 95589432
1 9838 1 9899 95597036
1 9782 1 9918 95604644
1 10654 1 9908 95612240
1 9819 1 9852 95619912
1 9754 1 9890 95627524
1 9838 1 9890 95635136
1 9782 1 9918 95642756
1 9810 1 9862 95650360
1 9745 1 9899 95657964
1 9913 1 9890 95665592
1 9772 1 9899 95673196
1 9791 1 9852 95680820
1 9801 1 9871 95688416
1 9801 1 9871 95696040
1 9651 1 9890 95703664
1 9876 1 9918 95711264
1 9763 1 9908 95718864
1 9857 1 9852 95726472
1 9782 1 9918 95734072
1 9801 1 9880 95741688
1 9801 1 9880 95749296
1 9782 1 9918 95756904
1 9810 1 9880 95764532
1 9847 1 9890 95772132
1 9810 1 9880 95779740
1 9819 1 9852 95787356
1 9791 1 9833 95794968
1 9791 1 9871 95802588
1 9801 1 9880 95810180
1 9838 1 9871 95817784
1 9829 1 9824 95825388
1 9810 1 9899 95832984
1 9876 1 9852 95840596
1 9857 1 9852 95848228
1 9810 1 9899 95855832
1 9819 1 9833 95863448
1 9819 1 9871 95871048
1 9801 1 9918 95878648
1 9801 1 9871 95886256
1 9810 1 9880 95893864
1 9866 1 9918 95901468
1 9819 1 9880 95909096
1 9829 1 9899 95916696
1 9810 1 9890 95924312
1 9838 1 9843 95931912
1 9866 1 9908 95939516
1 9763 1 9890 95947128
1 9819 1 9843 95954728
1 10701 1 9918 95962332
1 9847 1 9862 95969988
1 9810 1 9927 95977600
1 9801 1 9880 95985204
1 9745 1 9927 95992796
1 9810 1 9862 96000404
1 9866 1 9908 96008008
1 9810 1 9927 96015612
1 9801 1 9871 96023228
1 9801 1 9937 96030844
1 9791 1 9908 96038456
1 9829 1 9852 96046064
1 9801 1 9908 96053676
1 9847 1 9908 96061296
1 9791 1 9871 96068920
1 9866 1 9890 96076516
1 9782 1 9899 96084136
1 9819 1 9899 96091752
1 9791 1 9927 96099356
1 9772 1 9908 96106972
1 9744 1 9899 96114576
1 9866 1 9890 96122184
1 9791 1 9918 96129804
1 9819 1 9843 96137408
1 9744 1 9871 96145008
1 9829 1 9862 96152612
1 9829 1 9871 96160220
1 9819 1 9927 96167832
1 9838 1 9852 96175440
1 9819 1 9918 96183060
1 9717 1 9880 96190680
1 9791 1 9871 96198284
1 9904 1 9908 96205884
1 9819 1 9862 96213480
1 9819 1 9843 96221080
1 9782 1 9862 96228696
1 9819 1 9908 96236308
1 9791 1 9880 96243928
1 9745 1 9862 96251540
1 9838 1 9908 96259152
1 9810 1 9862 96266760
1 9801 1 9880 96274360
1 9782 1 9890 96281968
1 9810 1 9908 96289564
1 9791 1 9908 96297176
1 9726 1 9908 96304780
1 10692 1 9833 96312388
1 9894 1 9862 96320020
1 9819 1 9852 96327624
1 9782 1 9899 96335236
1 9801 1 9862 96342848
1 9726 1 9880 96350460
1 9763 1 9833 96358068
1 9829 1 9871 96365684
1 9791 1 9899 96373284
1 9866 1 9852 96380892
1 9819 1 9927 96388496
1 12867 1 9880 96396112
1 9829 1 9937 96403748
1 9847 1 9880 96411352
1 9847 1 9862 96418960
1 9736 1 9880 96426572
1 9801 1 9880 96434176
1 9744 1 9890 96441792
1 9791 1 9852 96449400
1 9679 1 9843 96457008
1 9782 1 9904 96464624
1 9810 1 9866 96472248
1 9744 1 9894 96479856
1 9866 1 9885 96487472
1 9829 1 9876 96495072
1 9819 1 9876 96502676
1 9791 1 9894 96510284
1 9801 1 9876 96517896
1 9847 1 9847 96525512
1 9651 1 9885 96533120
1 9810 1 9885 96540712
1 9754 1 9885 96548316
1 9763 1 9894 96555924
1 9801 1 9904 96563536
1 9772 1 9838 96571148
1 9791 1 9876 96578760
1 9801 1 9876 96586364
1 9736 1 9923 96593980
1 9847 1 9819 96601584
1 9754 1 9894 96609184
1 9829 1 9913 96616788
1 9744 1 9876 96624408
1 9810 1 9857 96632024
1 9838 1 9866 96639632
1 9819 1 9838 96647240
1 9791 1 9838 96654844
1 9763 1 9894 96662452
1 9782 1 9866 96670064
1 9736 1 9857 96677664
1 9791 1 9894 96685280
