0 0 0 0 267996048
0 0 0 0 268004768
0 0 0 0 268013480
0 0 0 0 268021008
0 0 0 0 268029720
0 0 0 0 268038436
0 0 0 0 268045952
0 0 0 0 268054656
0 0 0 0 268063364
0 0 0 0 268070880
0 0 0 0 268079604
0 0 0 0 268088316
0 0 0 0 268097040
0 0 0 0 268104556
0 0 0 0 268113268
0 0 0 0 268121976
0 0 0 0 268129504
0 0 0 0 268138208
0 0 0 0 268146924
0 0 0 0 268154448
0 0 0 0 268161976
0 0 0 0 268169496
0 0 0 0 268178208
0 0 0 0 268186932
0 0 0 0 268194444
0 0 0 0 268201940
0 0 0 0 268210656
0 0 0 0 268219352
0 0 0 0 268226880
0 0 0 0 268235568
0 0 0 0 268244292
0 0 0 0 268251804
0 0 0 0 268260536
0 0 0 0 268269248
0 0 0 0 268276776
0 0 0 0 268285472
0 0 0 0 268294188
0 0 0 0 268301716
0 0 0 0 268310436
0 0 0 0 268319156
0 0 0 0 268326684
0 0 0 0 268335396
0 0 0 0 268344100
0 0 0 0 268352828
0 0 0 0 268361540
0 0 0 0 268370256
0 0 0 0 268377788
0 0 0 0 268386488
0 0 0 0 268395196
0 0 0 0 268402740
0 0 0 0 268411452
0 0 0 0 268420168
0 0 0 0 268427696
0 0 0 0 268436412
0 0 0 0 268445124
0 0 0 0 268452640
0 0 0 0 268461348
0 0 0 0 268470052
0 0 0 0 268477576
0 0 0 0 268486272
0 0 0 0 268494984
0 0 0 0 268502500
0 0 0 0 268511200
0 0 0 0 268519920
0 0 0 0 268527432
0 0 0 0 268536152
0 0 0 0 268543676
0 0 0 0 268552404
0 0 0 0 268561104
0 0 0 0 268568632
0 0 0 0 268577348
0 0 0 0 268586072
0 0 0 0 268593604
0 0 0 0 268602308
0 0 0 0 268611032
0 0 0 0 268618556
0 0 0 0 268627260
0 0 0 0 268635960
0 0 0 0 268643492
0 0 0 0 268652200
0 0 0 0 268660924
0 0 0 0 268668436
0 0 0 0 268677136
0 0 0 0 268685832
0 0 0 0 268694564
0 0 0 0 268702068
0 0 0 0 268710784
0 0 0 0 268719508
0 0 0 0 268727008
0 0 0 0 268735732
0 0 0 0 268744436
0 0 0 0 268751960
0 0 0 0 268759484
0 0 0 0 268768204
0 0 0 0 268776908
0 0 0 0 268784424
0 0 0 0 268793156
0 0 0 0 268801856
0 0 0 0 268809384
0 0 0 0 268818108
0 0 0 0 268826828
0 0 0 0 268834336
0 0 0 0 268843064
0 0 0 0 268851764
0 0 0 0 268859284
0 0 0 0 268868000
0 0 0 0 268874344
0 0 0 0 268883060
0 0 0 0 268889376
0 0 0 0 268898080
0 0 0 0 268905596
0 0 0 0 268914308
0 0 0 0 268923024
0 0 0 0 268929352
0 0 0 0 268938060
0 0 0 0 268946776
0 0 0 0 268954300
0 0 0 0 268963020
0 0 0 0 268971728
0 0 0 0 268979252
0 0 0 0 268987964
0 0 0 0 268996688
0 0 0 0 269004212
0 0 0 0 269012932
0 0 0 0 269021632
0 0 0 0 269029152
0 0 0 0 269037864
0 0 0 0 269046564
0 0 0 0 269054088
0 0 0 0 269062800
0 0 0 0 269071504
0 0 0 0 269079032
0 0 0 0 269087724
0 0 0 0 269096440
0 0 0 0 269103960
0 0 0 0 269112688
0 0 0 0 269120204
0 0 0 0 269128924
0 0 0 0 269137632
0 0 0 0 269145168
0 0 0 0 269153876
0 0 0 0 269162600
0 0 0 0 269170120
0 0 0 0 269178820
0 0 0 0 269187528
0 0 0 0 269195036
0 0 0 0 269203752
0 0 0 0 269212452
0 0 0 0 269219988
0 0 0 0 269228696
0 0 0 0 269237408
0 0 0 0 269246124
0 0 0 0 269253652
0 0 0 0 269262360
0 0 0 0 269271064
0 0 0 0 269278580
0 0 0 0 269286092
0 0 0 0 269294812
0 0 0 0 269303528
0 0 0 0 269311056
0 0 0 0 269319776
0 0 0 0 269328496
0 0 0 0 269336012
0 0 0 0 269344708
0 0 0 0 269353432
0 0 0 0 269360956
0 0 0 0 269369672
0 0 0 0 269376008
0 0 0 0 269384728
0 0 0 0 269392236
0 0 0 0 269400956
0 0 0 0 269409664
0 0 0 0 269415988
0 0 0 0 269424692
0 0 0 0 269432216
0 0 0 0 269440924
0 0 0 0 269449640
0 0 0 0 269458352
0 0 0 0 269465892
0 0 0 0 269474592
0 0 0 0 269483308
0 0 0 0 269490828
0 0 0 0 269499524
0 0 0 0 269508236
0 0 0 0 269515756
0 0 0 0 269524476
0 0 0 0 269533176
0 0 0 0 269541892
0 0 0 0 269550596
0 0 0 0 269559320
0 0 0 0 269566828
0 0 0 0 269575548
0 0 0 0 269584264
0 0 0 0 269591792
0 0 0 0 269600504
0 0 0 0 269609228
0 0 0 0 269616760
0 0 0 0 269625472
0 0 0 0 269634184
0 0 0 0 269641692
0 0 0 0 269650400
0 0 0 0 269659096
0 0 0 0 269666624
0 0 0 0 269675316
0 0 0 0 269684028
0 0 0 0 269692756
0 0 0 0 269701472
0 0 0 0 269710184
0 0 0 0 269717708
0 0 0 0 269726412
0 0 0 0 269735128
0 0 0 0 269742660
0 0 0 0 269751392
0 0 0 0 269760096
0 0 0 0 269767624
0 0 0 0 269775156
0 0 0 0 269782672
0 0 0 0 269790184
0 0 0 0 269798904
0 0 0 0 269807632
0 0 0 0 269815140
0 0 0 0 269822644
0 0 0 0 269830180
0 0 0 0 269838872
0 0 0 0 269847572
0 0 0 0 269855092
0 0 0 0 269862592
0 0 0 0 269871324
0 0 0 0 269880036
0 0 0 0 269887572
0 0 0 0 269896284
0 0 0 0 269903808
0 0 0 0 269912528
0 0 0 0 269921220
0 0 0 0 269927560
0 0 0 0 269936272
0 0 0 0 269943776
0 0 0 0 269952500
0 0 0 0 269961204
0 0 0 0 269967536
0 0 0 0 269976248
0 0 0 0 269984956
0 0 0 0 269992484
0 0 0 0 270001200
0 0 0 0 270009912
0 0 0 0 270017436
0 0 0 0 270026148
0 0 0 0 270034856
0 0 0 0 270042388
0 0 0 0 270051108
0 0 0 0 270059828
0 0 0 0 270067344
0 0 0 0 270076052
0 0 0 0 270084756
0 0 0 0 270092268
0 0 0 0 270100980
0 0 0 0 270109680
0 0 0 0 270118404
0 0 0 0 270127112
0 0 0 0 270135836
0 0 0 0 270143364
0 0 0 0 270152084
0 0 0 0 270160784
0 0 0 0 270168324
0 0 0 0 270177036
0 0 0 0 270185760
0 0 0 0 270193280
0 0 0 0 270202000
0 0 0 0 270210700
0 0 0 0 270218220
0 0 0 0 270226936
0 0 0 0 270235664
0 0 0 0 270243188
0 0 0 0 270251908
0 0 0 0 270260628
0 0 0 0 270268140
0 0 0 0 270276860
0 0 0 0 270285568
0 0 0 0 270294292
0 0 0 0 270301816
0 0 0 0 270310512
0 0 0 0 270319224
0 0 0 0 270326728
0 0 0 0 270334252
0 0 0 0 270341780
0 0 0 0 270350488
0 0 0 0 270359196
0 0 0 0 270366708
0 0 0 0 270375428
0 0 0 0 270384140
0 0 0 0 270391644
0 0 0 0 270399168
0 0 0 0 270407896
0 0 0 0 270416596
0 0 0 0 270424124
0 0 0 0 270432840
0 0 0 0 270441556
0 0 0 0 270449080
0 0 0 0 270457796
0 0 0 0 270464136
0 0 0 0 270472844
0 0 0 0 270480340
0 0 0 0 270489056
0 0 0 0 270497764
0 0 0 0 270504096
0 0 0 0 270512804
0 0 0 0 270520332
0 0 0 0 270529028
0 0 0 0 270537736
0 0 0 0 270544060
0 0 0 0 270552772
0 0 0 0 270561496
0 0 0 0 270569024
0 0 0 0 270577736
0 0 0 0 270586436
0 0 0 0 270593968
0 0 0 0 270602684
0 0 0 0 270611392
0 0 0 0 270618916
0 0 0 0 270627616
0 0 0 0 270636336
0 0 0 0 270643852
0 0 0 0 270652560
0 0 0 0 270661276
0 0 0 0 270668808
0 0 0 0 270677508
0 0 0 0 270686216
0 0 0 0 270693728
0 0 0 0 270702428
0 0 0 0 270709952
0 0 0 0 270718664
0 0 0 0 270727392
0 0 0 0 270734908
0 0 0 0 270743632
0 0 0 0 270752352
0 0 0 0 270759876
0 0 0 0 270768588
0 0 0 0 270777288
0 0 0 0 270784824
0 0 0 0 270793516
0 0 0 0 270802244
0 0 0 0 270809760
0 0 0 0 270818472
0 0 0 0 270827200
0 0 0 0 270834740
0 0 0 0 270843452
0 0 0 0 270852168
0 0 0 0 270859692
0 0 0 0 270868416
0 0 0 0 270877132
0 0 0 0 270884652
0 0 0 0 270893372
0 0 0 0 270902080
0 0 0 0 270910800
0 0 0 0 270919508
0 0 0 0 270928216
0 0 0 0 270935740
0 0 0 0 270944464
0 0 0 0 270953180
0 0 0 0 270960700
0 0 0 0 270969408
0 0 0 0 270978124
0 0 0 0 270985652
0 0 0 0 270994364
0 0 0 0 271003068
0 0 0 0 271010588
0 0 0 0 271019304
0 0 0 0 271028012
0 0 0 0 271035552
0 0 0 0 271044264
0 0 0 0 271050608
0 0 0 0 271059320
0 0 0 0 271065648
0 0 0 0 271074356
0 0 0 0 271083072
0 0 0 0 271090592
0 0 0 0 271099312
0 0 0 0 271108036
0 0 0 0 271115560
0 0 0 0 271124252
0 0 0 0 271132976
0 0 0 0 271140488
0 0 0 0 271149200
0 0 0 0 271157900
0 0 0 0 271165420
0 0 0 0 271174136
0 0 0 0 271182860
0 0 0 0 271191576
0 0 0 0 271200280
0 0 0 0 271208988
0 0 0 0 271216520
0 0 0 0 271225240
0 0 0 0 271233948
0 0 0 0 271241480
0 0 0 0 271250200
0 0 0 0 271258916
0 0 0 0 271266444
0 0 0 0 271275144
0 0 0 0 271283844
0 0 0 0 271291348
0 0 0 0 271300060
0 0 0 0 271308764
0 0 0 0 271317480
0 0 0 0 271326184
0 0 0 0 271334908
0 0 0 0 271342412
0 0 0 0 271351132
0 0 0 0 271359844
0 0 0 0 271367372
0 0 0 0 271376092
0 0 0 0 271384800
0 0 0 0 271392320
0 0 0 0 271399832
0 0 0 0 271407360
0 0 0 0 271414880
0 0 0 0 271423600
0 0 0 0 271432312
0 0 0 0 271439824
0 0 0 0 271447348
0 0 0 0 271454864
0 0 0 0 271463580
0 0 0 0 271472284
0 0 0 0 271481004
0 0 0 0 271489720
0 0 0 0 271497264
0 0 0 0 271505984
0 0 0 0 271514700
0 0 0 0 271522236
0 0 0 0 271530948
0 0 0 0 271539660
0 0 0 0 271547168
0 0 0 0 271555892
0 0 0 0 271564584
0 0 0 0 271572096
0 0 0 0 271580800
0 0 0 0 271589504
0 0 0 0 271598204
0 0 0 0 271606916
0 0 0 0 271614436
0 0 0 0 271623144
0 0 0 0 271631860
0 0 0 0 271638200
0 0 0 0 271646912
0 0 0 0 271655624
0 0 0 0 271663152
0 0 0 0 271671864
0 0 0 0 271680572
0 0 0 0 271688088
0 0 0 0 271696796
0 0 0 0 271705528
0 0 0 0 271713052
0 0 0 0 271721780
0 0 0 0 271730480
0 0 0 0 271738012
0 0 0 0 271746712
0 0 0 0 271755428
0 0 0 0 271762932
0 0 0 0 271771636
0 0 0 0 271780344
0 0 0 0 271787872
0 0 0 0 271796588
0 0 0 0 271805312
0 0 0 0 271812836
0 0 0 0 271821540
0 0 0 0 271830268
0 0 0 0 271837796
0 0 0 0 271846520
0 0 0 0 271854036
0 0 0 0 271862760
0 0 0 0 271871472
0 0 0 0 271878976
0 0 0 0 271887700
0 0 0 0 271896384
0 0 0 0 271903904
0 0 0 0 271912608
0 0 0 0 271921324
0 0 0 0 271928848
0 0 0 0 271937560
0 0 0 0 271946268
0 0 0 0 271953784
0 0 0 0 271962508
0 0 0 0 271971216
0 0 0 0 271979940
0 0 0 0 271987460
0 0 0 0 271996160
0 0 0 0 272004884
0 0 0 0 272013600
0 0 0 0 272022300
0 0 0 0 272029848
0 0 0 0 272038560
0 0 0 0 272047288
0 0 0 0 272054808
0 0 0 0 272063532
0 0 0 0 272072244
0 0 0 0 272079764
0 0 0 0 272088480
0 0 0 0 272094812
0 0 0 0 272103540
0 0 0 0 272111064
0 0 0 0 272119760
0 0 0 0 272128472
0 0 0 0 272134792
0 0 0 0 272143504
0 0 0 0 272151032
0 0 0 0 272159732
0 0 0 0 272168440
0 0 0 0 272174768
0 0 0 0 272183484
0 0 0 0 272192192
0 0 0 0 272199728
0 0 0 0 272208432
0 0 0 0 272217148
0 0 0 0 272224664
0 0 0 0 272233364
0 0 0 0 272242088
0 0 0 0 272249600
0 0 0 0 272258304
0 0 0 0 272267020
0 0 0 0 272274544
0 0 0 0 272283252
0 0 0 0 272291952
0 0 0 0 272299464
0 0 0 0 272308164
0 0 0 0 272316888
0 0 0 0 272324396
0 0 0 0 272333124
0 0 0 0 272340644
0 0 0 0 272349364
0 0 0 0 272358076
0 0 0 0 272365604
0 0 0 0 272374312
0 0 0 0 272383032
0 0 0 0 272390568
0 0 0 0 272399272
0 0 0 0 272407984
0 0 0 0 272415516
0 0 0 0 272424228
0 0 0 0 272432928
0 0 0 0 272440456
0 0 0 0 272449164
0 0 0 0 272457876
0 0 0 0 272465392
0 0 0 0 272474104
0 0 0 0 272482812
0 0 0 0 272491532
0 0 0 0 272499044
0 0 0 0 272507748
0 0 0 0 272516464
0 0 0 0 272523984
0 0 0 0 272532696
0 0 0 0 272541400
0 0 0 0 272548928
0 0 0 0 272556452
0 0 0 0 272565160
0 0 0 0 272573880
0 0 0 0 272581404
0 0 0 0 272590116
0 0 0 0 272598812
0 0 0 0 272606336
0 0 0 0 272615048
0 0 0 0 272623760
0 0 0 0 272631280
0 0 0 0 272639984
0 0 0 0 272648696
0 0 0 0 272656216
0 0 0 0 272664936
0 0 0 0 272673656
0 0 0 0 272682372
0 0 0 0 272691080
0 0 0 0 272699804
0 0 0 0 272707316
0 0 0 0 272716028
0 0 0 0 272724744
0 0 0 0 272732288
0 0 0 0 272740996
0 0 0 0 272749712
0 0 0 0 272757244
0 0 0 0 272765960
0 0 0 0 272774672
0 0 0 0 272782192
0 0 0 0 272790904
0 0 0 0 272799620
0 0 0 0 272807140
0 0 0 0 272815844
0 0 0 0 272824564
0 0 0 0 272832088
0 0 0 0 272840812
0 0 0 0 272849532
0 0 0 0 272857044
0 0 0 0 272865760
0 0 0 0 272874464
0 0 0 0 272881988
0 0 0 0 272890684
0 0 0 0 272899400
0 0 0 0 272906920
0 0 0 0 272915640
0 0 0 0 272923160
0 0 0 0 272931868
0 0 0 0 272940580
0 0 0 0 272948104
0 0 0 0 272956828
0 0 0 0 272965540
0 0 0 0 272973068
0 0 0 0 272981784
0 0 0 0 272990500
0 0 0 0 272998024
0 0 0 0 273006740
0 0 0 0 273015448
0 0 0 0 273022988
0 0 0 0 273031712
0 0 0 0 273040424
0 0 0 0 273047944
0 0 0 0 273055460
0 0 0 0 273063000
0 0 0 0 273070516
0 0 0 0 273078040
0 0 0 0 273085556
0 0 0 0 273094256
0 0 0 0 273102968
0 0 0 0 273110488
0 0 0 0 273118012
0 0 0 0 273126724
0 0 0 0 273135420
0 0 0 0 273142948
0 0 0 0 273151660
0 0 0 0 273160376
0 0 0 0 273167896
0 0 0 0 273176612
0 0 0 0 273182940
0 0 0 0 273191644
0 0 0 0 273199156
0 0 0 0 273207868
0 0 0 0 273216584
0 0 0 0 273222916
0 0 0 0 273231620
0 0 0 0 273239132
0 0 0 0 273247852
0 0 0 0 273256560
0 0 0 0 273262880
0 0 0 0 273271588
0 0 0 0 273280308
0 0 0 0 273287844
0 0 0 0 273296572
0 0 0 0 273305284
0 0 0 0 273312816
0 0 0 0 273321528
0 0 0 0 273330244
0 0 0 0 273337768
0 0 0 0 273346480
0 0 0 0 273355192
0 0 0 0 273362720
0 0 0 0 273371432
0 0 0 0 273380136
0 0 0 0 273387668
0 0 0 0 273396360
0 0 0 0 273405064
0 0 0 0 273412580
0 0 0 0 273421284
0 0 0 0 273430000
0 0 0 0 273437504
0 0 0 0 273446212
0 0 0 0 273453732
0 0 0 0 273462456
0 0 0 0 273471168
0 0 0 0 273478704
0 0 0 0 273487416
0 0 0 0 273496124
0 0 0 0 273503652
0 0 0 0 273512360
0 0 0 0 273521076
0 0 0 0 273528612
0 0 0 0 273537316
0 0 0 0 273546020
0 0 0 0 273553552
0 0 0 0 273562264
0 0 0 0 273570968
0 0 0 0 273579672
0 0 0 0 273587184
0 0 0 0 273595900
0 0 0 0 273604632
0 0 0 0 273612148
0 0 0 0 273620864
0 0 0 0 273629576
0 0 0 0 273637088
0 0 0 0 273645812
0 0 0 0 273654524
0 0 0 0 273663232
0 0 0 0 273671940
0 0 0 0 273679452
0 0 0 0 273686968
0 0 0 0 273694500
0 0 0 0 273703216
0 0 0 0 273711912
0 0 0 0 273719436
0 0 0 0 273728148
0 0 0 0 273736848
0 0 0 0 273744368
0 0 0 0 273753072
0 0 0 0 273761780
0 0 0 0 273770512
0 0 0 0 273779224
0 0 0 0 273787948
0 0 0 0 273795468
0 0 0 0 273804168
0 0 0 0 273812880
0 0 0 0 273820412
0 0 0 0 273829120
0 0 0 0 273837840
0 0 0 0 273845380
0 0 0 0 273854088
0 0 0 0 273862796
0 0 0 0 273870312
0 0 0 0 273879008
0 0 0 0 273887732
0 0 0 0 273895240
0 0 0 0 273903948
0 0 0 0 273912644
0 0 0 0 273921388
0 0 0 0 273930096
0 0 0 0 273938808
0 0 0 0 273946328
0 0 0 0 273955040
0 0 0 0 273963744
0 0 0 0 273971284
0 0 0 0 273980000
0 0 0 0 273988716
0 0 0 0 273996248
0 0 0 0 274004944
0 0 0 0 274013648
0 0 0 0 274021168
0 0 0 0 274029864
0 0 0 0 274038560
0 0 0 0 274047288
0 0 0 0 274055980
0 0 0 0 274064708
0 0 0 0 274072228
0 0 0 0 274080964
0 0 0 0 274089668
0 0 0 0 274097204
0 0 0 0 274104728
0 0 0 0 274113428
0 0 0 0 274122148
0 0 0 0 274129672
0 0 0 0 274137204
0 0 0 0 274144720
0 0 0 0 274153412
0 0 0 0 274162124
0 0 0 0 274169632
0 0 0 0 274177164
0 0 0 0 274185864
0 0 0 0 274194564
0 0 0 0 274202084
0 0 0 0 274209584
0 0 0 0 274217112
0 0 0 0 274225828
0 0 0 0 274234544
0 0 0 0 274242080
0 0 0 0 274250792
0 0 0 0 274257112
0 0 0 0 274265824
0 0 0 0 274273348
0 0 0 0 274282068
0 0 0 0 274290784
0 0 0 0 274298312
0 0 0 0 274307012
0 0 0 0 274315716
0 0 0 0 274322056
0 0 0 0 274330752
0 0 0 0 274339452
0 0 0 0 274346976
0 0 0 0 274355700
0 0 0 0 274364408
0 0 0 0 274371924
0 0 0 0 274380636
0 0 0 0 274389344
0 0 0 0 274396868
0 0 0 0 274405592
0 0 0 0 274414304
0 0 0 0 274421852
0 0 0 0 274430556
0 0 0 0 274439280
0 0 0 0 274446804
0 0 0 0 274455492
0 0 0 0 274464196
0 0 0 0 274472900
0 0 0 0 274481616
0 0 0 0 274490320
0 0 0 0 274497844
0 0 0 0 274506548
0 0 0 0 274515264
0 0 0 0 274522788
0 0 0 0 274531516
0 0 0 0 274540220
0 0 0 0 274547752
0 0 0 0 274556468
0 0 0 0 274565188
0 0 0 0 274572708
0 0 0 0 274581416
0 0 0 0 274590140
0 0 0 0 274597664
0 0 0 0 274606372
0 0 0 0 274615072
0 0 0 0 274623780
0 0 0 0 274632484
0 0 0 0 274641200
0 0 0 0 274648728
0 0 0 0 274656236
0 0 0 0 274663760
0 0 0 0 274671296
0 0 0 0 274680012
0 0 0 0 274688708
0 0 0 0 274696236
0 0 0 0 274704948
0 0 0 0 274713660
0 0 0 0 274721184
0 0 0 0 274728700
0 0 0 0 274737408
0 0 0 0 274746120
0 0 0 0 274753636
0 0 0 0 274762340
0 0 0 0 274771056
0 0 0 0 274778576
0 0 0 0 274787280
0 0 0 0 274795996
0 0 0 0 274803508
0 0 0 0 274812232
0 0 0 0 274820936
0 0 0 0 274829656
0 0 0 0 274838368
0 0 0 0 274845904
0 0 0 0 274854628
0 0 0 0 274863352
0 0 0 0 274872064
0 0 0 0 274879592
0 0 0 0 274888312
0 0 0 0 274897016
0 0 0 0 274904536
0 0 0 0 274913244
0 0 0 0 274921960
0 0 0 0 274929472
0 0 0 0 274938192
0 0 0 0 274946908
0 0 0 0 274954436
0 0 0 0 274963148
0 0 0 0 274971872
0 0 0 0 274979400
0 0 0 0 274988100
0 0 0 0 274996812
0 0 0 0 275004328
0 0 0 0 275013044
0 0 0 0 275021760
0 0 0 0 275029284
0 0 0 0 275037992
0 0 0 0 275046712
0 0 0 0 275054224
0 0 0 0 275062920
0 0 0 0 275070440
0 0 0 0 275079140
0 0 0 0 275087868
0 0 0 0 275095400
0 0 0 0 275104124
0 0 0 0 275112836
0 0 0 0 275120380
0 0 0 0 275129088
0 0 0 0 275137800
0 0 0 0 275145348
0 0 0 0 275154056
0 0 0 0 275162756
0 0 0 0 275170268
0 0 0 0 275178988
0 0 0 0 275187692
0 0 0 0 275195232
0 0 0 0 275203944
0 0 0 0 275212656
0 0 0 0 275221356
0 0 0 0 275228888
0 0 0 0 275237592
0 0 0 0 275246316
0 0 0 0 275253840
0 0 0 0 275262548
0 0 0 0 275271260
0 0 0 0 275279984
0 0 0 0 275288700
0 0 0 0 275296212
0 0 0 0 275304924
0 0 0 0 275313608
0 0 0 0 275321140
0 0 0 0 275329840
0 0 0 0 275338556
0 0 0 0 275346080
0 0 0 0 275354804
0 0 0 0 275363512
0 0 0 0 275371052
0 0 0 0 275379764
0 0 0 0 275388476
0 0 0 0 275397196
0 0 0 0 275405912
0 0 0 0 275414624
0 0 0 0 275422148
0 0 0 0 275430880
0 0 0 0 275439576
0 0 0 0 275447108
0 0 0 0 275455816
0 0 0 0 275464524
0 0 0 0 275472044
0 0 0 0 275480764
0 0 0 0 275489472
0 0 0 0 275497016
0 0 0 0 275505724
0 0 0 0 275514436
0 0 0 0 275521964
0 0 0 0 275530676
0 0 0 0 275539392
0 0 0 0 275546912
0 0 0 0 275555632
0 0 0 0 275564324
0 0 0 0 275571848
0 0 0 0 275580548
0 0 0 0 275589252
0 0 0 0 275596776
0 0 0 0 275605480
0 0 0 0 275613004
0 0 0 0 275621724
0 0 0 0 275630436
0 0 0 0 275637952
0 0 0 0 275646684
0 0 0 0 275655396
0 0 0 0 275662932
0 0 0 0 275671644
0 0 0 0 275680376
0 0 0 0 275687896
0 0 0 0 275696600
0 0 0 0 275705320
0 0 0 0 275712836
0 0 0 0 275721552
0 0 0 0 275730268
0 0 0 0 275737792
0 0 0 0 275746508
0 0 0 0 275755232
0 0 0 0 275762760
0 0 0 0 275771476
0 0 0 0 275780192
0 0 0 0 275787716
0 0 0 0 275795244
0 0 0 0 275802772
0 0 0 0 275810280
0 0 0 0 275817816
0 0 0 0 275825332
0 0 0 0 275834060
0 0 0 0 275842772
0 0 0 0 275851488
0 0 0 0 275860188
0 0 0 0 275867724
0 0 0 0 275876440
0 0 0 0 275885156
0 0 0 0 275892684
0 0 0 0 275901380
0 0 0 0 275910108
0 0 0 0 275917632
0 0 0 0 275926356
0 0 0 0 275932692
0 0 0 0 275941416
0 0 0 0 275947736
0 0 0 0 275956444
0 0 0 0 275963964
0 0 0 0 275972680
0 0 0 0 275981388
0 0 0 0 275990092
0 0 0 0 275997612
0 0 0 0 276006320
0 0 0 0 276015040
0 0 0 0 276022564
0 0 0 0 276031264
0 0 0 0 276039988
0 0 0 0 276048684
0 0 0 0 276057404
0 0 0 0 276066112
0 0 0 0 276073636
0 0 0 0 276082344
0 0 0 0 276091064
0 0 0 0 276098584
0 0 0 0 276107304
0 0 0 0 276116016
0 0 0 0 276123532
0 0 0 0 276132256
0 0 0 0 276140968
0 0 0 0 276148496
0 0 0 0 276157208
0 0 0 0 276165928
0 0 0 0 276173448
0 0 0 0 276182160
0 0 0 0 276190856
0 0 0 0 276199572
0 0 0 0 276208280
0 0 0 0 276217004
0 0 0 0 276224524
0 0 0 0 276233244
0 0 0 0 276241956
0 0 0 0 276249476
0 0 0 0 276258200
0 0 0 0 276266912
0 0 0 0 276274448
0 0 0 0 276281964
0 0 0 0 276289476
0 0 0 0 276297008
0 0 0 0 276305700
0 0 0 0 276314412
0 0 0 0 276321928
0 0 0 0 276329444
0 0 0 0 276336976
0 0 0 0 276345680
0 0 0 0 276354380
0 0 0 0 276361900
0 0 0 0 276369428
0 0 0 0 276378132
0 0 0 0 276386860
0 0 0 0 276394368
0 0 0 0 276403080
0 0 0 0 276410604
0 0 0 0 276419312
0 0 0 0 276428016
0 0 0 0 276434348
0 0 0 0 276443064
0 0 0 0 276450584
0 0 0 0 276459304
0 0 0 0 276468012
0 0 0 0 276474332
0 0 0 0 276483048
0 0 0 0 276490564
0 0 0 0 276499268
0 0 0 0 276507988
0 0 0 0 276516696
0 0 0 0 276524220
0 0 0 0 276532928
0 0 0 0 276541656
0 0 0 0 276549168
0 0 0 0 276557876
0 0 0 0 276566596
0 0 0 0 276574112
0 0 0 0 276582832
0 0 0 0 276591552
0 0 0 0 276599076
0 0 0 0 276607772
0 0 0 0 276616480
0 0 0 0 276625192
0 0 0 0 276633928
0 0 0 0 276642620
0 0 0 0 276650140
0 0 0 0 276658836
0 0 0 0 276667540
0 0 0 0 276675056
0 0 0 0 276683748
0 0 0 0 276692472
0 0 0 0 276700008
0 0 0 0 276708728
0 0 0 0 276717444
0 0 0 0 276724976
0 0 0 0 276733680
0 0 0 0 276742396
0 0 0 0 276751116
0 0 0 0 276759812
0 0 0 0 276768536
0 0 0 0 276776060
0 0 0 0 276784776
0 0 0 0 276793496
0 0 0 0 276801016
0 0 0 0 276809716
0 0 0 0 276818432
0 0 0 0 276825948
0 0 0 0 276834656
0 0 0 0 276843372
0 0 0 0 276850900
0 0 0 0 276858420
0 0 0 0 276865936
0 0 0 0 276873468
0 0 0 0 276880992
0 0 0 0 276888516
0 0 0 0 276897228
0 0 0 0 276905936
0 0 0 0 276914648
0 0 0 0 276923360
0 0 0 0 276930912
0 0 0 0 276939616
0 0 0 0 276948340
0 0 0 0 276955868
0 0 0 0 276964596
0 0 0 0 276970932
0 0 0 0 276979648
0 0 0 0 276987168
0 0 0 0 276995876
0 0 0 0 277004592
0 0 0 0 277012112
0 0 0 0 277020812
0 0 0 0 277029520
0 0 0 0 277035844
0 0 0 0 277044548
0 0 0 0 277050872
0 0 0 0 277059580
0 0 0 0 277068312
0 0 0 0 277075832
0 0 0 0 277084548
0 0 0 0 277093264
0 0 0 0 277100792
0 0 0 0 277109500
0 0 0 0 277118220
0 0 0 0 277125744
0 0 0 0 277134460
0 0 0 0 277143172
0 0 0 0 277150696
0 0 0 0 277159416
0 0 0 0 277168136
0 0 0 0 277175660
0 0 0 0 277184376
0 0 0 0 277193084
0 0 0 0 277200596
0 0 0 0 277209312
0 0 0 0 277218020
0 0 0 0 277225552
0 0 0 0 277234284
0 0 0 0 277242992
0 0 0 0 277250508
0 0 0 0 277259208
0 0 0 0 277267924
0 0 0 0 277275436
0 0 0 0 277284152
0 0 0 0 277291672
0 0 0 0 277300400
0 0 0 0 277309104
0 0 0 0 277316652
0 0 0 0 277325348
0 0 0 0 277334060
0 0 0 0 277341576
0 0 0 0 277350292
0 0 0 0 277359008
0 0 0 0 277366524
0 0 0 0 277375244
0 0 0 0 277383964
0 0 0 0 277391492
0 0 0 0 277399012
0 0 0 0 277406532
0 0 0 0 277414064
0 0 0 0 277422772
0 0 0 0 277431496
0 0 0 0 277439008
0 0 0 0 277446532
0 0 0 0 277455252
0 0 0 0 277463960
0 0 0 0 277471496
0 0 0 0 277480212
0 0 0 0 277488932
0 0 0 0 277496460
0 0 0 0 277505172
0 0 0 0 277511504
0 0 0 0 277520216
0 0 0 0 277527744
0 0 0 0 277536456
0 0 0 0 277545176
0 0 0 0 277552700
0 0 0 0 277561404
0 0 0 0 277570120
0 0 0 0 277576448
0 0 0 0 277585164
0 0 0 0 277593888
0 0 0 0 277601416
0 0 0 0 277610112
0 0 0 0 277618832
0 0 0 0 277626356
0 0 0 0 277635080
0 0 0 0 277643780
0 0 0 0 277651308
0 0 0 0 277660028
0 0 0 0 277668748
0 0 0 0 277676272
0 0 0 0 277684980
0 0 0 0 277693700
0 0 0 0 277701224
0 0 0 0 277709936
0 0 0 0 277718656
0 0 0 0 277726160
0 0 0 0 277734876
0 0 0 0 277743576
0 0 0 0 277751108
0 0 0 0 277759812
0 0 0 0 277768536
0 0 0 0 277776056
0 0 0 0 277784784
0 0 0 0 277793496
0 0 0 0 277801020
0 0 0 0 277809732
0 0 0 0 277817252
0 0 0 0 277825972
0 0 0 0 277834692
0 0 0 0 277842224
0 0 0 0 277850932
0 0 0 0 277859656
0 0 0 0 277867168
0 0 0 0 277875900
0 0 0 0 277884596
0 0 0 0 277892140
0 0 0 0 277900860
0 0 0 0 277909568
0 0 0 0 277917100
0 0 0 0 277924624
0 0 0 0 277932152
0 0 0 0 277939668
0 0 0 0 277948368
0 0 0 0 277957088
0 0 0 0 277964592
0 0 0 0 277972120
0 0 0 0 277979648
0 0 0 0 277988368
0 0 0 0 277997080
0 0 0 0 278005796
0 0 0 0 278014500
0 0 0 0 278022032
0 0 0 0 278030752
0 0 0 0 278039468
0 0 0 0 278047000
0 0 0 0 278055708
0 0 0 0 278062040
0 0 0 0 278070752
0 0 0 0 278078268
0 0 0 0 278086972
0 0 0 0 278095676
0 0 0 0 278102004
0 0 0 0 278110720
0 0 0 0 278118240
0 0 0 0 278126960
0 0 0 0 278135676
0 0 0 0 278142012
0 0 0 0 278150720
0 0 0 0 278159432
0 0 0 0 278166960
0 0 0 0 278175680
0 0 0 0 278184388
0 0 0 0 278191908
0 0 0 0 278200636
0 0 0 0 278209320
0 0 0 0 278216840
0 0 0 0 278225544
0 0 0 0 278234256
0 0 0 0 278241784
0 0 0 0 278250484
0 0 0 0 278259196
0 0 0 0 278266712
0 0 0 0 278275420
0 0 0 0 278284132
0 0 0 0 278291668
0 0 0 0 278300364
0 0 0 0 278309092
0 0 0 0 278316620
0 0 0 0 278325336
0 0 0 0 278334048
0 0 0 0 278341580
0 0 0 0 278350300
0 0 0 0 278357820
0 0 0 0 278366540
0 0 0 0 278375228
0 0 0 0 278382768
0 0 0 0 278391488
0 0 0 0 278400192
0 0 0 0 278407696
0 0 0 0 278416408
0 0 0 0 278425112
0 0 0 0 278432644
0 0 0 0 278441360
0 0 0 0 278450068
0 0 0 0 278457592
0 0 0 0 278466308
0 0 0 0 278475020
0 0 0 0 278483740
0 0 0 0 278491268
0 0 0 0 278499964
0 0 0 0 278508676
0 0 0 0 278516192
0 0 0 0 278524900
0 0 0 0 278533620
0 0 0 0 278541112
0 0 0 0 278548640
0 0 0 0 278557352
0 0 0 0 278566072
0 0 0 0 278573596
0 0 0 0 278582312
0 0 0 0 278591024
0 0 0 0 278598536
0 0 0 0 278607252
0 0 0 0 278613588
0 0 0 0 278622312
0 0 0 0 278629824
0 0 0 0 278638532
0 0 0 0 278647252
0 0 0 0 278653572
0 0 0 0 278662268
0 0 0 0 278669784
0 0 0 0 278678480
0 0 0 0 278687192
0 0 0 0 278693528
0 0 0 0 278702244
0 0 0 0 278710956
0 0 0 0 278718504
0 0 0 0 278727208
0 0 0 0 278735928
0 0 0 0 278743444
0 0 0 0 278752160
0 0 0 0 278760868
0 0 0 0 278768388
0 0 0 0 278777100
0 0 0 0 278785824
0 0 0 0 278793340
0 0 0 0 278802044
0 0 0 0 278810760
0 0 0 0 278818272
0 0 0 0 278826972
0 0 0 0 278835708
0 0 0 0 278843216
0 0 0 0 278851932
0 0 0 0 278860632
0 0 0 0 278868156
0 0 0 0 278876860
0 0 0 0 278884396
0 0 0 0 278893116
0 0 0 0 278901828
0 0 0 0 278909352
0 0 0 0 278918076
0 0 0 0 278926796
0 0 0 0 278934312
0 0 0 0 278943016
0 0 0 0 278951712
0 0 0 0 278959228
0 0 0 0 278967936
0 0 0 0 278976652
0 0 0 0 278984164
0 0 0 0 278992864
0 0 0 0 279001568
0 0 0 0 279010288
0 0 0 0 279017812
0 0 0 0 279026532
0 0 0 0 279035256
0 0 0 0 279042776
0 0 0 0 279051484
0 0 0 0 279060192
0 0 0 0 279067728
0 0 0 0 279075248
0 0 0 0 279083968
0 0 0 0 279092688
0 0 0 0 279100192
0 0 0 0 279108904
0 0 0 0 279117612
0 0 0 0 279125152
0 0 0 0 279133864
0 0 0 0 279140212
0 0 0 0 279148916
0 0 0 0 279156444
0 0 0 0 279165160
0 0 0 0 279173860
0 0 0 0 279181388
0 0 0 0 279190096
0 0 0 0 279198816
0 0 0 0 279205148
0 0 0 0 279213856
0 0 0 0 279222576
0 0 0 0 279230092
0 0 0 0 279238800
0 0 0 0 279247512
0 0 0 0 279255064
0 0 0 0 279263752
0 0 0 0 279272468
0 0 0 0 279279988
0 0 0 0 279288700
0 0 0 0 279297412
0 0 0 0 279304936
0 0 0 0 279313652
0 0 0 0 279322356
0 0 0 0 279329884
0 0 0 0 279338592
0 0 0 0 279347312
0 0 0 0 279354820
0 0 0 0 279363536
0 0 0 0 279372252
0 0 0 0 279379772
0 0 0 0 279388488
0 0 0 0 279397188
0 0 0 0 279404720
0 0 0 0 279413436
0 0 0 0 279420972
0 0 0 0 279429684
0 0 0 0 279438388
0 0 0 0 279445924
0 0 0 0 279454628
0 0 0 0 279463344
0 0 0 0 279470880
0 0 0 0 279479592
0 0 0 0 279488288
0 0 0 0 279495812
0 0 0 0 279504520
0 0 0 0 279513236
0 0 0 0 279520740
0 0 0 0 279529440
0 0 0 0 279538164
0 0 0 0 279546872
0 0 0 0 279554400
0 0 0 0 279563120
0 0 0 0 279571824
0 0 0 0 279579340
0 0 0 0 279588064
0 0 0 0 279596768
0 0 0 0 279604304
0 0 0 0 279611824
0 0 0 0 279620544
0 0 0 0 279629252
0 0 0 0 279636772
0 0 0 0 279645500
0 0 0 0 279654196
0 0 0 0 279661728
0 0 0 0 279670440
0 0 0 0 279676780
0 0 0 0 279685500
0 0 0 0 279693012
0 0 0 0 279701740
0 0 0 0 279710444
0 0 0 0 279717960
0 0 0 0 279726664
0 0 0 0 279735384
0 0 0 0 279741712
0 0 0 0 279750432
0 0 0 0 279759148
0 0 0 0 279766668
0 0 0 0 279775380
0 0 0 0 279784096
0 0 0 0 279791624
0 0 0 0 279800340
0 0 0 0 279809052
0 0 0 0 279816568
0 0 0 0 279825284
0 0 0 0 279834004
0 0 0 0 279841524
0 0 0 0 279850228
0 0 0 0 279858932
0 0 0 0 279866464
0 0 0 0 279875172
0 0 0 0 279883892
0 0 0 0 279891416
0 0 0 0 279900112
0 0 0 0 279908824
0 0 0 0 279916336
0 0 0 0 279925052
0 0 0 0 279932560
0 0 0 0 279941272
0 0 0 0 279949992
0 0 0 0 279957520
0 0 0 0 279966236
0 0 0 0 279974936
0 0 0 0 279982448
0 0 0 0 279991160
0 0 0 0 279999876
0 0 0 0 280007396
0 0 0 0 280016116
0 0 0 0 280024820
0 0 0 0 280032356
0 0 0 0 280041060
0 0 0 0 280049776
0 0 0 0 280058484
0 0 0 0 280065996
0 0 0 0 280074708
0 0 0 0 280083432
0 0 0 0 280090948
0 0 0 0 280099644
0 0 0 0 280108360
0 0 0 0 280115884
0 0 0 0 280123412
0 0 0 0 280130932
0 0 0 0 280139648
0 0 0 0 280148352
0 0 0 0 280155856
0 0 0 0 280163388
0 0 0 0 280172104
0 0 0 0 280180820
0 0 0 0 280188340
0 0 0 0 280197060
0 0 0 0 280204580
0 0 0 0 280213284
0 0 0 0 280221996
0 0 0 0 280228328
0 0 0 0 280237024
0 0 0 0 280244552
0 0 0 0 280253260
0 0 0 0 280261984
0 0 0 0 280269500
0 0 0 0 280278220
0 0 0 0 280286928
0 0 0 0 280293256
0 0 0 0 280301976
0 0 0 0 280310692
0 0 0 0 280318216
0 0 0 0 280326944
0 0 0 0 280335668
0 0 0 0 280343188
0 0 0 0 280351908
0 0 0 0 280360632
0 0 0 0 280368168
0 0 0 0 280376884
0 0 0 0 280385600
0 0 0 0 280393128
0 0 0 0 280401832
0 0 0 0 280410552
0 0 0 0 280418084
1 29863 0 0 280426804
0 0 1 29891 280435028
0 0 1 29975 280443236
0 0 1 29882 280451456
0 0 0 0 280458480
1 29891 1 29947 280466008
1 29741 1 29947 280473744
1 29769 1 29947 280481484
1 29797 1 29938 280489220
0 0 0 0 280496944
1 29910 1 29947 280505656
1 29825 1 29957 280513380
1 29797 1 29900 280521108
1 29863 1 30013 280528844
1 29910 1 29947 280536580
1 29900 1 29985 280544316
1 29872 0 0 280552044
1 29882 1 29994 280559068
0 0 1 29985 280566808
1 29816 1 29957 280575020
0 0 1 29966 280582748
1 29872 1 30022 280590968
0 0 1 29919 280598700
1 29938 1 29966 280606924
0 0 1 29985 280614664
0 0 1 30022 280622884
1 29863 1 29938 280631128
1 29928 1 29975 280638856
1 29900 1 29985 280646588
1 29891 1 29928 280654312
0 0 1 29910 280662052
0 0 1 29928 280670272
0 0 1 29985 280678500
0 0 1 29910 280686716
1 29919 1 29957 280694932
0 0 1 29985 280702660
0 0 1 29994 280710892
1 29938 1 29966 280719112
0 0 1 30041 280726852
0 0 1 29900 280735068
1 29928 1 29910 280743292
0 0 1 29863 280751024
0 0 1 29844 280759244
0 0 1 29966 280767464
1 29938 1 29938 280775688
0 0 1 29835 280783420
1 29882 0 0 280791648
1 29957 1 29900 280799884
0 0 1 30022 280807604
1 29966 1 29975 280814628
1 29853 1 29910 280822356
0 0 1 29957 280830108
1 29910 1 29891 280838316
1 29797 1 29882 280846056
1 29760 1 29900 280853796
1 29853 1 29919 280861524
0 0 1 29928 280869256
0 0 1 29882 280877468
0 0 1 29891 280885692
1 29910 1 30032 280893924
1 29891 1 29975 280901664
1 29872 1 29900 280909408
1 29835 1 29919 280917136
1 29816 1 29947 280924868
1 29872 1 29975 280932600
0 0 1 29858 280940336
0 0 1 29943 280948564
0 0 1 29952 280956784
1 29900 1 29952 280965004
0 0 1 29914 280972748
1 29853 1 29886 280980964
1 29760 1 29858 280988696
1 29760 1 29886 280996420
0 0 1 29952 281004152
0 0 1 29999 281012372
1 29853 1 29971 281020596
0 0 0 0 281028332
0 0 1 29905 281037044
0 0 0 0 281045264
1 29863 1 30018 281053988
0 0 0 0 281061732
0 0 1 29924 281070444
1 29797 1 29961 281078664
0 0 0 0 281086392
0 0 0 0 281095112
0 0 0 0 281102648
0 0 1 29914 281111356
0 0 0 0 281119588
0 0 0 0 281128292
0 0 0 0 281136992
0 0 1 29971 281144508
0 0 0 0 281152724
0 0 0 0 281161440
0 0 0 0 281170164
0 0 0 0 281178872
0 0 0 0 281187588
0 0 0 0 281195100
0 0 0 0 281203824
0 0 0 0 281212544
0 0 0 0 281220048
0 0 0 0 281228772
0 0 0 0 281237476
0 0 0 0 281244992
0 0 0 0 281252504
0 0 0 0 281261212
0 0 0 0 281269936
0 0 0 0 281277476
0 0 0 0 281286168
0 0 0 0 281294888
0 0 0 0 281302420
0 0 0 0 281311120
0 0 0 0 281317456
0 0 0 0 281326168
0 0 0 0 281333700
0 0 0 0 281342412
0 0 0 0 281351116
0 0 0 0 281358636
0 0 0 0 281367332
0 0 0 0 281376044
0 0 0 0 281382364
0 0 0 0 281391060
0 0 0 0 281397388
0 0 0 0 281406100
0 0 0 0 281414812
0 0 0 0 281422344
0 0 0 0 281431060
0 0 0 0 281439768
0 0 1 29933 281447304
0 0 0 0 281455528
0 0 0 0 281464240
0 0 0 0 281472968
0 0 0 0 281481676
0 0 0 0 281489184
0 0 0 0 281497892
0 0 0 0 281506592
0 0 0 0 281515320
0 0 0 0 281524020
0 0 0 0 281532744
0 0 0 0 281540272
0 0 0 0 281548988
0 0 0 0 281557696
0 0 0 0 281565240
0 0 0 0 281573956
0 0 0 0 281582664
0 0 0 0 281590200
0 0 0 0 281598920
0 0 0 0 281607636
0 0 0 0 281615164
0 0 0 0 281623872
0 0 0 0 281632572
0 0 0 0 281640100
0 0 0 0 281648816
0 0 0 0 281657548
0 0 0 0 281665064
0 0 0 0 281673780
0 0 0 0 281682500
0 0 0 0 281690016
0 0 0 0 281698724
0 0 0 0 281707432
0 0 0 0 281716156
0 0 0 0 281723680
0 0 0 0 281732392
0 0 0 0 281741104
0 0 0 0 281748632
0 0 0 0 281757340
0 0 0 0 281766052
0 0 0 0 281773576
0 0 0 0 281781096
0 0 0 0 281789816
0 0 0 0 281798532
0 0 0 0 281806064
0 0 0 0 281814768
0 0 0 0 281823500
0 0 0 0 281831024
0 0 0 0 281839732
0 0 0 0 281847260
0 0 0 0 281855968
0 0 0 0 281864696
0 0 0 0 281871024
0 0 0 0 281879748
0 0 0 0 281887268
0 0 0 0 281895992
0 0 0 0 281904696
0 0 0 0 281912216
0 0 0 0 281920936
0 0 0 0 281929648
0 0 0 0 281937172
0 0 0 0 281945884
0 0 0 0 281954592
0 0 0 0 281960924
0 0 0 0 281969632
0 0 0 0 281978352
0 0 0 0 281985868
0 0 0 0 281994576
0 0 0 0 282003284
0 0 0 0 282010812
0 0 0 0 282019516
0 0 0 0 282028248
0 0 0 0 282035768
0 0 0 0 282044488
0 0 0 0 282053200
0 0 0 0 282060716
0 0 0 0 282069436
0 0 0 0 282078152
0 0 0 0 282085680
0 0 0 0 282094380
0 0 0 0 282103116
0 0 0 0 282110624
0 0 0 0 282119360
0 0 0 0 282128068
0 0 0 0 282135588
0 0 0 0 282144308
0 0 0 0 282153020
0 0 0 0 282160540
0 0 0 0 282169252
0 0 0 0 282176780
0 0 0 0 282185508
0 0 0 0 282194220
0 0 0 0 282201736
0 0 0 0 282210452
0 0 0 0 282219148
0 0 0 0 282226672
0 0 0 0 282235384
0 0 0 0 282244104
0 0 0 0 282251624
0 0 0 0 282260348
0 0 0 0 282269068
0 0 0 0 282276576
0 0 0 0 282284112
0 0 0 0 282291644
0 0 0 0 282299168
0 0 0 0 282307888
0 0 0 0 282316580
0 0 0 0 282324112
0 0 0 0 282331620
0 0 0 0 282340320
0 0 0 0 282349048
0 0 0 0 282356556
0 0 0 0 282365280
0 0 0 0 282373988
0 0 0 0 282381512
0 0 0 0 282390212
0 0 0 0 282398940
0 0 0 0 282406468
0 0 0 0 282415180
0 0 0 0 282423896
0 0 0 0 282431420
0 0 0 0 282440132
0 0 0 0 282448844
0 0 0 0 282457568
0 0 0 0 282466264
0 0 0 0 282474984
0 0 0 0 282482500
0 0 0 0 282491208
0 0 0 0 282499900
0 0 0 0 282507424
0 0 0 0 282516136
0 0 0 0 282524864
0 0 0 0 282532376
0 0 0 0 282541100
0 0 0 0 282549804
0 0 0 0 282557328
0 0 0 0 282566048
0 0 0 0 282574764
0 0 0 0 282582300
0 0 0 0 282591008
0 0 0 0 282599732
0 0 0 0 282607256
0 0 0 0 282615976
0 0 0 0 282624700
0 0 0 0 282632212
0 0 0 0 282640912
0 0 0 0 282649620
0 0 0 0 282657136
0 0 0 0 282665852
0 0 0 0 282673376
0 0 0 0 282682080
0 0 0 0 282690800
0 0 0 0 282698332
0 0 0 0 282707056
0 0 0 0 282715772
0 0 0 0 282723288
0 0 0 0 282731992
0 0 0 0 282740696
0 0 0 0 282748220
0 0 0 0 282756912
0 0 0 0 282765632
0 0 0 0 282773152
0 0 0 0 282781876
0 0 0 0 282790584
0 0 0 0 282798124
0 0 0 0 282806836
0 0 0 0 282815556
0 0 0 0 282824284
0 0 0 0 282831796
0 0 0 0 282840512
0 0 0 0 282849236
0 0 0 0 282856764
0 0 0 0 282865456
0 0 0 0 282874164
0 0 0 0 282881684
0 0 0 0 282889192
0 0 0 0 282897908
0 0 0 0 282906612
0 0 0 0 282914148
0 0 0 0 282922856
0 0 0 0 282931568
0 0 0 0 282939108
0 0 0 0 282947828
0 0 0 0 282954164
0 0 0 0 282962880
0 0 0 0 282970396
0 0 0 0 282979104
0 0 0 0 282987812
0 0 0 0 282994140
0 0 0 0 283002832
0 0 0 0 283010352
0 0 0 0 283019060
0 0 0 0 283027768
0 0 0 0 283034104
0 0 0 0 283042808
0 0 0 0 283051528
0 0 0 0 283059072
0 0 0 0 283067788
0 0 0 0 283076488
0 0 0 0 283084024
0 0 0 0 283092720
0 0 0 0 283101444
0 0 0 0 283108964
0 0 0 0 283117688
0 0 0 0 283126396
0 0 0 0 283133912
0 0 0 0 283142616
0 0 0 0 283151312
0 0 0 0 283158840
0 0 0 0 283167536
0 0 0 0 283176252
0 0 0 0 283183780
0 0 0 0 283192492
0 0 0 0 283201204
0 0 0 0 283208736
0 0 0 0 283217436
0 0 0 0 283226164
0 0 0 0 283233688
0 0 0 0 283242400
0 0 0 0 283249920
0 0 0 0 283258628
0 0 0 0 283267344
0 0 0 0 283274868
0 0 0 0 283283584
0 0 0 0 283292284
0 0 0 0 283299804
0 0 0 0 283308516
0 0 0 0 283317216
0 0 0 0 283324752
0 0 0 0 283333448
0 0 0 0 283342148
0 0 0 0 283350852
0 0 0 0 283358380
0 0 0 0 283367096
0 0 0 0 283375812
0 0 0 0 283383340
0 0 0 0 283392052
0 0 0 0 283400764
0 0 0 0 283408284
0 0 0 0 283416996
0 0 0 0 283425704
0 0 0 0 283433220
0 0 0 0 283440748
0 0 0 0 283449456
0 0 0 0 283458172
0 0 0 0 283465696
0 0 0 0 283474400
0 0 0 0 283483104
0 0 0 0 283490620
0 0 0 0 283499324
0 0 0 0 283508040
0 0 0 0 283515556
0 0 0 0 283524276
0 0 0 0 283532988
0 0 0 0 283540528
0 0 0 0 283549232
0 0 0 0 283555556
0 0 0 0 283564268
0 0 0 0 283570612
0 0 0 0 283579332
0 0 0 0 283588036
0 0 0 0 283595560
0 0 0 0 283604276
0 0 0 0 283612976
0 0 0 0 283620504
0 0 0 0 283629228
0 0 0 0 283637948
0 0 0 0 283645480
0 0 0 0 283654196
0 0 0 0 283662916
0 0 0 0 283670436
0 0 0 0 283679156
0 0 0 0 283687880
0 0 0 0 283695392
0 0 0 0 283704096
0 0 0 0 283712804
0 0 0 0 283720320
0 0 0 0 283729024
0 0 0 0 283736540
0 0 0 0 283745228
0 0 0 0 283753928
0 0 0 0 283761456
0 0 0 0 283770180
0 0 0 0 283778880
0 0 0 0 283786404
0 0 0 0 283795124
0 0 0 0 283803836
0 0 0 0 283811356
0 0 0 0 283820076
0 0 0 0 283828768
0 0 0 0 283836288
0 0 0 0 283844988
0 0 0 0 283853708
0 0 0 0 283862436
0 0 0 0 283869948
0 0 0 0 283878656
0 0 0 0 283887364
0 0 0 0 283894896
0 0 0 0 283903612
0 0 0 0 283912312
0 0 0 0 283919824
0 0 0 0 283927344
0 0 0 0 283934868
0 0 0 0 283943560
0 0 0 0 283952272
0 0 0 0 283959796
0 0 0 0 283967320
0 0 0 0 283976040
0 0 0 0 283984748
0 0 0 0 283992284
0 0 0 0 284000988
0 0 0 0 284009700
0 0 0 0 284017220
0 0 0 0 284025936
0 0 0 0 284034660
0 0 0 0 284042184
0 0 0 0 284050892
0 0 0 0 284059592
0 0 0 0 284067112
0 0 0 0 284075812
0 0 0 0 284084528
0 0 0 0 284093216
0 0 0 0 284101936
0 0 0 0 284109452
0 0 0 0 284118168
0 0 0 0 284126880
0 0 0 0 284135608
0 0 0 0 284143120
0 0 0 0 284151828
0 0 0 0 284160540
0 0 0 0 284168064
0 0 0 0 284176784
0 0 0 0 284185500
0 0 0 0 284193036
0 0 0 0 284201756
0 0 0 0 284210480
0 0 0 0 284217992
0 0 0 0 284226704
0 0 0 0 284235408
0 0 0 0 284244128
0 0 0 0 284252836
0 0 0 0 284261560
0 0 0 0 284269084
0 0 0 0 284277800
0 0 0 0 284286508
0 0 0 0 284294028
0 0 0 0 284302748
0 0 0 0 284311464
0 0 0 0 284319004
0 0 0 0 284327716
0 0 0 0 284336436
0 0 0 0 284343952
0 0 0 0 284352668
0 0 0 0 284361356
0 0 0 0 284368872
0 0 0 0 284377588
0 0 0 0 284386300
0 0 0 0 284395012
0 0 0 0 284402524
0 0 0 0 284411232
0 0 0 0 284419948
0 0 0 0 284427480
0 0 0 0 284434988
0 0 0 0 284442500
0 0 0 0 284451216
0 0 0 0 284459924
0 0 0 0 284467456
0 0 0 0 284476156
0 0 0 0 284484864
0 0 0 0 284492388
0 0 0 0 284499916
0 0 0 0 284508636
0 0 0 0 284517344
0 0 0 0 284524872
0 0 0 0 284533572
0 0 0 0 284542288
0 0 0 0 284549812
0 0 0 0 284558524
0 0 0 0 284567228
0 0 0 0 284574768
0 0 0 0 284583476
0 0 0 0 284592188
0 0 0 0 284599720
0 0 0 0 284608424
0 0 0 0 284614756
0 0 0 0 284623464
0 0 0 0 284629800
0 0 0 0 284638512
0 0 0 0 284646032
0 0 0 0 284654744
0 0 0 0 284663456
0 0 0 0 284672184
0 0 0 0 284679696
0 0 0 0 284688424
0 0 0 0 284697140
0 0 0 0 284704652
0 0 0 0 284713376
0 0 0 0 284722088
0 0 0 0 284729620
0 0 0 0 284738332
0 0 0 0 284747056
0 0 0 0 284754576
0 0 0 0 284763292
0 0 0 0 284772004
0 0 0 0 284779536
0 0 0 0 284788248
0 0 0 0 284796948
0 0 0 0 284804468
0 0 0 0 284813176
0 0 0 0 284821892
0 0 0 0 284829416
0 0 0 0 284838132
0 0 0 0 284845660
0 0 0 0 284854388
0 0 0 0 284863100
0 0 0 0 284870612
0 0 0 0 284879336
0 0 0 0 284888036
0 0 0 0 284895556
0 0 0 0 284904252
0 0 0 0 284912972
0 0 0 0 284920480
0 0 0 0 284929208
0 0 0 0 284937916
0 0 0 0 284945448
0 0 0 0 284954152
0 0 0 0 284962868
0 0 0 0 284971580
0 0 0 0 284979092
0 0 0 0 284987812
0 0 0 0 284996524
1 29797 0 0 285004052
0 0 0 0 285012276
0 0 0 0 285020964
0 0 0 0 285028496
1 29825 0 0 285036004
0 0 0 0 285044212
0 0 0 0 285052908
0 0 0 0 285060444
0 0 0 0 285069152
0 0 0 0 285077880
0 0 0 0 285085392
0 0 0 0 285094112
0 0 0 0 285102820
1 29975 0 0 285110332
0 0 0 0 285118564
0 0 0 0 285127276
0 0 0 0 285135988
1 29975 0 0 285144696
1 29947 0 0 285152912
1 29919 0 0 285161136
1 30022 0 0 285169364
1 30060 0 0 285176404
0 0 0 0 285183444
1 29910 0 0 285192144
1 29938 0 0 285200372
1 29938 0 0 285207400
0 0 0 0 285214428
1 29825 0 0 285223140
1 29910 0 0 285231344
1 30125 0 0 285238372
1 30004 0 0 285245392
1 29741 0 0 285252424
1 29957 0 0 285259456
0 0 0 0 285266484
0 0 0 0 285275192
0 0 0 0 285283904
1 29900 0 0 285292620
0 0 0 0 285300836
0 0 0 0 285309540
0 0 0 0 285318272
1 29919 0 0 285326980
1 29807 0 0 285335188
1 29825 0 0 285343416
1 29863 0 0 285351624
1 29825 0 0 285359856
1 29928 0 0 285368088
1 29947 0 0 285376304
1 29891 0 0 285383340
1 30032 0 0 285390372
1 29975 0 0 285398592
1 29985 0 0 285406816
1 29938 0 0 285415052
1 29891 0 0 285423260
1 29985 0 0 285430300
1 29891 0 0 285437328
1 29975 0 0 285445544
1 30013 0 0 285453760
1 29966 0 0 285461980
1 29891 0 0 285470200
1 29900 0 0 285477244
1 29928 0 0 285484264
1 29947 0 0 285491284
1 29882 0 0 285499500
1 29938 0 0 285507712
1 29891 0 0 285515928
1 29957 0 0 285524152
1 29872 0 0 285531180
1 29882 0 0 285538204
1 29966 0 0 285545228
1 29994 0 0 285552264
1 29900 0 0 285560488
1 29947 0 0 285568700
1 29919 0 0 285576928
1 29910 0 0 285585148
1 29994 0 0 285592188
1 29938 0 0 285599220
0 0 0 0 285607440
1 29966 0 0 285614948
1 29928 0 0 285623168
1 29938 0 0 285630200
1 29844 0 0 285638424
1 29928 0 0 285646648
1 29938 0 0 285654876
1 30004 0 0 285663092
1 29919 0 0 285670116
1 29966 0 0 285677152
1 29891 0 0 285685380
1 29947 0 0 285693596
0 0 0 0 285701816
1 30041 0 0 285710528
1 29816 0 0 285718740
1 29797 0 0 285726948
1 29938 0 0 285733964
0 0 0 0 285740996
1 29966 0 0 285749700
0 0 0 0 285757916
1 29891 0 0 285766612
1 29928 0 0 285774824
0 0 0 0 285783052
1 29788 0 0 285791764
1 29947 0 0 285799984
1 29882 0 0 285807008
0 0 0 0 285814044
1 29947 0 0 285822752
1 29835 0 0 285830976
1 29928 0 0 285838004
0 0 0 0 285845024
0 0 0 0 285853744
1 29947 0 0 285862456
1 29844 0 0 285870684
1 29928 0 0 285878916
0 0 0 0 285885948
0 0 0 0 285894644
1 29891 0 0 285903352
1 29910 0 0 285911576
1 29919 0 0 285919796
1 29957 0 0 285926832
1 30004 0 0 285933856
1 29994 0 0 285940884
1 30004 0 0 285947916
1 29938 0 0 285954940
1 29891 0 0 285963148
1 29938 0 0 285971368
1 29957 0 0 285979584
1 29994 0 0 285987792
1 29863 0 0 285994828
1 29910 0 0 286001852
1 29966 0 0 286008888
1 29863 0 0 286017104
1 29844 0 0 286025344
1 29928 0 0 286033560
1 29863 0 0 286041784
1 29994 0 0 286048824
1 29863 0 0 286055868
0 0 0 0 286064092
0 0 0 0 286071596
1 29807 0 0 286079132
1 29872 0 0 286087348
1 29807 0 0 286095572
1 29900 0 0 286103780
1 29853 0 0 286110800
1 29872 0 0 286117812
1 29938 0 0 286126028
1 29882 0 0 286134236
1 29872 0 0 286142456
1 29872 0 0 286150680
1 29900 0 0 286157696
1 29900 0 0 286164740
1 29816 0 0 286171764
1 29910 0 0 286179992
1 29900 0 0 286188220
1 29910 0 0 286196428
1 29872 0 0 286204652
1 29891 0 0 286211688
1 29985 0 0 286218716
1 29835 0 0 286226928
1 29863 0 0 286235144
1 29938 0 0 286243356
1 29919 0 0 286251568
1 29872 0 0 286258592
1 29825 0 0 286265624
1 29816 0 0 286272660
0 0 0 0 286279676
1 29863 0 0 286288388
0 0 0 0 286296616
1 29891 0 0 286305336
0 0 0 0 286313544
1 29807 0 0 286322260
0 0 0 0 286330480
0 0 0 0 286339184
0 0 0 0 286347896
0 0 0 0 286355408
0 0 0 0 286364128
0 0 0 0 286372828
0 0 0 0 286380352
0 0 0 0 286389052
0 0 0 0 286397764
0 0 0 0 286405288
0 0 0 0 286414008
0 0 0 0 286422716
0 0 0 0 286430248
0 0 0 0 286438960
0 0 0 0 286447668
0 0 0 0 286455192
0 0 0 0 286463904
0 0 0 0 286472624
0 0 0 0 286480152
0 0 0 0 286488872
0 0 0 0 286497568
0 0 0 0 286505092
0 0 0 0 286513792
0 0 0 0 286521316
0 0 0 0 286530020
0 0 0 0 286538720
0 0 0 0 286546264
0 0 0 0 286554976
0 0 0 0 286563680
0 0 0 0 286571188
0 0 0 0 286579924
0 0 0 0 286588632
0 0 0 0 286596152
0 0 0 0 286604864
0 0 0 0 286613588
0 0 0 0 286621116
0 0 0 0 286628644
0 0 0 0 286636168
0 0 0 0 286643692
0 0 0 0 286651200
0 0 0 0 286658720
0 0 0 0 286667420
0 0 0 0 286676144
0 0 0 0 286683668
0 0 0 0 286691180
0 0 0 0 286699900
0 0 0 0 286708624
0 0 0 0 286716152
0 0 0 0 286724860
0 0 0 0 286732380
0 0 0 0 286741088
0 0 0 0 286749808
0 0 0 0 286756132
0 0 0 0 286764844
0 0 0 0 286772360
0 0 0 0 286781060
0 0 0 0 286789772
0 0 0 0 286796092
0 0 0 0 286804796
0 0 0 0 286812312
0 0 0 0 286821016
0 0 0 0 286829732
0 0 0 0 286836056
0 0 0 0 286844772
0 0 0 0 286853488
0 0 0 0 286861016
0 0 0 0 286869732
0 0 0 0 286878436
0 0 0 0 286885964
0 0 0 0 286894672
0 0 0 0 286903388
0 0 0 0 286910908
0 0 0 0 286919620
0 0 0 0 286928344
0 0 0 0 286935844
0 0 0 0 286944564
0 0 0 0 286953268
0 0 0 0 286960796
0 0 0 0 286969496
0 0 0 0 286978204
0 0 0 0 286985724
0 0 0 0 286994424
0 0 0 0 287001936
0 0 0 0 287010640
0 0 0 0 287019352
0 0 0 0 287026876
0 0 0 0 287035616
0 0 0 0 287044320
0 0 0 0 287051848
0 0 0 0 287060564
0 0 0 0 287069300
0 0 0 0 287076816
0 0 0 0 287085508
0 0 0 0 287094232
0 0 0 0 287101744
0 0 0 0 287110464
0 0 0 0 287119168
0 0 0 0 287126692
0 0 0 0 287135400
0 0 0 0 287144128
0 0 0 0 287152844
0 0 0 0 287160376
0 0 0 0 287169088
0 0 0 0 287177804
0 0 0 0 287185324
0 0 0 0 287194044
0 0 0 0 287202768
0 0 0 0 287210280
0 0 0 0 287218992
0 0 0 0 287227680
0 0 0 0 287235204
0 0 0 0 287242720
0 0 0 0 287251416
0 0 0 0 287260124
0 0 0 0 287267644
0 0 0 0 287276348
0 0 0 0 287285056
0 0 0 0 287292584
0 0 0 0 287301292
0 0 0 0 287310028
0 0 0 0 287317552
0 0 0 0 287326264
0 0 0 0 287332600
0 0 0 0 287341312
0 0 0 0 287347636
0 0 0 0 287356352
0 0 0 0 287363872
0 0 0 0 287372600
0 0 0 0 287381300
0 0 0 0 287390012
0 0 0 0 287397540
0 0 0 0 287406256
0 0 0 0 287414968
0 0 0 0 287422508
0 0 0 0 287431212
0 0 0 0 287439928
0 0 0 0 287447460
0 0 0 0 287456172
0 0 0 0 287464888
0 0 0 0 287472416
0 0 0 0 287481136
0 0 0 0 287489840
0 0 0 0 287497368
0 0 0 0 287506076
0 0 0 0 287514800
0 0 0 0 287522320
0 0 0 0 287531040
0 0 0 0 287539748
0 0 0 0 287547264
0 0 0 0 287555976
0 0 0 0 287563492
0 0 0 0 287572216
0 0 0 0 287580932
0 0 0 0 287588452
0 0 0 0 287597168
0 0 0 0 287605872
0 0 0 0 287613400
0 0 0 0 287622092
0 0 0 0 287630804
0 0 0 0 287638316
0 0 0 0 287647024
0 0 0 0 287655720
0 0 0 0 287664436
0 0 0 0 287671956
0 0 0 0 287680680
0 0 0 0 287689400
0 0 0 0 287696920
0 0 0 0 287705624
0 0 0 0 287714328
0 0 0 0 287721844
0 0 0 0 287729372
0 0 0 0 287738088
0 0 0 0 287746788
0 0 0 0 287754320
0 0 0 0 287763036
0 0 0 0 287771760
0 0 0 0 287779288
0 0 0 0 287787980
0 0 0 0 287796692
0 0 0 0 287804200
0 0 0 0 287812904
0 0 0 0 287821604
0 0 0 0 287829132
0 0 0 0 287837844
0 0 0 0 287846564
0 0 0 0 287855272
0 0 0 0 287864000
0 0 0 0 287871508
0 0 0 0 287880244
0 0 0 0 287888952
0 0 0 0 287896468
0 0 0 0 287905196
0 0 0 0 287913900
0 0 0 0 287922620
0 0 0 0 287930156
0 0 0 0 287938868
0 0 0 0 287947572
0 0 0 0 287955100
0 0 0 0 287963812
0 0 0 0 287972548
0 0 0 0 287980076
0 0 0 0 287988800
0 0 0 0 287997504
0 0 0 0 288005020
0 0 0 0 288013728
0 0 0 0 288022436
1 29863 0 0 288029968
0 0 0 0 288038188
0 0 0 0 288046888
0 0 0 0 288055604
0 0 0 0 288064296
0 0 0 0 288073012
0 0 0 0 288081708
0 0 0 0 288090432
0 0 0 0 288097952
0 0 0 0 288106676
0 0 0 0 288115388
0 0 0 0 288122924
0 0 0 0 288131632
0 0 0 0 288140348
0 0 0 0 288147872
0 0 0 0 288156588
0 0 0 0 288165308
0 0 0 0 288174028
0 0 0 0 288181548
0 0 0 0 288190252
0 0 0 0 288198984
0 0 0 0 288206500
0 0 0 0 288215228
0 0 0 0 288223936
0 0 0 0 288231480
0 0 0 0 288240188
0 0 0 0 288248900
0 0 0 0 288256416
0 0 0 0 288263924
0 0 0 0 288271440
0 0 0 0 288280152
0 0 0 0 288288880
0 0 0 0 288296404
0 0 0 0 288305108
0 0 0 0 288313824
0 0 0 0 288321332
0 0 0 0 288328868
0 0 0 0 288337564
0 0 0 0 288346288
0 0 0 0 288353816
0 0 0 0 288362540
0 0 0 0 288368864
0 0 0 0 288377568
0 0 0 0 288385084
0 0 0 0 288393788
0 0 1 29896 288402508
0 0 0 0 288409536
0 0 0 0 288417056
0 0 0 0 288425760
0 0 0 0 288434472
0 0 0 0 288440792
0 0 0 0 288449488
0 0 0 0 288458208
0 0 0 0 288465724
0 0 0 0 288474444
0 0 0 0 288483144
0 0 0 0 288490672
0 0 0 0 288499388
1 30182 0 0 288508112
0 0 0 0 288516340
0 0 0 0 288525032
0 0 0 0 288532564
1 30079 0 0 288541268
0 0 0 0 288549492
0 0 0 0 288558204
0 0 0 0 288566908
0 0 0 0 288575612
0 0 0 0 288584316
0 0 0 0 288593028
0 0 0 0 288600532
0 0 0 0 288609248
0 0 0 0 288617960
0 0 0 0 288625476
0 0 0 0 288634188
0 0 0 0 288642904
0 0 0 0 288650440
0 0 1 29933 288659156
0 0 0 0 288667380
0 0 0 0 288676084
0 0 0 0 288683604
0 0 0 0 288692336
0 0 0 0 288701048
0 0 0 0 288708552
0 0 0 0 288717256
0 0 0 0 288725952
0 0 0 0 288733484
0 0 0 0 288742188
0 0 0 0 288750908
0 0 0 0 288758432
0 0 0 0 288767160
0 0 0 0 288775868
0 0 0 0 288783396
0 0 0 0 288792112
0 0 0 0 288800820
0 0 0 0 288809532
0 0 0 0 288817048
0 0 0 0 288825760
0 0 0 0 288834476
0 0 0 0 288843196
0 0 0 0 288851916
0 0 0 0 288859444
0 0 0 0 288868140
0 0 0 0 288876860
0 0 0 0 288884376
0 0 0 0 288893080
0 0 0 0 288901796
0 0 0 0 288909332
0 0 0 0 288918028
0 0 0 0 288926740
0 0 0 0 288934252
0 0 0 0 288942968
0 0 0 0 288951688
0 0 0 0 288960400
0 0 0 0 288969112
0 0 0 0 288977828
0 0 0 0 288985352
0 0 0 0 288994076
0 0 0 0 289002792
0 0 0 0 289010320
0 0 0 0 289019024
0 0 0 0 289027736
0 0 0 0 289035276
0 0 0 0 289043996
0 0 0 0 289052708
0 0 0 0 289060232
0 0 0 0 289068936
0 0 0 0 289077656
0 0 0 0 289085172
0 0 0 0 289093872
0 0 0 0 289102568
0 0 0 0 289110092
0 0 0 0 289118804
0 0 0 0 289127536
0 0 0 0 289135048
0 0 0 0 289143756
0 0 0 0 289152476
0 0 0 0 289159992
0 0 0 0 289168712
0 0 0 0 289177416
0 0 0 0 289184948
0 0 0 0 289193660
0 0 0 0 289201196
0 0 0 0 289209900
0 0 0 0 289218608
0 0 0 0 289226120
0 0 0 0 289234824
0 0 0 0 289243544
0 0 0 0 289251076
0 0 0 0 289259792
0 0 0 0 289268512
0 0 0 0 289276024
0 0 0 0 289284744
0 0 0 0 289293456
0 0 0 0 289300976
0 0 0 0 289309676
0 0 0 0 289318388
0 0 0 0 289327100
0 0 0 0 289334616
0 0 0 0 289343324
0 0 0 0 289352044
0 0 0 0 289359552
0 0 1 29957 289367076
0 0 0 0 289375292
0 0 0 0 289384016
0 0 0 0 289391536
0 0 0 0 289400256
0 0 0 0 289408964
0 0 0 0 289417680
0 0 0 0 289426372
0 0 0 0 289433896
0 0 0 0 289442592
0 0 0 0 289451308
0 0 0 0 289458832
0 0 0 0 289467536
0 0 0 0 289476236
0 0 0 0 289484952
0 0 0 0 289493656
0 0 0 0 289501172
0 0 0 0 289509892
0 0 0 0 289518604
0 0 0 0 289524932
0 0 0 0 289533644
0 0 0 0 289542360
0 0 0 0 289549884
0 0 0 0 289558588
0 0 0 0 289567304
0 0 0 0 289574836
0 0 0 0 289583552
0 0 0 0 289592264
0 0 0 0 289599784
0 0 0 0 289608488
0 0 0 0 289617204
0 0 0 0 289624732
0 0 0 0 289633448
0 0 0 0 289642164
0 0 0 0 289649696
0 0 0 0 289658400
0 0 0 0 289667128
0 0 0 0 289674648
0 0 0 0 289683364
0 0 0 0 289692080
0 0 0 0 289699608
0 0 0 0 289708320
0 0 0 0 289717024
0 0 0 0 289724540
0 0 0 0 289733248
0 0 0 0 289740772
0 0 0 0 289749492
0 0 0 0 289758184
0 0 0 0 289765720
0 0 0 0 289774432
0 0 0 0 289783148
0 0 0 0 289790664
0 0 0 0 289799396
0 0 0 0 289808088
0 0 0 0 289815604
0 0 0 0 289824316
0 0 0 0 289833020
0 0 0 0 289840552
0 0 0 0 289849276
0 0 0 0 289857984
0 0 0 0 289865504
0 0 0 0 289874224
0 0 0 0 289882932
0 0 0 0 289891656
0 0 0 0 289899172
0 0 0 0 289907896
0 0 0 0 289916596
0 0 0 0 289924128
0 0 0 0 289932828
0 0 0 0 289941544
0 0 0 0 289949064
0 0 0 0 289956572
0 0 0 0 289965300
0 0 0 0 289974012
0 0 0 0 289981548
0 0 0 0 289990272
0 0 0 0 289997780
0 0 0 0 290006484
0 0 0 0 290015184
0 0 0 0 290021520
0 0 0 0 290030228
0 0 0 0 290037748
0 0 0 0 290046468
0 0 0 0 290055176
0 0 0 0 290061500
0 0 0 0 290070208
0 0 0 0 290078932
0 0 0 0 290086448
0 0 0 0 290095160
0 0 0 0 290103872
0 0 0 0 290111400
0 0 0 0 290120112
0 0 0 0 290128840
0 0 0 0 290136376
0 0 0 0 290145088
0 0 0 0 290153812
0 0 0 0 290161328
0 0 0 0 290170044
0 0 0 0 290178752
0 0 0 0 290186292
0 0 0 0 290195008
0 0 0 0 290203740
0 0 0 0 290211256
0 0 0 0 290219972
0 0 0 0 290228684
0 0 0 0 290236196
0 0 0 0 290244916
0 0 0 0 290253616
0 0 0 0 290261136
0 0 0 0 290269848
0 0 0 0 290278552
0 0 0 0 290286072
0 0 0 0 290294792
0 0 0 0 290302304
0 0 0 0 290311020
0 0 0 0 290319732
0 0 0 0 290327252
0 0 0 0 290335964
0 0 0 0 290344676
0 0 0 0 290352216
0 0 0 0 290360920
0 0 0 0 290369628
0 0 0 0 290377152
0 0 0 0 290385864
0 0 0 0 290394580
0 0 0 0 290402092
0 0 0 0 290410820
0 0 0 0 290419508
0 0 0 0 290428232
0 0 0 0 290435752
0 0 0 0 290444468
0 0 0 0 290453180
0 0 0 0 290460708
0 0 0 0 290469416
0 0 0 0 290478132
0 0 0 0 290485656
0 0 0 0 290493180
0 0 0 0 290501872
0 0 0 0 290510580
0 0 0 0 290518116
0 0 0 0 290526820
0 0 0 0 290534348
0 0 0 0 290543072
0 0 0 0 290551768
0 0 0 0 290558104
0 0 0 0 290566816
0 0 0 0 290574352
0 0 0 0 290583064
0 0 0 0 290591780
0 0 0 0 290599296
0 0 0 0 290608008
0 0 0 0 290616732
0 0 0 0 290623060
0 0 0 0 290631764
0 0 0 0 290640476
0 0 0 0 290648008
0 0 0 0 290656724
0 0 0 0 290665416
0 0 0 0 290672932
0 0 0 0 290681632
0 0 0 0 290690348
0 0 0 0 290697872
0 0 0 0 290706592
0 0 0 0 290715292
0 0 0 0 290724000
0 0 0 0 290732700
0 0 0 0 290741424
0 0 0 0 290748940
0 0 0 0 290757652
0 0 0 0 290766360
0 0 0 0 290773888
0 0 0 0 290782600
0 0 0 0 290791308
0 0 0 0 290798844
0 0 0 0 290807552
0 0 0 0 290816260
0 0 0 0 290823784
0 0 0 0 290832496
0 0 0 0 290841208
0 0 0 0 290849908
0 0 0 0 290858620
0 0 0 0 290867324
0 0 0 0 290874848
0 0 1 29952 290883560
0 0 0 0 290891792
0 0 0 0 290900512
0 0 0 0 290909228
0 0 0 0 290916748
0 0 0 0 290925456
0 0 0 0 290934180
0 0 0 0 290941704
0 0 0 0 290950408
0 0 0 0 290959132
0 0 0 0 290966668
0 0 0 0 290975380
0 0 0 0 290984088
0 0 0 0 290992788
0 0 0 0 291001512
0 0 0 0 291010228
0 0 0 0 291017752
0 0 0 0 291026460
0 0 0 0 291035188
0 0 0 0 291042708
0 0 0 0 291051428
0 0 0 0 291060136
0 0 0 0 291067672
0 0 0 0 291076384
0 0 0 0 291083904
0 0 0 0 291092604
0 0 0 0 291101320
0 0 0 0 291107640
0 0 0 0 291116348
0 0 0 0 291122676
0 0 0 0 291131388
0 0 0 0 291138908
0 0 0 0 291147620
0 0 0 0 291156336
0 0 0 0 291163848
0 0 1 29989 291172576
0 0 0 0 291180796
0 0 0 0 291189516
0 0 0 0 291198240
0 0 0 0 291206948
0 0 0 0 291214472
0 0 0 0 291223160
0 0 0 0 291229476
0 0 0 0 291238176
0 0 0 0 291246880
0 0 0 0 291254408
0 0 0 0 291263108
0 0 0 0 291271824
0 0 0 0 291280540
0 0 0 0 291289260
0 0 0 0 291297984
0 0 0 0 291305512
0 0 0 0 291314220
0 0 0 0 291322932
0 0 0 0 291330460
0 0 0 0 291339168
0 0 0 0 291347888
0 0 0 0 291355424
0 0 0 0 291364140
0 0 0 0 291372840
0 0 0 0 291380368
0 0 0 0 291389068
0 0 0 0 291397784
0 0 0 0 291405296
0 0 0 0 291414000
0 0 0 0 291422720
0 0 0 0 291431436
0 0 0 0 291438952
0 0 0 0 291447672
0 0 0 0 291456388
0 0 0 0 291463900
0 0 0 0 291472612
0 0 0 0 291481316
0 0 0 0 291488852
0 0 0 0 291496376
0 0 0 0 291503904
0 0 0 0 291512624
0 0 0 0 291521328
0 0 0 0 291528852
0 0 0 0 291537572
0 0 0 0 291546292
0 0 0 0 291553812
0 0 0 0 291561320
0 0 0 0 291570028
0 0 0 0 291578744
0 0 0 0 291586272
0 0 0 0 291594980
0 0 0 0 291603700
0 0 0 0 291611224
0 0 0 0 291619956
0 0 0 0 291626280
0 0 0 0 291634976
0 0 0 0 291642504
0 0 0 0 291651196
0 0 0 0 291659924
0 0 0 0 291667436
0 0 0 0 291676140
0 0 0 0 291684852
0 0 0 0 291691192
0 0 0 0 291699920
0 0 0 0 291708636
0 0 0 0 291716160
0 0 0 0 291724876
0 0 0 0 291733588
0 0 0 0 291741124
0 0 0 0 291749832
0 0 0 0 291758544
0 0 0 0 291766060
0 0 0 0 291774784
0 0 1 29924 291783492
0 0 0 0 291791720
0 0 0 0 291800424
0 0 0 0 291809152
0 0 0 0 291817876
0 0 0 0 291826584
0 0 0 0 291834112
0 0 0 0 291842816
0 0 0 0 291851524
0 0 0 0 291859060
0 0 0 0 291867768
0 0 0 0 291876476
0 0 0 0 291883992
0 0 0 0 291892704
1 29797 0 0 291901400
0 0 0 0 291909624
0 0 0 0 291918340
0 0 0 0 291927052
0 0 0 0 291935756
0 0 0 0 291944480
0 0 0 0 291951992
0 0 0 0 291960700
0 0 0 0 291969420
0 0 0 0 291976940
0 0 0 0 291985660
0 0 0 0 291994372
0 0 0 0 292001896
0 0 0 0 292010612
0 0 0 0 292019332
0 0 0 0 292026848
0 0 0 0 292035564
0 0 0 0 292044280
0 0 0 0 292051812
0 0 0 0 292059352
0 0 0 0 292066872
0 0 0 0 292074396
0 0 0 0 292081912
0 0 0 0 292090624
0 0 0 0 292099332
0 0 0 0 292106852
0 0 0 0 292115572
0 0 0 0 292124284
0 0 0 0 292131800
0 0 0 0 292140512
0 0 0 0 292149208
0 0 0 0 292156740
0 0 0 0 292165436
0 0 0 0 292174144
0 0 0 0 292182844
0 0 0 0 292191560
0 0 0 0 292199068
0 0 0 0 292207804
0 0 0 0 292216520
0 0 0 0 292224052
0 0 0 0 292232768
0 0 0 0 292241500
0 0 1 29989 292250212
0 0 0 0 292258448
0 0 0 0 292267160
0 0 0 0 292274688
0 0 0 0 292283412
0 0 0 0 292292124
0 0 0 0 292299664
0 0 0 0 292308392
0 0 0 0 292317096
0 0 0 0 292324628
1 29853 1 29999 292333340
0 0 0 0 292341080
0 0 0 0 292348612
1 29816 0 0 292357328
0 0 0 0 292365536
0 0 0 0 292374248
0 0 0 0 292382972
0 0 0 0 292390492
0 0 0 0 292399216
0 0 0 0 292407932
0 0 0 0 292415436
0 0 0 0 292424156
0 0 0 0 292432872
0 0 0 0 292440384
0 0 0 0 292449088
0 0 0 0 292456612
0 0 0 0 292465312
0 0 0 0 292474036
0 0 0 0 292481564
0 0 0 0 292490284
0 0 0 0 292498996
0 0 0 0 292506516
1 29835 0 0 292515236
0 0 1 30121 292523456
0 0 0 0 292531680
0 0 0 0 292539196
0 0 1 29914 292547916
0 0 0 0 292556120
1 29807 1 29999 292564836
0 0 0 0 292572564
0 0 0 0 292580084
0 0 1 29961 292588792
0 0 0 0 292597032
0 0 0 0 292605736
0 0 0 0 292614452
0 0 0 0 292621960
0 0 0 0 292629472
0 0 0 0 292638192
0 0 0 0 292646896
1 29825 0 0 292654424
0 0 0 0 292661464
0 0 0 0 292670172
0 0 0 0 292677688
1 29872 0 0 292686400
0 0 0 0 292693440
0 0 0 0 292702148
0 0 0 0 292709672
0 0 1 29905 292718368
0 0 0 0 292726600
0 0 0 0 292735308
0 0 0 0 292744028
0 0 0 0 292750360
0 0 1 29877 292759072
0 0 0 0 292766092
0 0 0 0 292774812
0 0 0 0 292782336
0 0 0 0 292791040
0 0 0 0 292799760
0 0 0 0 292807296
0 0 0 0 292815992
0 0 0 0 292824704
0 0 0 0 292832216
0 0 0 0 292840924
0 0 0 0 292849624
0 0 0 0 292857148
0 0 0 0 292865844
0 0 0 0 292874556
0 0 0 0 292883268
0 0 0 0 292891988
0 0 0 0 292900696
0 0 0 0 292908228
0 0 0 0 292916936
0 0 0 0 292925656
0 0 0 0 292933180
0 0 0 0 292941896
0 0 0 0 292950604
0 0 0 0 292958120
0 0 0 0 292966844
0 0 0 0 292975556
0 0 0 0 292983080
0 0 0 0 292991780
0 0 0 0 293000496
0 0 0 0 293009192
0 0 0 0 293017912
0 0 0 0 293026616
0 0 0 0 293034140
0 0 0 0 293042844
0 0 0 0 293051568
1 29882 0 0 293059092
0 0 0 0 293066128
0 0 0 0 293073636
0 0 0 0 293082356
0 0 0 0 293091072
0 0 0 0 293098596
0 0 0 0 293107320
0 0 0 0 293116028
0 0 0 0 293123548
0 0 0 0 293131072
0 0 0 0 293138596
0 0 0 0 293147308
0 0 0 0 293156036
0 0 0 0 293163548
0 0 0 0 293172268
0 0 0 0 293180976
0 0 0 0 293188492
0 0 0 0 293196028
0 0 0 0 293204736
0 0 0 0 293213452
0 0 0 0 293220980
0 0 0 0 293229680
0 0 0 0 293238396
0 0 0 0 293245912
0 0 0 0 293254620
0 0 0 0 293263316
0 0 0 0 293270844
0 0 0 0 293279536
0 0 0 0 293288256
0 0 1 29961 293295776
0 0 0 0 293304012
0 0 0 0 293312728
0 0 0 0 293321424
0 0 0 0 293330144
0 0 0 0 293338852
0 0 0 0 293347560
0 0 0 0 293353892
0 0 0 0 293362600
0 0 0 0 293371316
0 0 0 0 293378840
0 0 0 0 293387560
0 0 0 0 293396272
0 0 0 0 293403804
0 0 0 0 293412512
0 0 0 0 293421228
0 0 0 0 293428744
0 0 0 0 293437448
0 0 0 0 293446152
0 0 0 0 293453676
0 0 0 0 293462384
0 0 0 0 293471104
0 0 0 0 293478632
0 0 0 0 293487328
0 0 0 0 293496072
0 0 0 0 293503588
0 0 0 0 293512308
0 0 0 0 293521020
0 0 0 0 293528532
0 0 0 0 293537252
0 0 0 0 293545956
0 0 0 0 293553476
0 0 0 0 293562164
0 0 0 0 293569688
0 0 0 0 293578400
0 0 0 0 293587108
0 0 0 0 293594636
0 0 0 0 293603336
0 0 0 0 293612036
0 0 0 0 293619552
0 0 0 0 293628268
0 0 0 0 293636984
0 0 0 0 293644512
0 0 0 0 293653216
0 0 0 0 293661948
0 0 0 0 293670652
0 0 0 0 293678172
0 0 0 0 293686876
0 0 0 0 293695596
0 0 0 0 293703116
0 0 0 0 293711824
0 0 0 0 293720544
0 0 0 0 293728052
0 0 0 0 293735572
0 0 0 0 293744292
0 0 0 0 293753008
0 0 0 0 293760540
0 0 0 0 293769260
0 0 0 0 293777976
0 0 0 0 293785504
0 0 0 0 293794232
0 0 0 0 293801760
0 0 0 0 293810460
0 0 0 0 293819168
0 0 0 0 293825500
0 0 0 0 293834220
0 0 0 0 293841732
0 0 0 0 293850444
0 0 0 0 293859144
0 0 0 0 293865484
0 0 0 0 293874188
0 0 0 0 293882888
0 0 0 0 293890388
0 0 0 0 293899108
0 0 0 0 293907812
0 0 0 0 293915336
0 0 0 0 293924060
0 0 0 0 293932756
0 0 0 0 293940284
0 0 0 0 293948984
0 0 0 0 293957700
0 0 0 0 293966428
0 0 0 0 293975148
0 0 0 0 293983864
0 0 0 0 293991384
0 0 0 0 294000096
0 0 0 0 294008800
0 0 0 0 294016332
0 0 0 0 294025036
0 0 0 0 294033752
0 0 0 0 294041276
0 0 0 0 294049996
0 0 0 0 294058700
0 0 0 0 294066236
0 0 0 0 294074956
0 0 0 0 294083680
0 0 0 0 294091204
0 0 0 0 294099912
0 0 0 0 294108624
0 0 0 0 294116128
0 0 0 0 294124836
0 0 0 0 294133540
0 0 0 0 294142256
0 0 0 0 294150964
0 0 0 0 294159680
0 0 0 0 294167204
0 0 0 0 294174740
0 0 0 0 294183452
0 0 0 0 294192176
0 0 0 0 294199688
0 0 0 0 294207204
0 0 0 0 294214736
0 0 0 0 294223460
0 0 0 0 294232172
0 0 0 0 294239680
0 0 0 0 294247208
0 0 0 0 294255924
0 0 0 0 294264628
0 0 0 0 294272156
0 0 0 0 294280860
0 0 0 0 294289584
0 0 0 0 294297108
0 0 0 0 294305828
0 0 0 0 294314556
0 0 0 0 294322084
0 0 0 0 294330808
0 0 0 0 294338336
0 0 0 0 294347056
0 0 0 0 294355764
0 0 0 0 294362088
0 0 0 0 294370808
0 0 0 0 294378336
0 0 0 0 294387044
0 0 0 0 294395748
0 0 0 0 294402092
0 0 0 0 294410792
0 0 0 0 294419504
0 0 0 0 294427032
0 0 0 0 294435732
0 0 0 0 294444452
0 0 0 0 294451984
0 0 0 0 294460692
0 0 0 0 294469408
0 0 0 0 294476944
0 0 0 0 294485652
0 0 0 0 294494380
0 0 0 0 294501900
0 0 0 0 294510616
0 0 0 0 294519320
0 0 0 0 294526832
0 0 0 0 294535556
0 0 0 0 294544272
0 0 0 0 294551804
0 0 0 0 294560504
0 0 0 0 294569216
0 0 0 0 294576736
0 0 0 0 294585456
0 0 0 0 294594176
0 0 0 0 294601684
0 0 0 0 294610396
0 0 0 0 294619100
0 0 0 0 294626620
0 0 0 0 294635332
0 0 0 0 294642848
0 0 0 0 294651552
0 0 0 0 294660264
0 0 0 0 294667796
0 0 0 0 294676516
0 0 0 0 294685224
0 0 0 0 294692748
0 0 0 0 294701468
0 0 0 0 294710176
0 0 0 0 294717708
0 0 0 0 294726424
0 0 0 0 294735132
0 0 0 0 294742664
0 0 0 0 294751384
0 0 0 0 294760084
0 0 0 0 294768792
0 0 0 0 294776324
0 0 0 0 294785036
0 0 0 0 294793752
0 0 0 0 294802492
0 0 0 0 294811208
0 0 0 0 294818716
0 0 0 0 294827424
