0 0 0 0 376742072
0 0 0 0 376750780
1 41470 0 0 376758296
0 0 0 0 376766512
1 41423 0 0 376775204
0 0 0 0 376783424
0 0 0 0 376792128
0 0 0 0 376800832
0 0 0 0 376808352
0 0 0 0 376817064
0 0 0 0 376825772
0 0 0 0 376833304
0 0 0 0 376842012
0 0 0 0 376850728
0 0 0 0 376858248
1 41592 0 0 376866960
0 0 0 0 376875176
0 0 0 0 376883884
1 41592 0 0 376892608
0 0 0 0 376900820
0 0 0 0 376908336
0 0 0 0 376915852
0 0 0 0 376924572
0 0 0 0 376933276
0 0 0 0 376940800
0 0 0 0 376948312
0 0 0 0 376955836
0 0 0 0 376964548
0 0 0 0 376973252
0 0 0 0 376980776
1 41667 0 0 376988292
0 0 0 0 376995328
1 41620 0 0 377004020
0 0 0 0 377012248
0 0 0 0 377020964
0 0 0 0 377029684
1 41742 0 0 377037208
1 41723 0 0 377045448
0 0 0 0 377053656
1 41667 0 0 377061164
1 41742 0 0 377069404
1 41761 0 0 377077624
1 41723 0 0 377085844
1 41677 0 0 377094064
1 41723 0 0 377102268
1 41761 0 0 377109300
1 41827 0 0 377116336
0 0 0 0 377123364
1 41799 0 0 377132084
1 41761 0 0 377140300
0 0 0 0 377147316
1 41827 0 0 377156040
0 0 0 0 377164248
0 0 0 0 377172960
1 41836 0 0 377181660
1 41799 0 0 377189876
1 41836 0 0 377198096
1 41770 0 0 377206316
1 41827 0 0 377214540
1 41827 0 0 377222752
0 0 0 0 377230976
1 41799 0 0 377239684
1 41836 0 0 377247896
1 41892 0 0 377256128
1 41949 0 0 377263156
1 41920 0 0 377270176
1 41845 0 0 377277212
0 0 0 0 377285424
0 0 0 0 377292952
0 0 0 0 377301676
1 41939 0 0 377310412
1 41967 0 0 377318624
1 41920 0 0 377326840
1 41930 0 0 377335056
1 41892 0 0 377342072
1 41986 0 0 377349088
1 41986 0 0 377356116
0 0 0 0 377363148
1 41977 0 0 377370684
1 41977 0 0 377378892
1 42014 0 0 377387108
0 0 0 0 377394120
1 42014 0 0 377401640
1 41930 0 0 377409848
1 42033 0 0 377418068
1 42089 0 0 377425104
1 42155 1 42136 377432116
1 42127 0 0 377439848
1 42099 0 0 377448068
1 42042 0 0 377455092
1 42099 0 0 377463304
1 42014 0 0 377471512
1 42033 0 0 377479724
0 0 0 0 377487940
1 42193 0 0 377495448
1 42127 0 0 377503668
0 0 0 0 377511888
1 42193 0 0 377519416
1 42183 0 0 377527644
1 42155 0 0 377535872
0 0 0 0 377542900
1 42193 0 0 377551608
1 42183 0 0 377559828
1 42211 0 0 377566860
1 42258 0 0 377573896
1 42239 1 42183 377580916
1 42277 0 0 377588636
1 42249 0 0 377596848
1 42277 0 0 377603864
1 42277 0 0 377610896
1 42286 0 0 377617920
1 42136 0 0 377624944
1 42277 0 0 377631968
1 42268 0 0 377640176
0 0 0 0 377648400
1 42361 0 0 377654732
1 42314 0 0 377662948
1 42361 0 0 377671164
1 42352 0 0 377679376
1 42380 0 0 377687576
1 42296 0 0 377695792
1 42371 0 0 377702812
1 42361 0 0 377709852
1 42436 0 0 377716884
1 42436 0 0 377725100
1 42324 0 0 377733312
1 42371 0 0 377741524
1 42446 0 0 377749732
1 42455 0 0 377756756
1 42436 0 0 377763772
1 42502 0 0 377770792
1 42483 0 0 377777828
1 42427 0 0 377784844
1 42521 0 0 377793056
0 0 0 0 377801276
1 42540 0 0 377809976
1 42483 0 0 377818188
1 42521 0 0 377826408
1 42549 0 0 377834612
1 42577 0 0 377841640
1 42558 0 0 377848668
1 42483 0 0 377855696
0 0 0 0 377862728
1 42605 0 0 377871448
1 42540 0 0 377879656
1 42568 0 0 377886680
1 42596 0 0 377893712
1 42577 0 0 377900736
1 42530 0 0 377908960
1 42596 0 0 377917184
0 0 0 0 377925408
1 42577 0 0 377934124
1 42633 0 0 377942328
1 42624 0 0 377950544
1 42699 0 0 377957580
1 42587 0 0 377964596
1 42633 0 0 377971612
1 42587 0 0 377978644
1 42615 0 0 377985676
1 42615 0 0 377993888
1 42652 1 42680 378002104
1 42605 0 0 378009848
1 42587 0 0 378018060
1 42662 0 0 378026280
1 42690 0 0 378034492
1 42690 0 0 378041524
1 42643 0 0 378048560
1 42662 0 0 378055572
1 42662 0 0 378062600
1 42662 1 42671 378069628
1 42671 0 0 378077360
1 42765 0 0 378085600
1 42746 0 0 378093808
1 42624 0 0 378102032
1 42690 0 0 378110256
1 42690 0 0 378118464
1 42690 0 0 378125496
1 42737 0 0 378132532
1 42718 0 0 378139540
1 42755 0 0 378147756
1 42737 0 0 378155968
1 42671 0 0 378164180
1 42802 0 0 378172392
1 42755 0 0 378179428
1 42746 0 0 378186460
1 42784 0 0 378193492
1 42793 0 0 378201724
1 42727 0 0 378209952
0 0 0 0 378218164
1 42821 0 0 378226880
1 42737 0 0 378235096
1 42793 0 0 378243312
1 42718 0 0 378250352
1 42784 0 0 378257360
1 42755 0 0 378264392
1 42765 0 0 378271424
1 42859 0 0 378278456
1 42793 0 0 378286680
1 42821 0 0 378294908
1 42887 0 0 378303136
1 42859 0 0 378311356
1 42859 0 0 378318404
1 42802 0 0 378325428
1 42849 0 0 378333652
1 42877 0 0 378341868
1 42877 0 0 378350080
1 42943 0 0 378358292
1 42915 0 0 378365316
1 42915 0 0 378372344
1 42952 0 0 378379368
1 42915 0 0 378387588
1 42868 0 0 378395800
1 42952 0 0 378404024
1 42896 0 0 378412236
1 43018 0 0 378419252
1 42915 0 0 378426280
1 42981 0 0 378433304
1 42981 0 0 378440332
1 42962 0 0 378448552
1 42999 0 0 378456764
1 42896 0 0 378464984
1 43018 0 0 378473204
1 42952 0 0 378480236
1 42999 0 0 378487264
1 42962 0 0 378494296
1 42999 0 0 378502520
1 42999 0 0 378510724
1 43046 0 0 378518932
1 43065 0 0 378527140
1 43056 0 0 378534184
1 43037 0 0 378541204
1 43037 0 0 378548232
1 43074 0 0 378556460
1 43027 0 0 378564672
1 43009 0 0 378572876
1 43074 0 0 378581084
1 43065 0 0 378588096
1 43046 0 0 378595120
1 43084 0 0 378602164
1 43112 0 0 378609184
1 43027 0 0 378617412
1 43102 0 0 378625632
1 43084 0 0 378633860
1 43112 0 0 378642076
1 43093 0 0 378649108
1 43018 0 0 378656132
1 43159 0 0 378663144
1 43149 0 0 378671376
1 43196 0 0 378679592
1 43196 0 0 378687804
1 43215 0 0 378696032
1 43196 0 0 378703068
1 43159 0 0 378710096
1 43178 0 0 378717112
1 43281 0 0 378725332
1 43234 0 0 378733552
1 43328 0 0 378741772
1 43206 0 0 378750000
1 43224 0 0 378757024
1 43253 0 0 378764048
1 43253 0 0 378771072
1 43281 0 0 378779296
1 43318 0 0 378787520
1 43299 0 0 378795740
1 43243 0 0 378803964
1 43309 0 0 378811004
1 43337 0 0 378818024
1 43318 1 43365 378826232
1 43309 0 0 378833956
1 43356 0 0 378840984
1 43356 0 0 378848012
1 43374 0 0 378856236
1 43384 0 0 378864448
1 43459 0 0 378872672
1 43384 0 0 378880888
1 43468 0 0 378887920
1 43487 0 0 378894956
1 43431 0 0 378903168
1 43450 0 0 378911384
1 43440 0 0 378919612
1 43421 0 0 378927828
1 43515 0 0 378934868
1 43515 0 0 378941908
1 43478 0 0 378948924
1 43525 0 0 378957140
1 43553 0 0 378965368
1 43450 0 0 378973572
1 43515 0 0 378981792
1 43421 0 0 378988828
1 43487 0 0 378995856
1 43459 0 0 379002876
1 43487 0 0 379011112
1 43478 0 0 379019320
1 43562 0 0 379027528
1 43468 0 0 379035744
1 43553 1 43468 379042756
1 43562 0 0 379050484
1 43450 0 0 379058696
1 43487 0 0 379065720
1 43581 0 0 379072736
1 43543 0 0 379079756
0 0 0 0 379086784
1 43562 0 0 379094300
1 43571 0 0 379102516
1 43543 0 0 379110740
1 43590 0 0 379117784
1 43525 0 0 379124804
1 43609 0 0 379133012
1 43609 0 0 379141228
1 43590 0 0 379149440
1 43637 0 0 379157660
1 43600 0 0 379164696
1 43590 0 0 379171724
1 43581 0 0 379178756
1 43628 0 0 379186976
1 43637 0 0 379195200
1 43553 0 0 379203412
1 43647 0 0 379211628
1 43656 0 0 379218652
1 43665 0 0 379225680
1 43637 0 0 379233908
1 43712 0 0 379242140
1 43665 0 0 379250356
1 43656 0 0 379258580
1 43703 0 0 379265628
1 43637 0 0 379272660
1 43637 0 0 379279672
1 43684 0 0 379287872
1 43722 0 0 379296092
1 43722 0 0 379304320
1 43787 0 0 379312532
1 43731 0 0 379319556
1 43693 0 0 379326580
1 43750 0 0 379333596
1 43703 0 0 379340624
1 43740 0 0 379348844
1 43722 0 0 379357048
0 0 0 0 379365264
0 0 0 0 379373984
1 43750 0 0 379380316
0 0 0 0 379388540
1 43768 0 0 379397248
1 43759 0 0 379405464
1 43731 0 0 379412504
1 43731 0 0 379419536
0 0 0 0 379426556
1 43797 0 0 379435268
1 43844 0 0 379443492
1 43778 0 0 379450512
0 0 0 0 379457544
1 43834 0 0 379466256
1 43872 0 0 379474464
1 43862 0 0 379481488
1 43862 0 0 379488524
1 43862 0 0 379496732
1 43909 0 0 379504948
1 43844 0 0 379513164
1 43900 0 0 379521392
1 43900 0 0 379528416
1 43937 0 0 379535440
1 43881 0 0 379542460
1 43890 0 0 379550676
1 43862 1 43834 379558888
1 43919 0 0 379566640
1 43956 0 0 379574848
1 43928 0 0 379583068
1 43956 0 0 379591308
1 43928 0 0 379598328
1 43900 0 0 379605348
1 44012 0 0 379612380
1 43928 0 0 379619404
1 44041 0 0 379627620
1 43975 0 0 379635844
1 44003 0 0 379644076
1 44012 0 0 379652300
1 44022 0 0 379659328
1 43937 0 0 379666352
1 44069 0 0 379674572
1 44069 0 0 379682788
1 44041 0 0 379691004
1 44106 0 0 379699228
1 44031 0 0 379706240
1 44125 0 0 379713276
1 44069 0 0 379720308
1 43965 0 0 379727324
1 44106 0 0 379735544
1 44059 0 0 379743760
1 44116 0 0 379751976
1 44116 0 0 379760200
1 44125 0 0 379767228
1 44125 0 0 379774260
1 44087 0 0 379781288
1 44078 0 0 379789492
1 44153 0 0 379797716
1 44153 0 0 379805928
1 44125 0 0 379814136
1 44069 0 0 379821164
1 44162 0 0 379828184
1 44144 0 0 379835208
1 44116 0 0 379842240
1 44238 0 0 379850452
1 44097 0 0 379858668
1 44134 0 0 379866892
1 44200 0 0 379875112
1 44181 0 0 379882152
1 44200 0 0 379889176
1 44219 0 0 379897408
0 0 0 0 379905636
1 44228 0 0 379911968
1 44200 0 0 379919012
1 44191 0 0 379926044
1 44172 0 0 379933088
1 44238 0 0 379940120
1 44219 0 0 379947144
1 44191 0 0 379955364
1 44200 0 0 379963576
1 44266 0 0 379971800
1 44266 0 0 379980016
1 44331 0 0 379987056
1 44247 0 0 379994084
1 44294 0 0 380001104
1 44303 0 0 380009316
1 44303 0 0 380017528
1 44331 0 0 380025740
1 44331 0 0 380033952
1 44294 0 0 380040980
1 44359 0 0 380048012
1 44303 0 0 380055048
1 44266 1 44435 380063264
1 44359 0 0 380070996
0 0 1 44453 380078020
1 44406 1 44435 380085052
1 44378 1 44341 380092788
0 0 0 0 380100524
1 44359 0 0 380109244
1 44388 0 0 380117472
1 44341 0 0 380125688
1 44359 0 0 380133892
1 44369 0 0 380140920
1 44388 0 0 380147940
1 44406 0 0 380154968
1 44453 0 0 380161980
1 44416 0 0 380170184
1 44397 0 0 380178392
1 44378 0 0 380186604
1 44416 0 0 380194848
1 44435 0 0 380201860
1 44397 0 0 380208900
1 44416 0 0 380215928
1 44341 0 0 380224152
1 44416 0 0 380232360
1 44463 0 0 380240588
0 0 0 0 380248812
1 44444 0 0 380257524
1 44425 0 0 380265740
1 44350 0 0 380272772
1 44453 0 0 380279780
1 44463 0 0 380286808
1 44425 0 0 380293840
1 44425 0 0 380300872
1 44350 0 0 380309096
0 0 0 0 380317320
1 44416 0 0 380326024
1 44425 0 0 380334244
1 44481 0 0 380342464
1 44378 0 0 380350676
1 44481 0 0 380357704
1 44369 0 0 380364728
1 44425 0 0 380371760
1 44425 0 0 380378792
1 44491 0 0 380385816
0 0 0 0 380394028
0 0 0 0 380401552
0 0 0 0 380410272
0 0 0 0 380416608
0 0 0 0 380425332
0 0 0 0 380434044
0 0 0 0 380441572
0 0 0 0 380450296
0 0 0 0 380458996
0 0 0 0 380466524
0 0 0 0 380475236
0 0 0 0 380483944
0 0 0 0 380491464
0 0 0 0 380500196
0 0 0 0 380508896
0 0 0 0 380516428
1 44331 0 0 380525140
0 0 0 0 380533368
1 44369 0 0 380542076
1 44331 0 0 380550288
0 0 0 0 380558488
1 44453 0 0 380567184
1 44397 0 0 380575388
1 44397 0 0 380583604
1 44435 0 0 380590640
1 44359 0 0 380598848
1 44303 0 0 380607084
1 44369 0 0 380615304
0 0 0 0 380623516
1 44359 0 0 380632240
1 44406 0 0 380640460
1 44378 0 0 380647472
0 0 0 0 380654496
1 44331 0 0 380663208
0 0 0 0 380671428
1 44510 0 0 380680144
0 0 0 0 380688356
0 0 0 0 380697072
0 0 0 0 380705780
0 0 0 0 380713300
0 0 1 44453 380722000
0 0 0 0 380730224
0 0 0 0 380738940
0 0 0 0 380747648
0 0 0 0 380756368
0 0 0 0 380763884
0 0 0 0 380772608
0 0 0 0 380781336
0 0 0 0 380788864
0 0 0 0 380797564
0 0 0 0 380806276
0 0 0 0 380813796
0 0 0 0 380821308
0 0 0 0 380830016
0 0 0 0 380838724
0 0 0 0 380846264
0 0 0 0 380854972
0 0 0 0 380862508
0 0 0 0 380871224
0 0 0 0 380879940
0 0 0 0 380887472
0 0 0 0 380896196
0 0 0 0 380904904
0 0 0 0 380911232
0 0 0 0 380919952
0 0 0 0 380927480
0 0 0 0 380936216
0 0 0 0 380944916
0 0 0 0 380952444
0 0 0 0 380961152
0 0 0 0 380969856
0 0 0 0 380978576
0 0 0 0 380986100
0 0 0 0 380994820
0 0 0 0 381003528
0 0 0 0 381011052
0 0 0 0 381019760
0 0 0 0 381028464
0 0 0 0 381035992
0 0 0 0 381044696
0 0 0 0 381053400
0 0 0 0 381062104
0 0 0 0 381070824
0 0 0 0 381079528
0 0 0 0 381087052
0 0 0 0 381095764
0 0 0 0 381104476
0 0 0 0 381111996
0 0 0 0 381120716
0 0 0 0 381129432
0 0 0 0 381136952
0 0 0 0 381145668
0 0 0 0 381154388
0 0 0 0 381161916
0 0 0 0 381170632
0 0 0 0 381179332
0 0 0 0 381186848
0 0 0 0 381195568
0 0 0 0 381204268
0 0 0 0 381213004
0 0 0 0 381221728
0 0 0 0 381230436
0 0 0 0 381237964
0 0 0 0 381246676
0 0 0 0 381255384
0 0 0 0 381262904
0 0 0 0 381270420
0 0 0 0 381277932
0 0 0 0 381285460
0 0 0 0 381294168
0 0 0 0 381302904
0 0 0 0 381310416
0 0 0 0 381317924
0 0 0 0 381325448
0 0 0 0 381334160
0 0 0 0 381342868
0 0 0 0 381350384
0 0 0 0 381357884
0 0 0 0 381366600
0 0 0 0 381375308
0 0 0 0 381382840
0 0 0 0 381391556
0 0 0 0 381400280
0 0 0 0 381407800
0 0 0 0 381416520
0 0 0 0 381422848
0 0 0 0 381431556
0 0 0 0 381439088
0 0 0 0 381447800
0 0 0 0 381456524
0 0 0 0 381464036
0 0 0 0 381472744
0 0 0 0 381481476
0 0 0 0 381487800
0 0 0 0 381496508
0 0 0 0 381505208
0 0 0 0 381512744
0 0 0 0 381521452
0 0 0 0 381530168
0 0 0 0 381537704
0 0 0 0 381546404
0 0 0 0 381555124
0 0 0 0 381562652
0 0 0 0 381571380
0 0 0 0 381580084
1 44632 0 0 381587604
0 0 0 0 381595824
0 0 0 0 381604532
0 0 0 0 381613256
0 0 0 0 381621960
0 0 0 0 381629488
0 0 0 0 381638204
0 0 0 0 381646920
0 0 0 0 381654440
0 0 0 0 381663156
0 0 0 0 381671876
0 0 0 0 381679392
0 0 0 0 381688104
0 0 0 0 381695620
0 0 0 0 381704324
0 0 0 0 381713020
0 0 0 0 381720548
0 0 0 0 381729252
0 0 0 0 381737956
0 0 0 0 381745472
0 0 0 0 381754180
0 0 0 0 381762900
0 0 0 0 381770424
0 0 0 0 381779144
0 0 0 0 381787844
0 0 0 0 381796564
0 0 0 0 381804088
0 0 0 0 381812800
0 0 0 0 381821520
0 0 0 0 381829044
0 0 0 0 381837764
0 0 0 0 381846476
0 0 0 0 381853996
0 0 0 0 381862704
0 0 0 0 381871424
0 0 0 0 381878944
0 0 0 0 381886484
0 0 0 0 381895188
0 0 0 0 381903896
0 0 0 0 381911412
0 0 0 0 381920136
0 0 0 0 381928868
0 0 0 0 381936384
0 0 0 0 381945092
0 0 0 0 381953820
0 0 0 0 381961352
0 0 0 0 381970064
0 0 0 0 381976380
0 0 0 0 381985088
0 0 0 0 381992600
0 0 0 0 382001312
0 0 0 0 382010020
0 0 0 0 382016352
0 0 0 0 382025056
0 0 0 0 382032568
0 0 0 0 382041288
0 0 0 0 382049992
0 0 0 0 382056324
0 0 0 0 382065048
0 0 0 0 382073748
0 0 0 0 382081288
0 0 0 0 382090004
0 0 0 0 382098716
0 0 0 0 382106236
0 0 0 0 382114948
0 0 0 0 382123656
0 0 0 0 382131160
0 0 0 0 382139888
0 0 0 0 382148596
0 0 0 0 382156112
0 0 0 0 382164828
0 0 0 0 382173536
0 0 0 0 382181052
0 0 0 0 382189784
0 0 0 0 382198480
0 0 0 0 382206008
0 0 0 0 382214720
0 0 0 0 382223428
0 0 0 0 382230952
0 0 0 0 382239664
0 0 0 0 382247188
0 0 0 0 382255904
0 0 0 0 382264616
0 0 0 0 382272132
0 0 0 0 382280840
0 0 0 0 382289556
0 0 0 0 382297060
0 0 0 0 382305776
0 0 0 0 382314476
0 0 0 0 382322008
0 0 0 0 382330724
0 0 0 0 382339448
0 0 0 0 382346972
0 0 0 0 382355680
0 0 0 0 382364388
0 0 0 0 382373120
0 0 0 0 382380636
0 0 0 0 382389348
0 0 0 0 382398060
0 0 0 0 382405576
0 0 0 0 382414300
0 0 0 0 382422992
0 0 0 0 382430504
0 0 0 0 382438024
0 0 0 0 382446736
0 0 0 0 382455452
0 0 0 0 382462972
0 0 0 0 382471684
0 0 0 0 382480392
0 0 0 0 382487896
0 0 0 0 382496612
0 0 0 0 382505324
0 0 0 0 382512844
0 0 0 0 382521564
0 0 0 0 382530268
0 0 0 0 382538980
0 0 0 0 382547680
0 0 0 0 382555208
0 0 0 0 382563920
0 0 0 0 382572640
0 0 0 0 382580160
0 0 0 0 382588872
0 0 0 0 382597580
0 0 0 0 382603900
0 0 0 0 382612612
0 0 0 0 382621328
0 0 0 0 382628840
0 0 0 0 382637564
0 0 0 0 382646280
0 0 0 0 382653796
0 0 0 0 382662504
0 0 0 0 382671220
0 0 0 0 382678752
0 0 0 0 382687464
0 0 0 0 382696164
0 0 0 0 382703696
0 0 0 0 382712404
0 0 0 0 382721116
0 0 0 0 382728644
0 0 0 0 382737352
0 0 0 0 382746068
0 0 0 0 382753576
0 0 0 0 382762292
0 0 0 0 382770996
0 0 0 0 382778520
0 0 0 0 382787232
0 0 0 0 382794760
0 0 0 0 382803472
0 0 0 0 382812188
0 0 0 0 382819708
0 0 0 0 382828424
0 0 0 0 382837144
0 0 0 0 382844676
0 0 0 0 382853384
0 0 0 0 382862100
0 0 0 0 382869636
0 0 0 0 382878348
0 0 0 0 382887060
0 0 0 0 382894572
0 0 0 0 382903272
0 0 0 0 382911988
0 0 0 0 382919504
0 0 0 0 382928220
0 0 0 0 382936932
0 0 0 0 382945648
0 0 0 0 382953168
0 0 0 0 382961888
0 0 0 0 382970596
0 0 0 0 382978124
0 0 0 0 382986848
0 0 0 0 382995568
0 0 0 0 383004276
0 0 0 0 383012984
0 0 0 0 383020500
0 0 0 0 383029200
0 0 0 0 383037916
0 0 0 0 383045432
0 0 0 0 383054156
0 0 0 0 383062860
0 0 0 0 383070396
0 0 0 0 383079096
0 0 0 0 383087808
0 0 0 0 383096512
0 0 0 0 383105232
0 0 0 0 383112752
0 0 0 0 383121472
0 0 0 0 383130180
0 0 0 0 383136500
0 0 0 0 383145200
0 0 0 0 383153912
0 0 0 0 383161452
0 0 0 0 383170164
0 0 0 0 383178872
0 0 0 0 383186408
0 0 0 0 383195112
0 0 0 0 383203832
0 0 0 0 383211340
0 0 0 0 383220044
0 0 0 0 383228740
0 0 0 0 383236284
0 0 0 0 383244992
0 0 0 0 383253712
0 0 0 0 383261248
0 0 0 0 383269972
0 0 0 0 383278692
0 0 0 0 383286220
0 0 0 0 383294944
0 0 0 0 383303640
0 0 0 0 383311168
0 0 0 0 383319872
0 0 0 0 383328580
0 0 0 0 383336104
0 0 0 0 383344828
0 0 0 0 383352348
0 0 0 0 383361068
0 0 0 0 383369788
0 0 0 0 383377312
0 0 0 0 383386036
0 0 0 0 383394744
0 0 0 0 383402268
0 0 0 0 383410976
0 0 0 0 383419696
0 0 0 0 383427220
0 0 0 0 383435932
0 0 0 0 383444640
0 0 0 0 383452164
0 0 0 0 383460868
0 0 0 0 383469580
0 0 0 0 383477092
0 0 0 0 383485804
0 0 0 0 383494516
0 0 0 0 383503236
0 0 0 0 383511956
0 0 0 0 383520656
0 0 0 0 383528184
0 0 0 0 383536896
0 0 0 0 383545620
0 0 0 0 383553144
0 0 0 0 383561856
0 0 0 0 383570572
0 0 0 0 383578080
0 0 0 0 383586808
0 0 0 0 383593140
0 0 0 0 383601872
0 0 0 0 383609384
0 0 0 0 383618100
0 0 0 0 383626812
0 0 0 0 383634324
0 0 0 0 383643044
0 0 0 0 383651752
0 0 0 0 383658100
0 0 0 0 383666812
0 0 0 0 383675532
0 0 0 0 383683056
0 0 0 0 383691752
0 0 0 0 383700476
0 0 0 0 383708004
0 0 0 0 383716728
0 0 0 0 383725448
0 0 0 0 383732980
0 0 0 0 383741688
0 0 0 0 383750396
0 0 0 0 383757920
0 0 0 0 383766644
0 0 0 0 383775360
0 0 0 0 383782872
0 0 0 0 383791580
0 0 0 0 383800272
0 0 0 0 383807788
0 0 0 0 383816484
0 0 0 0 383825216
0 0 0 0 383832732
0 0 0 0 383841444
0 0 0 0 383848960
0 0 0 0 383857684
0 0 0 0 383866396
0 0 0 0 383873932
0 0 0 0 383882652
0 0 0 0 383891352
0 0 0 0 383898880
0 0 0 0 383907612
0 0 0 0 383916328
0 0 0 0 383923856
0 0 0 0 383932560
0 0 0 0 383941272
0 0 0 0 383948796
0 0 0 0 383957516
0 0 0 0 383966228
0 0 0 0 383973736
0 0 0 0 383982456
0 0 0 0 383991176
0 0 0 0 383998700
0 0 0 0 384007416
0 0 0 0 384016116
0 0 0 0 384024836
0 0 0 0 384032356
0 0 0 0 384041072
0 0 0 0 384049792
0 0 0 0 384058500
0 0 0 0 384067208
0 0 0 0 384074732
0 0 0 0 384083448
0 0 0 0 384092164
0 0 0 0 384099684
0 0 0 0 384108384
0 0 0 0 384117096
0 0 0 0 384124616
0 0 0 0 384133340
0 0 0 0 384142044
0 0 0 0 384149568
0 0 0 0 384158272
0 0 0 0 384166988
0 0 0 0 384175700
0 0 0 0 384184428
0 0 0 0 384191948
0 0 0 0 384200648
0 0 0 0 384209364
0 0 0 0 384216876
0 0 0 0 384225604
0 0 0 0 384234304
0 0 0 0 384243024
0 0 0 0 384250548
0 0 0 0 384259276
0 0 0 0 384267984
0 0 0 0 384275520
0 0 0 0 384284240
0 0 0 0 384292960
0 0 0 0 384300488
0 0 0 0 384309192
0 0 0 0 384317908
0 0 0 0 384325420
0 0 0 0 384334144
0 0 0 0 384342848
0 0 0 0 384350384
0 0 0 0 384359100
0 0 0 0 384367808
0 0 0 0 384375324
0 0 0 0 384384040
0 0 0 0 384392752
0 0 0 0 384400264
0 0 0 0 384408988
0 0 0 0 384416500
0 0 0 0 384425220
0 0 0 0 384433928
0 0 0 0 384441444
0 0 0 0 384450156
0 0 0 0 384458860
0 0 0 0 384466380
0 0 0 0 384475084
0 0 0 0 384483800
0 0 0 0 384491316
0 0 0 0 384500036
0 0 0 0 384508732
0 0 0 0 384517448
0 0 0 0 384524956
0 0 0 0 384533680
0 0 0 0 384542408
0 0 0 0 384549940
0 0 0 0 384558652
0 0 0 0 384567384
0 0 0 0 384574908
0 0 0 0 384583628
0 0 0 0 384592352
0 0 0 0 384599860
0 0 0 0 384608580
0 0 0 0 384617292
0 0 0 0 384624820
0 0 0 0 384632340
0 0 0 0 384641064
0 0 0 0 384648584
0 0 0 0 384657288
0 0 0 0 384666016
0 0 0 0 384673524
0 0 0 0 384682236
0 0 0 0 384690940
0 0 0 0 384697264
0 0 0 0 384705984
0 0 0 0 384713504
0 0 0 0 384722232
0 0 0 0 384730940
0 0 0 0 384738452
0 0 0 0 384747156
0 0 0 0 384755860
0 0 0 0 384762196
0 0 0 0 384770896
0 0 0 0 384779608
0 0 0 0 384787128
0 0 0 0 384795852
0 0 0 0 384804556
0 0 0 0 384812084
0 0 0 0 384820796
0 0 0 0 384829512
0 0 0 0 384837040
0 0 0 0 384845764
0 0 0 0 384854468
0 0 0 0 384861992
0 0 0 0 384870708
0 0 0 0 384879420
0 0 0 0 384888140
0 0 0 0 384896836
0 0 0 0 384905560
0 0 0 0 384913084
0 0 0 0 384921808
0 0 0 0 384930508
0 0 0 0 384938048
0 0 0 0 384946756
0 0 0 0 384955476
0 0 0 0 384963004
0 0 0 0 384971720
0 0 0 0 384980432
0 0 0 0 384987936
0 0 0 0 384996656
0 0 0 0 385005364
0 0 0 0 385012884
0 0 0 0 385021588
0 0 0 0 385030316
0 0 0 0 385039028
0 0 0 0 385046552
0 0 0 0 385055264
0 0 0 0 385063984
0 0 0 0 385071504
0 0 0 0 385080208
0 0 0 0 385088920
0 0 0 0 385096436
0 0 0 0 385103956
0 0 0 0 385111484
0 0 0 0 385120192
0 0 0 0 385128908
0 0 0 0 385136420
0 0 0 0 385145136
0 0 0 0 385153832
0 0 0 0 385161360
0 0 0 0 385168884
0 0 0 0 385177596
0 0 0 0 385186312
0 0 0 0 385193832
0 0 0 0 385202544
0 0 0 0 385211264
0 0 0 0 385218812
0 0 0 0 385227516
0 0 0 0 385233844
0 0 0 0 385242560
0 0 0 0 385250084
0 0 0 0 385258792
0 0 0 0 385267496
0 0 0 0 385273832
0 0 0 0 385282560
0 0 0 0 385290080
0 0 0 0 385298780
0 0 0 0 385307492
0 0 0 0 385316200
0 0 0 0 385323732
0 0 0 0 385332456
0 0 0 0 385341152
0 0 0 0 385348680
0 0 0 0 385357400
0 0 0 0 385366132
0 0 0 0 385373664
0 0 0 0 385382368
0 0 0 0 385391096
0 0 0 0 385398604
0 0 0 0 385407324
0 0 0 0 385416028
0 0 0 0 385423548
0 0 0 0 385432256
0 0 0 0 385440988
0 0 0 0 385448512
0 0 0 0 385457232
0 0 0 0 385465944
0 0 0 0 385473468
0 0 0 0 385482184
0 0 0 0 385490892
0 0 0 0 385498408
0 0 0 0 385507100
0 0 0 0 385514628
0 0 0 0 385523340
0 0 0 0 385532052
0 0 0 0 385539576
0 0 0 0 385548284
0 0 0 0 385557012
0 0 0 0 385564544
0 0 0 0 385573268
0 0 0 0 385581976
0 0 0 0 385589516
0 0 0 0 385598240
0 0 0 0 385606960
0 0 0 0 385614480
0 0 0 0 385623196
0 0 0 0 385631900
0 0 0 0 385639440
0 0 0 0 385648144
0 0 0 0 385656856
0 0 0 0 385664372
0 0 0 0 385671892
0 0 0 0 385679420
0 0 0 0 385686944
0 0 0 0 385694468
0 0 0 0 385701996
0 0 0 0 385710708
0 0 0 0 385719420
0 0 0 0 385726940
0 0 0 0 385734452
0 0 0 0 385743168
0 0 0 0 385751868
0 0 0 0 385759400
0 0 0 0 385768108
0 0 0 0 385774448
0 0 0 0 385783160
0 0 0 0 385790680
0 0 0 0 385799408
0 0 0 0 385808116
0 0 0 0 385815640
0 0 0 0 385824356
0 0 0 0 385833072
0 0 0 0 385839404
0 0 0 0 385848096
0 0 0 0 385856820
0 0 0 0 385864344
0 0 0 0 385873056
0 0 0 0 385881772
0 0 0 0 385889308
0 0 0 0 385898012
0 0 0 0 385906724
0 0 0 0 385914236
0 0 0 0 385922952
0 0 0 0 385931672
0 0 0 0 385939200
0 0 0 0 385947908
0 0 0 0 385956616
0 0 0 0 385964144
0 0 0 0 385972856
0 0 0 0 385981572
0 0 0 0 385989096
0 0 0 0 385997796
0 0 0 0 386006500
0 0 0 0 386014012
0 0 0 0 386022728
0 0 0 0 386030248
0 0 0 0 386038976
0 0 0 0 386047676
0 0 0 0 386055204
0 0 0 0 386063912
0 0 0 0 386072628
0 0 0 0 386080164
0 0 0 0 386088868
0 0 0 0 386097580
0 0 0 0 386105116
0 0 0 0 386113832
0 0 0 0 386122532
0 0 0 0 386130064
0 0 0 0 386138776
0 0 0 0 386147484
0 0 0 0 386154992
0 0 0 0 386163692
0 0 0 0 386172412
0 0 0 0 386181140
0 0 0 0 386188664
0 0 0 0 386197380
0 0 0 0 386206092
0 0 0 0 386213604
0 0 0 0 386222324
0 0 0 0 386231028
0 0 0 0 386238556
0 0 0 0 386246080
0 0 0 0 386254788
0 0 0 0 386263512
0 0 0 0 386271024
0 0 0 0 386279744
0 0 0 0 386288460
0 0 0 0 386295996
0 0 0 0 386304708
0 0 0 0 386311036
0 0 0 0 386319744
0 0 0 0 386327256
0 0 0 0 386335968
0 0 0 0 386344676
0 0 0 0 386352204
0 0 0 0 386360916
0 0 0 0 386369628
0 0 0 0 386375960
0 0 0 0 386384680
0 0 0 0 386393396
0 0 0 0 386400928
0 0 0 0 386409656
0 0 0 0 386418368
0 0 0 0 386425904
0 0 0 0 386434624
0 0 0 0 386443332
0 0 0 0 386450852
0 0 0 0 386459560
0 0 0 0 386468288
0 0 0 0 386475808
0 0 0 0 386484520
0 0 0 0 386493224
0 0 0 0 386500744
0 0 0 0 386509436
0 0 0 0 386518148
0 0 0 0 386525664
0 0 0 0 386534372
0 0 0 0 386543088
0 0 0 0 386550596
0 0 0 0 386559312
0 0 0 0 386566824
0 0 0 0 386575544
0 0 0 0 386584244
0 0 0 0 386591788
0 0 0 0 386600504
0 0 0 0 386609212
0 0 0 0 386616732
0 0 0 0 386625440
0 0 0 0 386634160
0 0 0 0 386641680
0 0 0 0 386650400
0 0 0 0 386659104
0 0 0 0 386666628
0 0 0 0 386675332
0 0 0 0 386684040
0 0 0 0 386692756
0 0 0 0 386700260
0 0 0 0 386708980
0 0 0 0 386717712
0 0 0 0 386725228
0 0 0 0 386733928
0 0 0 0 386742640
0 0 0 0 386750156
0 0 0 0 386757688
0 0 0 0 386765204
0 0 0 0 386773916
0 0 0 0 386782636
0 0 0 0 386791344
0 0 0 0 386800056
0 0 0 0 386807588
0 0 0 0 386816308
0 0 0 0 386825004
0 0 0 0 386832540
0 0 0 0 386841236
0 0 0 0 386849948
0 0 0 0 386857464
0 0 0 0 386866172
0 0 0 0 386874884
0 0 0 0 386883600
0 0 0 0 386892312
0 0 0 0 386899840
0 0 0 0 386908568
0 0 0 0 386917284
0 0 0 0 386925996
0 0 0 0 386933520
0 0 0 0 386942240
0 0 0 0 386950944
0 0 0 0 386958468
0 0 0 0 386967164
0 0 0 0 386975868
0 0 0 0 386983384
0 0 0 0 386992092
0 0 0 0 387000808
0 0 0 0 387008320
0 0 0 0 387017028
0 0 0 0 387025728
0 0 0 0 387034440
0 0 0 0 387043136
0 0 0 0 387051844
0 0 0 0 387059356
0 0 0 0 387068076
0 0 0 0 387076792
0 0 0 0 387084316
0 0 0 0 387093016
0 0 0 0 387101732
0 0 0 0 387109248
0 0 0 0 387117956
0 0 0 0 387126676
0 0 0 0 387134192
0 0 0 0 387142912
0 0 0 0 387151620
0 0 0 0 387159148
0 0 0 0 387167868
0 0 0 0 387176564
0 0 0 0 387184080
0 0 0 0 387192788
0 0 0 0 387200316
0 0 0 0 387209020
0 0 0 0 387217736
0 0 0 0 387225260
0 0 0 0 387233968
0 0 0 0 387242684
0 0 0 0 387250216
0 0 0 0 387258928
0 0 0 0 387267632
0 0 0 0 387275156
0 0 0 0 387283860
0 0 0 0 387292576
0 0 0 0 387300100
0 0 0 0 387307620
0 0 0 0 387315140
0 0 0 0 387322660
0 0 0 0 387330192
0 0 0 0 387337712
0 0 0 0 387345228
0 0 0 0 387353944
0 0 0 0 387362660
0 0 0 0 387370180
0 0 0 0 387378892
0 0 0 0 387386424
0 0 0 0 387395140
0 0 0 0 387403856
0 0 0 0 387411384
0 0 0 0 387420096
0 0 0 0 387428812
0 0 0 0 387435144
0 0 0 0 387443848
0 0 0 0 387451364
0 0 0 0 387460068
0 0 0 0 387468792
0 0 0 0 387475116
0 0 0 0 387483828
0 0 0 0 387492536
0 0 0 0 387500068
0 0 0 0 387508772
0 0 0 0 387517488
0 0 0 0 387525032
0 0 0 0 387533736
0 0 0 0 387542456
0 0 0 0 387549980
0 0 0 0 387558692
0 0 0 0 387567400
0 0 0 0 387574936
0 0 0 0 387583644
0 0 0 0 387592352
0 0 0 0 387599864
0 0 0 0 387608596
0 0 0 0 387617304
0 0 0 0 387624828
0 0 0 0 387633532
0 0 0 0 387642252
0 0 0 0 387649776
0 0 0 0 387658484
0 0 0 0 387667196
0 0 0 0 387674720
0 0 0 0 387683440
0 0 0 0 387690964
0 0 0 0 387699664
0 0 0 0 387708384
0 0 0 0 387715900
0 0 0 0 387724628
0 0 0 0 387733340
0 0 0 0 387740856
0 0 0 0 387749568
0 0 0 0 387758292
0 0 0 0 387765808
0 0 0 0 387774524
0 0 0 0 387783232
0 0 0 0 387790752
0 0 0 0 387799476
0 0 0 0 387808196
0 0 0 0 387815728
0 0 0 0 387824428
0 0 0 0 387833136
0 0 0 0 387841844
0 0 0 0 387849372
0 0 0 0 387858080
0 0 0 0 387866812
0 0 0 0 387875520
0 0 0 0 387884248
0 0 0 0 387891768
0 0 0 0 387900472
0 0 0 0 387909184
0 0 0 0 387916700
0 0 0 0 387925420
0 0 0 0 387934148
0 0 0 0 387941660
0 0 0 0 387950368
0 0 0 0 387959088
0 0 0 0 387966608
0 0 0 0 387975316
0 0 0 0 387984028
0 0 0 0 387991560
0 0 0 0 388000284
0 0 0 0 388006616
0 0 0 0 388015332
0 0 0 0 388021676
0 0 0 0 388030388
0 0 0 0 388039104
0 0 0 0 388046628
0 0 0 0 388055340
0 0 0 0 388064036
0 0 0 0 388071552
0 0 0 0 388080256
0 0 0 0 388088960
0 0 0 0 388096480
0 0 0 0 388105176
0 0 0 0 388113892
0 0 0 0 388122612
0 0 0 0 388131324
0 0 0 0 388140044
0 0 0 0 388147556
0 0 0 0 388156256
0 0 0 0 388164964
0 0 0 0 388172484
0 0 0 0 388181208
0 0 0 0 388189920
0 0 0 0 388197452
0 0 0 0 388206160
0 0 0 0 388214872
0 0 0 0 388222400
0 0 0 0 388231116
0 0 0 0 388239832
0 0 0 0 388248536
0 0 0 0 388257252
0 0 0 0 388265960
0 0 0 0 388273488
0 0 0 0 388282196
0 0 0 0 388290908
0 0 0 0 388298428
0 0 0 0 388307156
0 0 0 0 388315868
0 0 0 0 388323396
0 0 0 0 388332108
0 0 0 0 388340820
0 0 0 0 388348344
0 0 0 0 388355872
0 0 0 0 388363396
0 0 0 0 388370904
0 0 0 0 388378416
0 0 0 0 388385940
0 0 0 0 388394648
0 0 0 0 388403352
0 0 0 0 388410876
0 0 0 0 388419612
0 0 0 0 388428316
0 0 0 0 388435848
0 0 0 0 388444576
0 0 0 0 388453280
0 0 0 0 388462000
0 0 0 0 388470724
0 0 0 0 388478248
0 0 0 0 388486944
0 0 0 0 388495664
0 0 0 0 388503192
0 0 0 0 388511888
0 0 0 0 388520592
0 0 0 0 388529308
0 0 0 0 388538012
0 0 0 0 388545540
0 0 0 0 388554240
0 0 0 0 388562940
0 0 0 0 388569272
0 0 0 0 388577984
0 0 0 0 388586712
0 0 0 0 388594228
0 0 0 0 388602944
0 0 0 0 388611652
0 0 0 0 388619164
0 0 0 0 388627884
0 0 0 0 388636600
0 0 0 0 388644116
0 0 0 0 388652832
0 0 0 0 388661544
0 0 0 0 388669064
0 0 0 0 388677776
0 0 0 0 388686492
0 0 0 0 388693996
0 0 0 0 388702712
0 0 0 0 388711412
0 0 0 0 388718940
0 0 0 0 388727652
0 0 0 0 388736368
0 0 0 0 388743876
0 0 0 0 388752608
0 0 0 0 388760112
0 0 0 0 388768824
0 0 0 0 388777540
0 0 0 0 388785072
0 0 0 0 388793784
0 0 0 0 388802500
0 0 0 0 388810032
0 0 0 0 388818732
0 0 0 0 388827440
0 0 0 0 388834956
0 0 0 0 388843652
0 0 0 0 388852356
0 0 0 0 388861072
0 0 0 0 388868584
0 0 0 0 388877276
0 0 0 0 388885980
0 0 0 0 388893496
0 0 0 0 388901024
0 0 0 0 388908540
0 0 0 0 388917256
0 0 0 0 388925968
0 0 0 0 388933484
0 0 0 0 388942204
0 0 0 0 388950924
0 0 0 0 388958448
0 0 0 0 388965968
0 0 0 0 388974700
0 0 0 0 388983412
0 0 0 0 388990924
0 0 0 0 388999644
0 0 0 0 389007156
0 0 0 0 389015880
0 0 0 0 389024584
0 0 0 0 389030932
0 0 0 0 389039640
0 0 0 0 389047148
0 0 0 0 389055864
0 0 0 0 389064588
0 0 0 0 389072108
0 0 0 0 389080816
0 0 0 0 389089532
0 0 0 0 389095864
0 0 0 0 389104592
0 0 0 0 389113312
0 0 0 0 389120832
0 0 0 0 389129548
0 0 0 0 389138244
0 0 0 0 389145776
0 0 0 0 389154488
0 0 0 0 389163212
0 0 0 0 389170724
0 0 0 0 389179440
0 0 0 0 389188156
0 0 0 0 389195680
0 0 0 0 389204408
0 0 0 0 389213120
0 0 0 0 389220648
0 0 0 0 389229344
0 0 0 0 389238052
0 0 0 0 389245564
0 0 0 0 389254276
0 0 0 0 389262984
0 0 0 0 389270500
0 0 0 0 389279200
0 0 0 0 389286708
0 0 0 0 389295424
0 0 0 0 389304132
0 0 0 0 389311668
0 0 0 0 389320380
0 0 0 0 389329108
0 0 0 0 389336640
0 0 0 0 389345336
0 0 0 0 389354048
0 0 0 0 389361560
0 0 0 0 389370276
0 0 0 0 389378984
0 0 0 0 389386512
0 0 0 0 389395228
0 0 0 0 389403944
0 0 0 0 389411468
0 0 0 0 389420176
0 0 0 0 389428884
0 0 0 0 389437596
0 0 0 0 389445124
0 0 0 0 389453844
0 0 0 0 389462548
0 0 0 0 389470076
0 0 0 0 389478784
0 0 0 0 389487492
0 0 0 0 389495028
0 0 0 0 389502548
0 0 0 0 389511264
0 0 0 0 389519980
0 0 0 0 389527500
0 0 0 0 389536220
0 0 0 0 389544928
0 0 0 0 389552468
0 0 0 0 389561184
0 0 0 0 389567512
0 0 0 0 389576220
0 0 0 0 389583752
0 0 0 0 389592492
0 0 0 0 389601204
0 0 0 0 389608728
0 0 0 0 389617448
0 0 0 0 389626152
0 0 0 0 389633668
0 0 0 0 389642388
0 0 0 0 389651084
0 0 0 0 389657404
0 0 0 0 389666124
0 0 0 0 389674824
0 0 0 0 389682364
0 0 0 0 389691076
0 0 0 0 389699800
0 0 0 0 389707316
0 0 0 0 389716036
0 0 0 0 389724752
0 0 0 0 389732272
0 0 0 0 389740988
0 0 0 0 389749700
0 0 0 0 389757216
0 0 0 0 389765920
0 0 0 0 389774640
0 0 0 0 389782156
0 0 0 0 389790856
0 0 0 0 389799568
0 0 0 0 389807080
0 0 0 0 389815780
0 0 0 0 389823292
0 0 0 0 389832004
0 0 0 0 389840712
0 0 0 0 389848236
0 0 0 0 389856948
0 0 0 0 389865668
0 0 0 0 389873184
0 0 0 0 389881900
0 0 0 0 389890620
0 0 0 0 389898140
0 0 0 0 389906856
0 0 0 0 389915568
0 0 0 0 389923096
0 0 0 0 389931812
0 0 0 0 389940536
0 0 0 0 389948052
0 0 0 0 389956748
0 0 0 0 389965444
0 0 0 0 389974156
0 0 0 0 389981676
0 0 0 0 389990376
0 0 0 0 389999092
0 0 0 0 390006604
0 0 0 0 390014132
0 0 0 0 390021656
0 0 0 0 390030364
0 0 0 0 390039068
0 0 0 0 390046600
0 0 0 0 390054132
0 0 0 0 390062848
0 0 0 0 390071560
0 0 0 0 390079088
0 0 0 0 390087796
0 0 0 0 390095316
0 0 0 0 390104020
0 0 0 0 390112740
0 0 0 0 390119060
0 0 0 0 390127760
0 0 0 0 390135276
0 0 0 0 390143972
0 0 0 0 390152696
0 0 0 0 390159016
0 0 0 0 390167744
0 0 0 0 390175256
0 0 0 0 390183960
0 0 0 0 390192668
0 0 0 0 390198988
0 0 0 0 390207712
0 0 0 0 390216412
0 0 0 0 390223956
0 0 0 0 390232668
0 0 0 0 390241388
0 0 0 0 390248936
0 0 0 0 390257636
0 0 0 0 390266352
0 0 0 0 390273860
0 0 0 0 390282568
0 0 0 0 390291280
0 0 0 0 390298816
0 0 0 0 390307524
0 0 0 0 390316240
0 0 0 0 390323764
0 0 0 0 390332468
0 0 0 0 390341184
0 0 0 0 390348700
0 0 0 0 390357424
0 0 0 0 390366132
0 0 0 0 390373656
0 0 0 0 390382368
0 0 0 0 390391092
0 0 0 0 390398604
0 0 0 0 390407320
0 0 0 0 390414836
0 0 0 0 390423548
0 0 0 0 390432264
0 0 0 0 390439784
0 0 0 0 390448488
0 0 0 0 390457192
0 0 0 0 390464724
0 0 0 0 390473436
0 0 0 0 390482152
0 0 0 0 390489672
0 0 0 0 390498384
0 0 0 0 390507096
0 0 0 0 390514628
0 0 0 0 390523336
0 0 0 0 390532048
0 0 0 0 390540764
0 0 0 0 390548276
0 0 0 0 390556996
0 0 0 0 390565692
0 0 0 0 390573216
0 0 0 0 390581928
0 0 0 0 390590652
0 0 0 0 390598164
0 0 0 0 390605684
0 0 0 0 390614388
0 0 0 0 390623112
0 0 0 0 390630648
0 0 0 0 390639364
0 0 0 0 390646880
0 0 0 0 390655588
0 0 0 0 390664308
0 0 0 0 390670628
0 0 0 0 390679332
0 0 0 0 390686868
0 0 0 0 390695580
0 0 0 0 390704300
0 0 0 0 390711816
0 0 0 0 390720524
0 0 0 0 390729240
0 0 0 0 390735560
0 0 0 0 390744284
0 0 0 0 390752988
0 0 0 0 390760508
0 0 0 0 390769224
0 0 0 0 390777948
0 0 0 0 390785460
0 0 0 0 390794172
0 0 0 0 390802876
0 0 0 0 390810404
0 0 0 0 390819120
0 0 0 0 390827824
0 0 0 0 390835364
0 0 0 0 390844056
0 0 0 0 390852756
0 0 0 0 390861468
0 0 0 0 390870192
0 0 0 0 390878904
0 0 0 0 390886428
0 0 0 0 390895140
0 0 0 0 390903848
0 0 0 0 390911356
0 0 0 0 390920080
0 0 0 0 390928784
0 0 0 0 390936292
0 0 0 0 390945016
0 0 0 0 390953728
0 0 0 0 390961256
0 0 0 0 390969964
0 0 0 0 390978668
0 0 0 0 390987396
0 0 0 0 390996092
0 0 0 0 391004816
1 44988 0 0 391012332
1 44960 0 0 391020560
0 0 0 0 391028784
0 0 0 0 391036292
0 0 0 0 391045008
0 0 0 0 391053724
0 0 0 0 391061236
0 0 0 0 391069952
0 0 0 0 391078656
0 0 0 0 391086188
0 0 0 0 391094900
0 0 0 0 391103612
0 0 0 0 391111144
0 0 0 0 391118652
0 0 0 0 391126176
0 0 0 0 391133692
0 0 0 0 391141220
0 0 0 0 391148756
0 0 0 0 391156276
0 0 0 0 391164996
0 0 0 0 391172520
0 0 0 0 391181228
0 0 0 0 391189952
0 0 0 0 391197472
0 0 0 0 391206192
0 0 0 0 391214896
0 0 0 0 391222416
0 0 0 0 391231124
0 0 0 0 391239840
0 0 0 0 391246176
0 0 0 0 391254880
0 0 0 0 391262412
0 0 0 0 391271128
0 0 0 0 391279840
0 0 0 0 391286168
0 0 0 0 391294876
0 0 0 0 391303592
0 0 0 0 391311128
0 0 0 0 391319848
0 0 0 0 391328560
0 0 0 0 391336080
0 0 0 0 391344792
0 0 0 0 391353504
0 0 0 0 391361024
0 0 0 0 391369736
0 0 0 0 391378448
0 0 0 0 391385960
0 0 0 0 391394668
0 0 0 0 391403380
0 0 0 0 391410920
0 0 0 0 391419620
0 0 0 0 391428348
0 0 0 0 391435872
0 0 0 0 391444604
0 0 0 0 391453308
0 0 0 0 391460824
0 0 0 0 391469548
0 0 0 0 391478252
0 0 0 0 391485780
0 0 0 0 391494500
0 0 0 0 391503208
0 0 0 0 391510724
0 0 0 0 391519452
0 0 0 0 391526964
0 0 0 0 391535676
0 0 0 0 391544404
0 0 0 0 391551932
0 0 0 0 391560644
0 0 0 0 391569352
0 0 0 0 391576884
0 0 0 0 391585588
0 0 0 0 391594304
0 0 0 0 391601816
0 0 0 0 391610528
0 0 0 0 391619232
0 0 0 0 391626768
0 0 0 0 391634292
0 0 0 0 391641820
0 0 0 0 391649336
0 0 0 0 391656860
0 0 0 0 391664376
0 0 0 0 391673088
0 0 0 0 391681800
0 0 0 0 391689328
0 0 0 0 391696844
0 0 0 0 391705540
0 0 0 0 391714256
0 0 0 0 391721772
0 0 0 0 391730496
0 0 0 0 391739196
0 0 0 0 391746732
0 0 0 0 391755444
0 0 0 0 391761788
0 0 0 0 391770512
0 0 0 0 391778020
0 0 0 0 391786748
0 0 0 0 391795460
0 0 0 0 391802988
1 44983 0 0 391811700
0 0 0 0 391819928
0 0 0 0 391828644
0 0 0 0 391837360
0 0 0 0 391843696
0 0 0 0 391852416
0 0 0 0 391861128
1 44843 0 0 391868664
0 0 0 0 391876892
0 0 0 0 391885600
0 0 0 0 391894316
0 0 0 0 391903028
0 0 0 0 391910564
0 0 0 0 391919264
0 0 0 0 391927984
0 0 0 0 391935508
0 0 0 0 391944232
0 0 0 0 391952936
0 0 0 0 391960464
0 0 0 0 391969184
0 0 0 0 391977884
0 0 0 0 391985408
0 0 0 0 391994112
0 0 0 0 392002836
0 0 0 0 392010360
0 0 0 0 392019064
0 0 0 0 392026580
0 0 0 0 392035292
0 0 0 0 392044008
0 0 0 0 392051528
0 0 0 0 392060248
0 0 0 0 392068968
0 0 0 0 392076496
0 0 0 0 392085212
0 0 0 0 392093916
0 0 0 0 392101440
0 0 0 0 392110164
0 0 0 0 392118876
0 0 0 0 392126400
0 0 0 0 392135116
0 0 0 0 392143820
0 0 0 0 392151356
0 0 0 0 392160064
0 0 0 0 392168784
0 0 0 0 392177488
0 0 0 0 392185016
0 0 0 0 392193728
0 0 0 0 392202460
0 0 0 0 392211156
0 0 0 0 392219868
0 0 0 0 392227384
0 0 0 0 392236108
0 0 0 0 392244824
0 0 0 0 392252340
0 0 0 0 392261060
0 0 0 0 392269772
0 0 0 0 392277300
0 0 0 0 392286000
0 0 0 0 392294704
0 0 0 0 392302220
0 0 0 0 392310928
0 0 0 0 392319632
0 0 0 0 392328336
0 0 0 0 392337044
0 0 0 0 392344568
0 0 0 0 392353292
0 0 0 0 392362000
0 0 0 0 392368316
0 0 0 0 392377024
0 0 0 0 392385756
0 0 0 0 392393272
0 0 0 0 392401980
0 0 0 0 392410692
0 0 0 0 392418192
0 0 0 0 392426920
0 0 0 0 392435624
0 0 0 0 392443164
0 0 0 0 392451872
0 0 0 0 392460588
0 0 0 0 392468104
0 0 0 0 392476812
0 0 0 0 392485512
0 0 0 0 392494232
0 0 0 0 392502928
0 0 0 0 392511636
0 0 0 0 392519164
0 0 0 0 392527888
0 0 0 0 392536596
0 0 0 0 392544128
0 0 0 0 392552852
0 0 0 0 392561556
0 0 0 0 392569080
0 0 0 0 392577780
0 0 0 0 392586488
0 0 0 0 392594016
0 0 0 0 392602740
0 0 0 0 392611452
0 0 0 0 392618960
0 0 0 0 392627676
0 0 0 0 392636380
0 0 0 0 392645080
0 0 0 0 392653788
0 0 0 0 392662500
0 0 0 0 392670012
0 0 0 0 392678732
0 0 0 0 392687428
0 0 0 0 392694948
0 0 0 0 392703672
0 0 0 0 392712384
0 0 0 0 392719900
0 0 0 0 392728624
0 0 0 0 392737332
0 0 0 0 392746040
0 0 0 0 392754756
0 0 0 0 392763476
0 0 0 0 392770992
0 0 0 0 392779708
0 0 0 0 392788428
0 0 0 0 392795952
0 0 0 0 392804680
0 0 0 0 392813376
0 0 0 0 392820912
0 0 0 0 392829628
0 0 0 0 392835968
0 0 0 0 392844688
0 0 0 0 392852196
0 0 0 0 392860928
0 0 0 0 392869632
0 0 0 0 392877152
0 0 0 0 392885872
0 0 0 0 392894584
0 0 0 0 392900916
0 0 0 0 392909636
0 0 0 0 392918352
0 0 0 0 392925876
0 0 0 0 392934600
0 0 0 0 392943300
0 0 0 0 392950844
0 0 0 0 392959564
0 0 0 0 392968264
0 0 0 0 392975788
0 0 0 0 392984512
0 0 0 0 392993220
0 0 0 0 393000740
0 0 0 0 393009464
0 0 0 0 393018152
0 0 0 0 393025688
0 0 0 0 393034388
0 0 0 0 393043104
0 0 0 0 393050620
0 0 0 0 393059344
0 0 0 0 393068056
0 0 0 0 393075560
0 0 0 0 393084284
0 0 0 0 393092996
0 0 0 0 393100516
0 0 0 0 393109228
0 0 0 0 393116752
0 0 0 0 393125460
0 0 0 0 393134176
0 0 0 0 393141700
0 0 0 0 393150412
0 0 0 0 393159120
0 0 0 0 393166632
0 0 0 0 393175348
0 0 0 0 393184056
0 0 0 0 393191584
0 0 0 0 393200288
0 0 0 0 393209016
0 0 0 0 393216536
0 0 0 0 393225236
0 0 0 0 393233944
0 0 0 0 393242656
0 0 0 0 393250176
0 0 0 0 393258884
0 0 0 0 393267608
0 0 0 0 393275124
0 0 0 0 393283836
0 0 0 0 393292544
0 0 0 0 393300064
0 0 0 0 393307592
0 0 0 0 393316296
0 0 0 0 393325012
0 0 0 0 393332532
0 0 0 0 393341244
0 0 0 0 393349948
0 0 0 0 393357468
0 0 0 0 393366176
0 0 0 0 393374896
0 0 0 0 393382412
0 0 0 0 393391128
0 0 0 0 393399848
0 0 0 0 393407372
0 0 0 0 393416100
0 0 0 0 393422428
0 0 0 0 393431152
0 0 0 0 393437472
0 0 0 0 393446176
0 0 0 0 393453712
0 0 0 0 393462424
0 0 0 0 393471148
0 0 0 0 393479844
0 0 0 0 393487372
0 0 0 0 393496084
0 0 0 0 393504792
0 0 0 0 393512312
0 0 0 0 393521028
0 0 0 0 393529752
0 0 0 0 393537272
0 0 0 0 393545996
0 0 0 0 393554716
0 0 0 0 393562236
0 0 0 0 393570940
0 0 0 0 393579656
0 0 0 0 393588364
0 0 0 0 393597072
0 0 0 0 393605772
0 0 0 0 393613284
0 0 0 0 393622004
0 0 0 0 393630724
0 0 0 0 393638236
0 0 0 0 393646944
0 0 0 0 393655652
0 0 0 0 393663164
0 0 0 0 393671892
0 0 0 0 393680600
0 0 0 0 393689316
0 0 0 0 393698024
0 0 0 0 393706736
0 0 0 0 393714252
0 0 0 0 393722960
0 0 0 0 393731668
0 0 0 0 393739184
0 0 0 0 393747904
0 0 0 0 393756612
0 0 0 0 393764132
0 0 0 0 393772844
0 0 0 0 393781576
0 0 0 0 393789088
0 0 0 0 393797816
0 0 0 0 393806524
0 0 0 0 393814064
0 0 0 0 393821580
0 0 0 0 393829088
0 0 0 0 393836616
0 0 0 0 393844136
0 0 0 0 393851664
0 0 0 0 393860388
0 0 0 0 393869088
0 0 0 0 393877796
0 0 0 0 393886500
0 0 0 0 393894032
0 0 0 0 393902744
0 0 0 0 393911480
0 0 0 0 393918996
0 0 0 0 393927692
0 0 0 0 393936392
0 0 0 0 393945108
0 0 0 0 393953808
0 0 0 0 393961336
0 0 0 0 393970044
0 0 0 0 393978760
0 0 0 0 393986284
0 0 0 0 393994992
0 0 0 0 394003712
0 0 0 0 394010048
0 0 0 0 394018760
0 0 0 0 394027468
0 0 0 0 394034984
0 0 0 0 394043700
0 0 0 0 394052404
0 0 0 0 394059940
0 0 0 0 394068644
0 0 0 0 394077368
0 0 0 0 394084884
0 0 0 0 394093600
0 0 0 0 394102300
0 0 0 0 394109824
0 0 0 0 394118540
0 0 0 0 394127240
0 0 0 0 394134764
0 0 0 0 394143468
0 0 0 0 394152180
0 0 0 0 394159704
0 0 0 0 394168432
0 0 0 0 394177148
0 0 0 0 394184660
0 0 0 0 394193380
0 0 0 0 394200900
0 0 0 0 394209612
0 0 0 0 394218312
0 0 0 0 394225840
0 0 0 0 394234552
0 0 0 0 394243264
0 0 0 0 394250776
0 0 0 0 394259492
0 0 0 0 394268208
0 0 0 0 394275724
0 0 0 0 394284452
0 0 0 0 394293160
0 0 0 0 394300692
0 0 0 0 394309412
0 0 0 0 394318128
0 0 0 0 394325648
0 0 0 0 394334364
0 0 0 0 394343072
0 0 0 0 394351792
0 0 0 0 394359304
0 0 0 0 394368012
0 0 0 0 394376708
0 0 0 0 394384224
0 0 0 0 394391756
0 0 0 0 394400456
0 0 0 0 394409184
0 0 0 0 394416704
0 0 0 0 394425428
0 0 0 0 394434140
0 0 0 0 394441676
0 0 0 0 394450400
0 0 0 0 394457916
0 0 0 0 394466632
0 0 0 0 394475348
0 0 0 0 394481688
0 0 0 0 394490392
0 0 0 0 394497896
0 0 0 0 394506608
0 0 0 0 394515328
0 0 0 0 394521656
0 0 0 0 394530372
0 0 0 0 394539080
0 0 0 0 394546600
0 0 0 0 394555316
0 0 0 0 394564028
0 0 0 0 394571556
0 0 0 0 394580276
0 0 0 0 394588988
0 0 0 0 394596516
0 0 0 0 394605228
0 0 0 0 394613948
0 0 0 0 394621464
0 0 0 0 394630172
0 0 0 0 394638880
0 0 0 0 394646408
0 0 0 0 394655136
0 0 0 0 394663836
0 0 0 0 394671368
0 0 0 0 394680072
0 0 0 0 394688780
0 0 0 0 394696300
0 0 0 0 394705016
0 0 0 0 394713724
0 0 0 0 394721236
0 0 0 0 394729952
0 0 0 0 394737468
0 0 0 0 394746180
0 0 0 0 394754880
0 0 0 0 394762400
0 0 0 0 394771116
0 0 0 0 394779844
0 0 0 0 394787360
0 0 0 0 394796080
0 0 0 0 394804796
0 0 0 0 394812316
0 0 0 0 394821032
0 0 0 0 394829732
0 0 0 0 394837256
0 0 0 0 394845964
0 0 0 0 394854692
0 0 0 0 394863392
0 0 0 0 394870928
0 0 0 0 394879632
0 0 0 0 394888348
0 0 0 0 394895872
0 0 0 0 394904592
0 0 0 0 394913288
0 0 0 0 394920812
0 0 0 0 394928328
0 0 0 0 394937028
0 0 0 0 394945756
0 0 0 0 394953268
0 0 0 0 394961976
0 0 0 0 394970688
0 0 0 0 394978220
0 0 0 0 394986932
0 0 0 0 394995652
0 0 0 0 395003176
0 0 0 0 395011872
0 0 0 0 395020588
0 0 0 0 395028104
0 0 0 0 395036808
0 0 0 0 395045520
0 0 0 0 395054236
0 0 0 0 395062940
0 0 0 0 395070452
0 0 0 0 395079164
0 0 0 0 395087888
0 0 0 0 395095400
0 0 0 0 395104116
0 0 0 0 395112828
0 0 0 0 395119156
0 0 0 0 395127872
0 0 0 0 395136584
0 0 0 0 395144112
0 0 0 0 395152820
0 0 0 0 395161532
0 0 0 0 395169060
0 0 0 0 395177764
0 0 0 0 395186480
0 0 0 0 395194004
0 0 0 0 395202716
0 0 0 0 395211408
0 0 0 0 395218912
0 0 0 0 395227636
0 0 0 0 395236360
0 0 0 0 395243884
0 0 0 0 395252596
0 0 0 0 395261308
0 0 0 0 395268824
0 0 0 0 395277528
0 0 0 0 395285052
0 0 0 0 395293768
0 0 0 0 395302472
0 0 0 0 395309992
0 0 0 0 395318708
0 0 0 0 395327428
0 0 0 0 395334948
0 0 0 0 395343652
0 0 0 0 395352360
0 0 0 0 395359872
0 0 0 0 395368580
0 0 0 0 395377292
0 0 0 0 395384804
0 0 0 0 395393524
0 0 0 0 395402224
0 0 0 0 395410944
0 0 0 0 395418460
0 0 0 0 395427176
0 0 0 0 395435876
0 0 0 0 395443412
0 0 0 0 395450936
0 0 0 0 395458440
0 0 0 0 395467156
0 0 0 0 395475868
0 0 0 0 395483388
0 0 0 0 395490904
0 0 0 0 395499620
0 0 0 0 395508340
0 0 0 0 395515856
0 0 0 0 395524568
0 0 0 0 395532084
0 0 0 0 395540800
0 0 0 0 395549500
0 0 0 0 395555828
0 0 0 0 395564544
0 0 0 0 395572068
0 0 0 0 395580788
0 0 0 0 395589508
0 0 0 0 395597028
0 0 0 0 395605736
0 0 0 0 395614452
0 0 0 0 395620784
0 0 0 0 395629508
0 0 0 0 395638216
0 0 0 0 395645736
0 0 0 0 395654448
0 0 0 0 395663144
0 0 0 0 395670676
0 0 0 0 395679372
0 0 0 0 395688080
0 0 0 0 395695600
0 0 0 0 395704304
0 0 0 0 395713020
0 0 0 0 395720548
0 0 0 0 395729248
0 0 0 0 395737956
0 0 0 0 395746660
0 0 0 0 395755364
0 0 0 0 395764064
0 0 0 0 395771584
0 0 0 0 395780308
0 0 0 0 395789004
0 0 0 0 395796532
0 0 0 0 395805252
0 0 0 0 395813968
0 0 0 0 395821484
0 0 0 0 395830196
0 0 0 0 395838912
0 0 0 0 395846428
0 0 0 0 395855152
0 0 0 0 395863848
0 0 0 0 395871372
0 0 0 0 395880072
0 0 0 0 395887568
0 0 0 0 395896292
0 0 0 0 395904988
0 0 0 0 395912512
0 0 0 0 395921212
0 0 0 0 395929928
0 0 0 0 395937440
0 0 0 0 395946164
0 0 0 0 395954880
0 0 0 0 395962404
0 0 0 0 395971124
0 0 0 0 395979836
0 0 0 0 395987360
0 0 0 0 395994876
0 0 0 0 396002400
0 0 0 0 396009920
0 0 0 0 396017448
0 0 0 0 396024976
0 0 0 0 396033692
0 0 0 0 396042392
0 0 0 0 396051104
0 0 0 0 396059836
0 0 0 0 396067352
0 0 0 0 396076068
0 0 0 0 396084768
0 0 0 0 396092288
0 0 0 0 396101008
0 0 0 0 396109720
0 0 0 0 396117260
0 0 0 0 396125980
0 0 0 0 396132316
0 0 0 0 396141052
0 0 0 0 396147380
0 0 0 0 396156112
0 0 0 0 396164820
0 0 0 0 396172344
0 0 0 0 396181064
0 0 0 0 396189776
0 0 0 0 396197312
0 0 0 0 396206028
0 0 0 0 396214732
0 0 0 0 396222260
0 0 0 0 396230988
0 0 0 0 396239676
0 0 0 0 396247200
0 0 0 0 396255920
0 0 0 0 396264644
0 0 0 0 396272152
0 0 0 0 396280876
0 0 0 0 396289588
0 0 0 0 396297100
0 0 0 0 396305832
0 0 0 0 396314544
0 0 0 0 396322080
0 0 0 0 396330788
0 0 0 0 396339504
0 0 0 0 396347012
0 0 0 0 396355736
0 0 0 0 396364444
0 0 0 0 396371984
0 0 0 0 396380680
0 0 0 0 396388200
0 0 0 0 396396916
0 0 0 0 396405632
0 0 0 0 396413168
0 0 0 0 396421880
0 0 0 0 396430588
0 0 0 0 396438112
0 0 0 0 396446836
0 0 0 0 396455548
0 0 0 0 396463068
0 0 0 0 396471788
0 0 0 0 396480496
0 0 0 0 396488020
0 0 0 0 396496736
0 0 0 0 396505448
0 0 0 0 396512964
0 0 0 0 396521696
0 0 0 0 396530392
0 0 0 0 396537924
0 0 0 0 396545444
0 0 0 0 396552960
0 0 0 0 396560496
0 0 0 0 396568024
0 0 0 0 396576736
0 0 0 0 396585464
0 0 0 0 396592984
0 0 0 0 396601696
0 0 0 0 396610396
0 0 0 0 396617912
0 0 0 0 396626620
0 0 0 0 396635352
0 0 0 0 396642876
0 0 0 0 396651592
0 0 0 0 396660304
0 0 0 0 396667824
0 0 0 0 396676540
0 0 0 0 396682888
0 0 0 0 396691600
0 0 0 0 396697932
0 0 0 0 396706636
0 0 0 0 396714168
0 0 0 0 396722880
0 0 0 0 396731592
0 0 0 0 396740292
0 0 0 0 396747832
0 0 0 0 396756544
0 0 0 0 396765260
0 0 0 0 396772792
0 0 0 0 396781520
0 0 0 0 396790220
0 0 0 0 396797740
0 0 0 0 396806464
0 0 0 0 396815160
0 0 0 0 396822692
0 0 0 0 396831400
0 0 0 0 396840124
0 0 0 0 396847640
0 0 0 0 396856340
0 0 0 0 396865048
0 0 0 0 396873760
0 0 0 0 396882468
0 0 0 0 396891184
0 0 0 0 396898712
0 0 0 0 396907412
0 0 0 0 396916136
0 0 0 0 396923652
0 0 0 0 396932376
0 0 0 0 396941088
0 0 0 0 396948612
0 0 0 0 396957316
0 0 0 0 396966008
0 0 0 0 396974728
0 0 0 0 396983444
0 0 0 0 396992156
0 0 0 0 396999688
0 0 0 0 397008400
0 0 0 0 397017108
0 0 0 0 397024612
0 0 0 0 397033328
0 0 0 0 397042040
0 0 0 0 397049568
0 0 0 0 397057100
0 0 0 0 397064628
0 0 0 0 397072160
0 0 0 0 397080876
0 0 0 0 397089576
0 0 0 0 397097100
0 0 0 0 397104612
0 0 0 0 397113324
0 0 0 0 397122028
0 0 0 0 397129532
0 0 0 0 397137052
0 0 0 0 397144580
0 0 0 0 397153296
0 0 0 0 397161996
0 0 0 0 397169520
0 0 0 0 397178236
0 0 0 0 397184560
0 0 0 0 397193272
0 0 0 0 397200792
0 0 0 0 397209504
0 0 0 0 397218228
0 0 0 0 397225744
0 0 0 0 397234464
0 0 0 0 397243168
0 0 0 0 397249504
0 0 0 0 397258224
0 0 0 0 397266928
0 0 0 0 397274464
0 0 0 0 397283168
0 0 0 0 397291880
0 0 0 0 397299404
0 0 0 0 397308128
0 0 0 0 397316832
0 0 0 0 397324368
0 0 0 0 397333084
0 0 0 0 397341808
0 0 0 0 397349328
0 0 0 0 397358028
0 0 0 0 397366748
0 0 0 0 397374260
0 0 0 0 397382976
0 0 0 0 397391680
0 0 0 0 397399208
0 0 0 0 397407916
0 0 0 0 397416628
0 0 0 0 397424132
0 0 0 0 397432844
0 0 0 0 397440352
0 0 0 0 397449052
0 0 0 0 397457764
0 0 0 0 397465292
0 0 0 0 397474016
0 0 0 0 397482720
0 0 0 0 397490248
0 0 0 0 397498968
0 0 0 0 397507676
0 0 0 0 397515204
0 0 0 0 397523908
0 0 0 0 397532628
0 0 0 0 397540136
0 0 0 0 397548856
0 0 0 0 397557560
0 0 0 0 397566288
0 0 0 0 397573808
0 0 0 0 397582528
0 0 0 0 397591240
0 0 0 0 397598776
0 0 0 0 397607492
0 0 0 0 397616216
0 0 0 0 397623736
0 0 0 0 397632452
0 0 0 0 397641172
0 0 0 0 397648676
0 0 0 0 397656204
0 0 0 0 397664916
0 0 0 0 397673636
0 0 0 0 397681148
0 0 0 0 397689880
0 0 0 0 397698588
0 0 0 0 397706092
0 0 0 0 397714808
0 0 0 0 397723520
0 0 0 0 397731052
0 0 0 0 397739760
0 0 0 0 397748460
0 0 0 0 397755984
0 0 0 0 397764696
0 0 0 0 397773420
0 0 0 0 397780948
0 0 0 0 397789664
0 0 0 0 397795996
0 0 0 0 397804724
0 0 0 0 397811064
0 0 0 0 397819776
0 0 0 0 397828504
0 0 0 0 397836036
0 0 0 0 397844764
0 0 0 0 397853468
0 0 0 0 397860984
0 0 0 0 397869692
0 0 0 0 397878400
0 0 0 0 397885920
0 0 0 0 397894628
0 0 0 0 397903348
0 0 0 0 397910884
0 0 0 0 397919600
0 0 0 0 397928300
0 0 0 0 397935840
0 0 0 0 397944548
0 0 0 0 397953268
0 0 0 0 397960800
0 0 0 0 397969512
0 0 0 0 397978220
0 0 0 0 397985732
0 0 0 0 397994448
0 0 0 0 398003156
0 0 0 0 398010676
0 0 0 0 398019372
0 0 0 0 398026892
0 0 0 0 398035604
0 0 0 0 398044316
0 0 0 0 398051840
0 0 0 0 398060556
0 0 0 0 398069276
0 0 0 0 398076800
0 0 0 0 398085520
0 0 0 0 398094220
0 0 0 0 398101756
0 0 0 0 398110464
0 0 0 0 398119176
0 0 0 0 398126708
0 0 0 0 398135432
0 0 0 0 398144144
0 0 0 0 398151652
0 0 0 0 398160376
0 0 0 0 398169104
0 0 0 0 398177820
0 0 0 0 398186544
0 0 0 0 398195256
0 0 0 0 398202776
0 0 0 0 398211496
0 0 0 0 398220212
0 0 0 0 398227740
0 0 0 0 398236448
0 0 0 0 398245168
0 0 0 0 398252680
0 0 0 0 398261384
0 0 0 0 398270088
0 0 0 0 398277604
0 0 0 0 398286340
0 0 0 0 398292672
0 0 0 0 398301384
0 0 0 0 398308900
0 0 0 0 398317612
0 0 0 0 398326324
0 0 0 0 398332652
0 0 0 0 398341368
0 0 0 0 398348900
0 0 0 0 398357620
0 0 0 0 398366340
0 0 0 0 398375048
0 0 0 0 398382572
0 0 0 0 398391268
0 0 0 0 398399988
0 0 0 0 398407504
0 0 0 0 398416220
0 0 0 0 398424932
0 0 0 0 398432452
0 0 0 0 398441152
0 0 0 0 398449880
0 0 0 0 398458596
0 0 0 0 398467316
0 0 0 0 398476016
0 0 0 0 398483536
0 0 0 0 398492256
0 0 0 0 398500976
0 0 0 0 398508508
0 0 0 0 398517208
0 0 0 0 398525916
0 0 0 0 398533428
0 0 0 0 398542144
0 0 0 0 398550844
0 0 0 0 398558376
0 0 0 0 398567080
0 0 0 0 398575796
0 0 0 0 398584516
0 0 0 0 398593244
0 0 0 0 398601952
0 0 0 0 398609476
0 0 0 0 398618196
0 0 0 0 398626908
0 0 0 0 398634436
0 0 0 0 398641952
0 0 0 0 398650664
0 0 0 0 398659364
0 0 0 0 398666892
0 0 0 0 398674416
0 0 0 0 398681924
0 0 0 0 398690632
0 0 0 0 398699340
0 0 0 0 398706872
0 0 0 0 398714388
0 0 0 0 398721912
0 0 0 0 398730632
0 0 0 0 398739340
0 0 0 0 398748060
0 0 0 0 398756776
0 0 0 0 398764312
0 0 0 0 398773024
0 0 0 0 398781756
0 0 0 0 398789288
0 0 0 0 398798024
0 0 0 0 398805540
0 0 0 0 398814260
0 0 0 0 398822976
0 0 0 0 398829296
0 0 0 0 398838016
0 0 0 0 398845532
0 0 0 0 398854256
0 0 0 0 398862960
0 0 0 0 398870472
0 0 0 0 398879196
0 0 0 0 398887892
0 0 0 0 398894228
0 0 0 0 398902932
0 0 0 0 398911652
0 0 0 0 398919172
0 0 0 0 398927880
0 0 0 0 398936584
0 0 0 0 398944104
0 0 0 0 398952820
0 0 0 0 398961540
0 0 0 0 398969076
0 0 0 0 398977788
0 0 0 0 398986492
0 0 0 0 398994028
0 0 0 0 399002736
0 0 0 0 399011444
0 0 0 0 399018960
0 0 0 0 399027684
0 0 0 0 399036388
0 0 0 0 399043920
0 0 0 0 399052616
0 0 0 0 399061328
0 0 0 0 399068856
0 0 0 0 399077572
0 0 0 0 399085088
0 0 0 0 399093820
0 0 0 0 399102528
