Anchor0, 0x6939, X: 0, Y: 0, Z: 0 
Anchor1, 0x6e7a, X: 0, Y: 5650, Z: 0 
Anchor2, 0x6e44, X: 4016, Y: 4605, Z: 0 
Anchor3, 0x6e6c, X: 1851, Y: 3230, Z: 896 


#### UWB SETTINGS ####
Ranging protocol: PRECISION
Channel: 5
Bitrate: 110 kb/s
PRF: 64 MHz
Preamble length: 1024 symbols
Gain: 11.5
######################


Misure in [mm] e [ms]

X1	Y1		Z1	time1	X2	Y2		Z2	time2	d
590	4857	69	903750	440	3776	14	903750	1093
600	4828	74	903921	426	3764	-55	903921	1086
614	4822	81	904093	407	3775	77	904093	1067
647	4863	114	904434	456	3744	-85	904434	1152
626	4828	37	904603	456	3768	-114	904603	1084
596	4829	66	904779	485	3759	-100	904779	1088
636	4855	40	904951	475	3781	-131	904951	1099
510	4892	80	905642	401	3776	57	905642	1122
457	4888	67	905811	437	3790	-55	905811	1105
469	4894	33	906003	480	3819	-101	906003	1083
551	4883	24	906173	493	3849	-166	906173	1053
733	5074	255	906341	438	3930	-137	906341	1245
894	4888	49	906509	446	3969	-200	906509	1052
994	4906	32	906849	489	4020	6	906849	1020
1161	4883	61	907189	636	4044	31	907189	990
1281	4820	80	907529	784	3924	135	907529	1026
1738	4498	117	908043	967	3909	-75	908043	989
1876	4348	110	908215	937	3952	-155	908215	1053
2149	4097	166	908727	1032	3943	-145	908727	1170
2127	4020	144	908896	1026	3935	-56	908896	1122
2166	3931	160	909069	1205	3964	-70	909069	989
2206	3839	132	909241	1212	3992	-82	909241	1028
2307	3734	175	909585	1258	4081	53	909585	1112
2280	3711	162	909925	1272	3960	19	909925	1048
2276	3717	156	910098	1259	3967	112	910098	1048
2337	3609	200	910268	1407	4035	91	910268	1029
2055	3374	116	910603	1477	4052	136	910603	891
2282	3288	288	910770	1525	4011	103	910770	1063
2269	3256	234	911281	1754	4131	180	911281	1017
2285	3264	215	911455	1838	4164	183	911455	1005
2303	3273	214	911622	1947	4165	116	911622	965
2345	3267	232	911798	1996	4172	137	911798	975
2624	3286	282	912487	2119	4049	67	912487	940
2697	3246	263	912660	2171	4094	58	912660	1019
2738	3297	263	912829	2170	4070	56	912829	981
2732	3308	201	912999	2154	4039	26	912999	948
2787	3284	259	913172	2169	4030	78	913172	985
2804	3339	314	913517	2093	4003	9	913517	1020
2817	3331	268	913687	2065	4028	101	913687	1039
2791	3307	330	914039	2083	3953	45	914039	1000
2835	3295	309	914215	2038	4002	89	914215	1088
2797	3303	345	914382	1996	3964	39	914382	1083
2766	3355	313	914556	1986	3942	6	914556	1023
2659	3396	238	914728	1943	3973	3	914728	949
2707	3427	299	915063	1852	4035	106	915063	1067
2664	3487	324	915236	1787	3990	55	915236	1046
2478	3373	162	915408	1719	3984	51	915408	981
2477	3353	253	915580	1652	3938	62	915580	1029
2238	3516	151	915751	1557	3917	27	915751	800
2402	3372	305	915920	1461	3994	89	915920	1148
2255	3413	230	916091	1384	3993	64	916091	1060
2415	3632	231	916264	1273	4072	-133	916264	1277
2242	3641	191	916431	1186	4149	-143	916432	1219
2058	3672	201	916774	963	4242	-251	916774	1315
1920	3709	253	916943	888	4286	-456	916943	1379
1819	3701	249	917114	755	4352	-351	917114	1384
1679	3719	256	917285	706	4362	101	917285	1177
1532	3712	201	917458	636	4396	357	917458	1138
1400	3713	146	917628	558	4427	37	917628	1109
1359	3802	252	917797	485	4489	121	917797	1119
1322	3874	230	917970	419	4546	30	917970	1143
1303	3982	144	918307	392	4602	71	918307	1104
1236	4043	229	918477	220	4643	90	918477	1188
1218	4060	212	918646	155	4679	273	918646	1232
1173	4066	184	918819	57	4668	185	918819	1268
1058	4251	-30	919167	40	4470	-387	919168	1101
1042	4311	-9	919339	-26	4389	-288	919339	1107
1027	4406	-18	919511	-112	4332	-257	919511	1166
986	4518	14	919680	-90	4299	-360	919680	1160
887	4701	-1	920032	-129	4296	-458	920032	1185
833	4855	49	920205	-109	4319	-655	920205	1292
754	4936	100	920374	-40	4232	91	920374	1061
786	5087	24	920713	138	4314	-319	920713	1065
899	5163	-55	921052	297	4465	-207	921052	934
922	5139	-34	921221	256	4511	-47	921221	915
973	5200	-21	921395	211	4535	-61	921395	1012
993	5277	29	921563	307	4660	-107	921563	933
1052	5408	-115	922070	299	4778	-122	922070	982
1101	5418	-136	922241	312	4843	-118	922241	976
1101	5418	-136	922404	358	4884	-22	922404	922
1363	5551	-236	922574	431	4955	-118	922574	1113
1391	5614	-144	922746	511	4984	-112	922746	1083
1296	5685	-137	922917	580	4988	-118	922917	999
1337	5756	-168	923083	599	5008	-285	923083	1057
1322	5813	-95	923250	587	5061	-261	923250	1065
1313	5930	95	923421	596	5175	-199	923421	1082
1451	5955	35	923760	605	5325	12	923760	1055
1568	5888	-159	923928	624	5375	90	923928	1103
1609	5851	-94	924099	650	5395	6	924099	1067
1681	5804	-160	924267	682	5439	100	924267	1095
1681	5809	-126	924434	692	5452	38	924434	1064
1682	5832	-146	924606	740	5531	-152	924606	989
1773	5797	-241	924777	794	5507	-280	924777	1022
1753	5731	-384	924948	845	5555	-142	924948	956
1891	5731	-109	925277	874	5518	-215	925277	1044
1923	5672	-21	925443	813	5553	-117	925443	1120
2009	5548	32	925613	900	5582	-198	925613	1133
2014	5368	-211	925784	934	5575	-162	925784	1101
2072	5393	-96	925956	1014	5576	19	925956	1080
2133	5396	-83	926125	1116	5586	-105	926125	1035
2150	5347	-146	926292	1165	5676	95	926292	1066
2226	5311	-107	926468	1226	5607	-205	926468	1047
2382	5174	-104	926979	1413	5626	-7	926979	1074
2417	5131	-38	927148	1468	5566	-103	927148	1046
2485	4993	-111	927318	1515	5537	-63	927318	1113
2529	5007	-14	927492	1592	5526	-69	927492	1073
2581	4928	-46	927663	1598	5440	-114	927663	1110
2630	4909	6	927834	1697	5445	-18	927834	1076
2689	4873	57	928006	1737	5405	-67	928006	1098
2760	4768	-77	928178	1842	5433	-11	928178	1135
2796	4723	-39	928348	1866	5306	-192	928348	1108
2826	4663	129	928521	1925	5299	-65	928521	1120
2844	4596	85	928688	1963	5262	134	928688	1105
2816	4492	176	928861	1860	5207	240	928861	1196
2787	4364	72	929035	2032	5094	-61	929035	1059
2648	4228	118	929376	2077	5144	134	929376	1080
2660	4208	47	929547	2157	5130	111	929547	1052
2692	4139	100	929719	2178	5093	85	929719	1084
2682	4097	118	929891	2213	5067	13	929891	1083
2649	4006	78	930224	2294	4936	28	930224	997
2592	3961	81	930395	2257	4885	81	930395	983
2508	3884	109	930566	2285	4836	39	930566	980
2445	3810	99	930738	2312	4785	-16	930738	991
2442	3775	174	930907	2330	4741	30	930907	983
2387	3769	94	931075	2379	4719	55	931075	951
2432	3671	47	931245	2385	4649	24	931245	979
2474	3640	69	931418	2437	4741	278	931418	1121
2534	3640	174	931591	2425	4599	55	931591	972
2625	3858	464	931761	2463	4604	28	931761	879
2542	3546	118	931931	2474	4562	51	931931	1020
2489	3499	125	932270	2387	4478	37	932270	988
2475	3460	179	932439	2345	4424	54	932439	981
2457	3415	163	932784	2264	4345	92	932784	952
2447	3371	194	933118	2258	4317	92	933118	970
2481	3336	206	933290	2189	4292	56	933290	1011
2611	3429	228	933630	2152	4233	97	933630	935
2708	3406	201	933803	2133	4216	112	933803	997
2736	3456	183	933973	2116	4150	102	933973	934
2813	3491	203	934143	2046	4114	68	934143	997
2822	3429	112	934480	2021	4003	116	934481	985
2855	3598	157	934650	2049	3987	193	934650	896
2913	3658	185	934818	2014	3972	200	934818	952
3005	3707	185	934984	2017	3926	134	934984	1013
3033	3805	93	935155	2000	3950	159	935155	1045
3061	3971	115	935327	2019	3919	135	935327	1043
3093	4060	116	935498	2046	3888	88	935498	1061
3071	4137	77	935665	2092	3841	94	935665	1023
3118	4228	46	935836	2122	3853	148	935836	1069
3167	4337	56	936008	2178	3821	101	936008	1116
3198	4434	47	936358	2332	3880	118	936358	1030
3222	4539	119	936699	2363	3943	71	936699	1047
3185	4613	76	937046	2211	4152	204	937046	1085
3171	4584	176	937219	2146	4246	112	937219	1081
3240	4648	-248	937397	2070	4319	86	937397	1260
3725	4005	-115	937566	2078	4436	116	937566	1718
3182	4574	-94	937735	2114	4471	-4	937735	1077
3170	4472	221	937907	2064	4540	-46	937907	1140
3161	4427	131	938081	2058	4538	-176	938081	1150
3167	4405	15	938249	2098	4672	-124	938249	1111
3168	4361	-19	938421	2120	4762	30	938421	1123
3127	4373	-42	938590	2118	4829	-45	938590	1107
3097	4419	-133	938760	2103	4855	-73	938760	1087
3087	4421	-164	938932	2103	4891	-52	938932	1096
3120	4416	-98	939103	2098	4930	15	939103	1150
3071	4427	-146	939275	2104	4961	85	939275	1129
3123	4351	-65	939446	2108	4934	34	939446	1175
3063	4448	-161	939617	2120	4917	25	939617	1069
3127	4402	-153	939786	2149	4899	50	939786	1116
3144	4370	-92	939956	2164	4862	-17	939956	1099
3151	4420	-38	940124	2121	4875	34	940124	1128
3213	4411	173	940292	2113	4818	-7	940292	1187
3333	4468	41	940462	2126	4723	-58	940462	1238
3296	4590	-160	940632	2179	4710	165	940632	1169
3279	4698	-170	940800	2237	4656	335	940800	1159
3927	4109	351	940973	2233	4510	215	940973	1746
3240	4798	-37	941312	2370	4271	134	941312	1031
3254	4808	-91	941479	2411	4274	125	941479	1021
3244	4873	34	941648	2402	4269	137	941648	1041
3258	4767	-75	941819	2301	4310	65	941819	1070
3346	4869	-446	941989	2234	4419	185	941989	1355
3931	4055	105	942159	2189	4565	122	942159	1815
3844	4109	270	942336	2137	4715	275	942336	1811
3292	4584	-105	942507	2144	4695	-48	942507	1155
3174	4406	36	942845	2133	4745	-214	942845	1123
3014	4458	-97	943015	2117	4833	-118	943015	972
3039	4392	-261	943354	2090	5112	253	943354	1297
3015	4438	-503	943529	2072	5178	175	943529	1377
2907	4411	92	943701	2053	5215	85	943701	1173
2902	4542	17	944051	1974	5346	198	944051	1241
2825	4581	-17	944236	1849	5290	20	944236	1207
2720	4847	84	944570	1702	5368	132	944570	1145
2682	5004	294	944738	1175	5461	1045	944738	1745
2690	5250	388	944908	1469	5507	67	944908	1288
2498	5020	-84	945079	1470	5547	19	945079	1160
2458	5248	-17	945248	1347	5469	-196	945248	1147
2432	5299	-240	945420	1304	5482	-107	945420	1150
2440	5414	-113	945587	1151	5507	-53	945587	1294
2273	5480	-94	945755	1200	5584	-69	945755	1078
2186	5500	-18	945923	1033	5486	-74	945924	1154
2104	5470	-138	946095	1058	5427	-151	946095	1047
2038	5437	-298	946266	975	5439	154	946267	1155
1955	5494	-260	946437	871	5429	-4	946437	1116
1860	5575	-131	946604	362	5396	633	946604	1691
1676	5701	62	946944	635	5251	186	946944	1141
1419	5653	142	947288	534	5078	-18	947288	1067
1418	5551	-163	947456	482	4995	21	947456	1104
1569	5348	-725	947629	403	4909	96	947629	1492
1315	5441	-52	947802	306	4847	118	947802	1183
1181	5353	-182	947973	200	4793	121	947973	1170
978	5299	-128	948144	140	4696	-46	948144	1036
753	5266	-39	948482	16	4483	-241	948482	1094
605	5072	26	948829	-128	4315	-57	948829	1057
568	4868	43	949175	-332	3914	56	949175	1312
515	4754	59	949347	-468	3874	143	949347	1322
432	4728	-63	949515	-379	3973	-285	949515	1130
400	4692	-11	949686	-538	3887	48	949686	1237
164	4606	37	950034	-593	3625	-105	950034	1247
197	4564	-22	950207	-672	3422	-92	950207	1437
163	4418	-33	950377	-635	3442	-128	950377	1264
148	4314	111	950547	-678	3324	-120	950547	1310
84	4224	27	950716	-714	3295	-107	950716	1232
47	4075	-3	950887	-825	3297	66	950887	1171
11	4038	-152	951057	-883	3233	17	951057	1215
-65	4002	-185	951230	-921	3152	-28	951230	1217
-178	3953	-207	951402	-987	3046	125	951402	1260
-305	3757	-304	951746	-1045	2900	-158	951746	1142
-319	3563	-359	951918	-1101	2753	-147	951918	1146
-379	3495	-122	952088	-1123	2692	-178	952088	1096
-434	3407	-144	952258	-1167	2669	-140	952258	1040
-247	3148	-885	952603	-1288	2453	-165	952603	1444
-419	3156	-737	952775	-1386	2391	-13	952775	1430
-653	3345	-306	952947	-1384	2354	-43	952947	1259
-787	3133	-255	953117	-1369	2217	-144	953117	1091
-808	3160	-226	953287	-1417	2102	-42	953287	1235
-890	3081	-125	953460	-1409	2084	-156	953460	1124
-938	2882	15	953635	-1356	1961	-222	953635	1039
-916	2927	-321	953806	-1402	1834	-104	953806	1216
-1001	2841	-90	953979	-1497	1739	121	953979	1227
-1111	2788	19	954150	-1463	1716	-133	954150	1139
-1174	2700	28	954323	-1468	1647	-265	954323	1132
-1200	2683	-403	954491	-1481	1583	-209	954491	1152
-1254	2564	-424	954662	-1530	1476	139	954662	1256
-1296	2540	-314	954833	-1476	1420	-224	954833	1138
-1249	2428	-188	955002	-1396	1335	-278	955002	1107
-1220	2301	-210	955176	-1304	1232	-417	955176	1092
-1192	2318	-102	955348	-1335	1133	-265	955348	1205
-1209	2218	-267	955516	-1332	1077	-269	955516	1148
-1215	2106	-224	955687	-1196	1000	-560	955687	1156
-1325	1935	-96	955858	-1229	922	-404	955858	1063
-1098	1502	1446	956027	-1266	821	25	956028	1585
-1154	1419	1444	956199	-1194	816	-147	956199	1702
-1501	1824	-107	956372	-932	751	-575	956373	1302
-1448	1763	-268	956541	-870	687	-610	956541	1268
-1431	1725	-176	956704	-781	694	-550	956704	1275
-1340	1639	209	957051	-529	616	-629	957051	1551
-1281	1580	-170	957218	-437	644	-494	957218	1301
-1202	1484	50	957569	-595	625	13	957569	1052
-1218	1353	38	957740	-393	556	-620	957740	1322
-1156	1270	305	957910	-393	505	-620	957910	1422
-1146	1112	373	958081	-189	514	-558	958081	1463
-1120	1088	216	958251	13	525	-389	958251	1402
-976	988	200	958420	-38	554	-381	958420	1186
-771	1115	-974	958598	-11	620	-196	958599	1195
-683	1005	-968	958770	83	550	-225	958771	1160
-681	1120	-637	958941	147	528	-242	958941	1092
-487	941	-698	959284	315	438	-99	959284	1120
-532	852	-851	959459	511	369	-194	959459	1324
-327	786	-751	959632	573	405	-176	959632	1134
-424	787	25	959811	547	531	-395	959812	1088
-171	641	422	959985	644	558	-372	959985	1141
-88	599	-445	960160	881	553	-323	960160	978
137	837	-1409	960332	941	607	-338	960332	1359
-4	563	-297	960507	1056	649	-355	960507	1065
122	523	-167	960679	950	744	-454	960679	904
202	433	-160	960854	1258	675	-241	960854	1086
350	577	-1275	961026	1260	765	-342	961026	1317
450	409	22	961372	1448	838	-145	961372	1099
585	350	60	961720	1421	1086	-147	961720	1133
649	420	12	961892	1431	1087	389	961893	1095
794	469	-59	962065	1518	1211	202	962065	1069
784	497	70	962237	1449	1312	282	962237	1073
756	564	138	962407	1545	1447	265	962407	1191
840	626	104	962578	1644	1587	249	962578	1261
666	691	708	962750	1714	1714	-44	962750	1646
652	721	960	962923	1590	2127	1886	962923	1927
727	830	832	963091	1612	1836	298	963091	1442
1088	914	19	963264	1508	1887	193	963264	1074
1174	995	94	963608	1507	2044	173	963608	1103
1109	1031	156	963777	1476	2127	215	963777	1157
1218	1083	197	963951	1463	2175	217	963951	1119
1253	1211	140	964118	1488	2245	312	964118	1074
1333	1256	229	964291	1530	2328	331	964291	1095
1425	1337	175	964469	1508	2393	297	964469	1066
1377	1382	205	964639	1522	2457	257	964639	1086
1378	1440	54	964814	1585	2499	215	964814	1091
1405	1494	152	964987	1617	2541	325	964987	1082
1405	1494	152	965156	1641	2596	288	965156	1135
1355	1618	149	965323	1768	2663	212	965323	1125
1334	1668	226	965491	1823	2749	179	965491	1187
1479	1741	185	965664	1899	2781	233	965664	1123
1430	1842	143	965838	1935	2819	249	965838	1105
1384	1863	302	966012	1956	2849	296	966012	1140
1612	1954	101	966184	2159	3331	1428	966184	1989
1122	2113	350	966520	2102	3050	278	966520	1358
1590	2288	119	966848	2254	3186	279	966848	1128
1536	2377	151	967019	2247	3164	177	967019	1061
1733	2331	242	967188	2326	3321	180	967188	1156
1744	2392	266	967363	2361	3278	165	967363	1084
1917	2448	228	967534	2501	3355	349	967534	1086
1844	2585	165	967703	2523	3536	274	967703	1174
1923	2635	203	967875	2581	3662	211	967875	1220
1923	2635	203	968034	2566	3766	279	968034	1303
2149	2768	250	968205	2623	3747	182	968205	1090
2538	2831	1020	968374	2627	3756	42	968374	1349
1799	2902	1516	968545	2685	3959	72	968545	1997
2235	3059	158	968718	2705	4017	65	968718	1071
2444	3162	265	968890	2778	4084	63	968890	1001
2628	3595	1145	969059	2775	4182	76	969059	1228
2428	3149	114	969228	2728	4302	-27	969228	1200
2630	3471	532	969399	2678	4411	-28	969399	1095
2509	3552	152	969912	2582	4648	6	969912	1108
2578	3776	233	970080	2536	4768	35	970080	1012
2678	3841	93	970423	2378	4928	8	970423	1131
2787	4082	137	970597	2355	4987	59	970597	1006
2798	4060	126	970767	2272	5030	-37	970767	1115
2720	4149	140	970936	2190	5172	45	970936	1156
2330	4412	76	971624	2201	5598	-44	971624	1199
2281	4493	109	971793	2278	5675	-98	971793	1200
2215	4642	118	972136	2223	5860	-19	972136	1226
2173	4721	123	972308	2172	5939	60	972308	1220
2109	4723	23	972477	2076	5958	151	972477	1242
2146	4764	60	972646	1905	5965	220	972646	1235
2154	4807	80	972818	1801	5897	7	972818	1148
2180	4857	40	972988	1027	5882	1347	972988	2022
2264	4926	-45	973155	1534	5935	234	973155	1276
2346	5083	-12	973325	1465	5891	121	973325	1203
2461	5178	-166	973496	1446	5772	27	973496	1192
2476	5409	-80	973669	1445	5663	-43	973669	1062
2435	5506	-359	973840	1605	5398	-767	973840	931
2399	5633	-122	974010	1466	5538	-142	974010	938
2337	5656	-180	974179	1308	5445	-127	974179	1052
2262	5583	-297	974346	1195	5398	-197	974346	1088
2111	5477	-158	974690	941	5524	-166	974690	1171
1971	5438	-83	975019	795	5702	136	975020	1225
1856	5553	238	975190	737	5555	-242	975190	1218
1784	5652	201	975365	754	5471	-12	975365	1067
1577	5719	245	975535	688	5385	57	975535	968
1363	5693	973	975706	735	5280	-49	975706	1269
1591	5585	-227	975876	764	5066	-19	975876	998
1561	5669	129	976044	768	4930	229	976044	1089
1534	5644	144	976213	839	4827	-69	976213	1094
1503	5599	-57	976383	788	4759	124	976384	1118
1319	5540	7	976553	800	4689	-39	976553	998
1178	5509	-167	976725	750	4553	-22	976725	1057
1025	5515	-1	976895	745	4508	40	976895	1046
957	5462	-78	977065	795	4429	-67	977065	1046
905	5454	136	977233	822	4359	-49	977233	1114
877	5200	77	977565	955	4168	-15	977565	1039
826	5163	8	977736	1018	4118	36	977736	1063
840	5159	3	977909	1104	4105	-145	977909	1097
759	5043	67	978098	1227	4067	32	978098	1083
613	4950	-105	978440	1460	4108	-36	978440	1196
555	4809	-92	978607	1502	4167	-111	978607	1144
537	4717	-242	978774	1568	4192	-120	978774	1163
589	4557	-99	979105	1655	4282	26	979105	1108
614	4561	-89	979277	1691	4284	46	979277	1120
649	4562	-64	979448	1680	4185	84	979448	1108
712	4596	-53	979617	1720	4147	192	979617	1130
739	4555	-108	979792	1743	4062	135	979792	1145
759	4467	-87	979962	1815	4133	126	979962	1128
766	4397	-29	980308	1868	4166	108	980308	1134
779	4371	-42	980480	1868	4155	184	980480	1133
806	4473	-7	980654	1851	4110	160	980654	1119
802	4484	-52	980823	1893	4145	145	980824	1159
833	4523	-68	980994	1925	4101	107	980994	1184
842	4504	-68	981169	1923	4055	128	981169	1187
872	4498	-89	981343	1874	3949	415	981343	1249
900	4579	-52	981516	1844	3917	33	981517	1156
897	4580	63	981689	1728	3813	75	981689	1131
975	4737	130	982196	1586	3867	111	982196	1063
915	4687	2	982367	1732	3868	-5	982367	1157
812	4629	27	982540	1787	3972	404	982540	1235
825	4510	113	982714	1870	4156	41	982714	1106
766	4462	-100	982886	1869	4234	11	982886	1132
732	4357	12	983059	1824	4358	101	983059	1096
929	4321	-31	983223	1876	4533	263	983223	1014
805	4235	53	983390	1804	4470	11	983390	1027
830	4194	12	983560	1808	4525	-3	983560	1033
851	4114	28	983730	1728	4599	-33	983730	1004
849	4110	33	984075	1593	4709	103	984075	958
822	4081	47	984243	1622	4706	-43	984243	1019
815	4133	46	984413	1659	4649	-40	984413	993
797	4180	-47	984585	1737	4567	119	984585	1030
673	4318	-24	984754	1764	4448	117	984754	1108
679	4463	74	984923	1744	4234	259	984923	1105
815	4763	19	985259	1520	3912	162	985259	1114
885	4794	58	985429	1390	3869	126	985429	1056
1006	4785	144	985771	1525	3825	61	985771	1094
925	4715	142	985941	1716	3890	19	985941	1150
873	4707	-106	986113	1792	4050	-318	986113	1149
783	4605	-160	986286	1849	4180	-53	986286	1153
753	4484	-22	986454	1837	4382	41	986454	1091
744	4306	61	986624	1830	4470	-8	986624	1100
810	4209	-23	986796	1827	4553	-86	986796	1075
810	4209	-23	986965	1785	4552	10	986965	1034
713	4320	-1	987309	1811	4379	109	987309	1105
855	4708	23	988013	1670	3809	86	988013	1215
947	4652	107	988183	1712	3787	233	988183	1162
912	4578	160	988519	1801	3757	325	988519	1221
918	4567	158	988859	1785	3690	395	988859	1256
894	4589	239	989028	1785	3830	805	989028	1300
868	4544	91	989198	1741	3879	511	989198	1175
875	4548	100	989366	1773	3841	312	989366	1162
873	4588	60	989535	1767	3868	363	989535	1187
843	4566	74	989705	1758	3875	261	989705	1162
804	4574	-22	989874	1758	3921	69	989874	1160
839	4581	55	990046	1762	3932	152	990046	1132
835	4551	85	990223	1780	3844	288	990223	1198
866	4531	135	990394	1780	3904	388	990394	1137
873	4515	168	990565	1768	3853	649	990565	1213
854	4520	29	990736	1724	3739	382	990736	1221
813	4534	330	990910	1684	3874	392	990910	1095
804	4494	108	991079	1788	3828	308	991079	1205
846	4602	94	991253	1810	3940	428	991253	1216
812	4564	44	991425	1771	3900	206	991425	1178
826	4539	49	991596	1749	3924	20	991596	1110
770	4609	-337	991771	1757	3974	-11	991771	1218
821	4625	-92	991944	1791	3927	55	991944	1204
895	4606	77	992282	1852	3981	320	992282	1169
887	4532	171	992454	1787	4011	455	992454	1078
873	4554	80	992785	1750	3923	333	992785	1110
892	4502	95	992955	1765	3876	368	992955	1108
1001	4488	199	993294	1853	3672	438	993294	1204
1032	4507	266	993462	1798	3715	373	993462	1107
1004	4559	121	993631	1733	3842	349	993631	1048
911	4623	78	993803	1780	3913	225	993803	1132
747	4605	56	993973	1702	4114	238	993973	1089
549	4599	-26	994313	1625	4241	144	994313	1147
594	4615	-32	994481	1653	4148	45	994482	1160
646	4604	19	994655	1679	4040	121	994655	1181
774	4657	179	994827	1634	3867	146	994827	1168
903	4710	150	994997	1527	3903	573	994997	1104
1057	4738	132	995169	1408	3782	125	995169	1018
1196	4822	256	995338	1391	3729	187	995338	1112
1188	4825	302	995509	1494	3719	327	995509	1148
1015	4661	127	995682	1656	3934	465	995682	1026
922	4621	23	995851	1745	3877	224	995851	1128
858	4554	-28	996022	1799	3933	-206	996022	1141
801	4517	-178	996192	1832	4018	-147	996192	1146
843	4674	75	996873	1491	3798	61	996873	1090
973	4703	98	997045	1401	3697	-12	997045	1099
1088	4734	113	997217	1387	3693	-87	997217	1101
1098	4715	122	997388	1439	3656	-97	997388	1134
1020	4683	159	997560	1552	3799	46	997560	1038
892	4658	15	997729	1666	3858	50	997729	1114
787	4586	-24	997904	1732	3999	-328	997904	1153
715	4485	2	998073	1812	4089	-123	998073	1173
795	4489	-68	998245	1750	4176	-93	998245	1005
631	4448	-139	998418	1680	4127	-192	998418	1098
562	4510	-31	998588	1663	3988	133	998588	1229
870	4708	-28	999104	1498	3774	-16	999104	1126
869	4676	-30	999275	1548	3722	-46	999275	1171
868	4671	-20	999447	1634	3838	82	999447	1136
775	4530	-189	999788	1815	4020	446	999788	1321
727	4514	-74	999961	1745	3997	339	999961	1214
701	4567	150	296	1632	4034	120	296	1073
727	4612	134	467	1628	3992	-121	467	1123
770	4597	190	641	1608	3858	-101	641	1155
837	4621	102	809	1628	3803	-40	809	1147
829	4636	-205	979	1698	3784	52	979	1244
981	4668	339	1151	1762	3898	130	1151	1116
865	4513	-32	1324	1803	3919	-109	1324	1113
825	4482	-52	1502	1909	4345	280	1502	1142
771	4447	-96	1670	1841	4056	122	1670	1160
829	4533	102	1842	1717	3983	-112	1842	1066
889	4623	149	2009	1666	3782	-184	2009	1192
1072	4872	292	2176	1555	3839	27	2176	1171
1046	4719	62	2346	1637	3905	258	2346	1025
994	4710	84	2516	1764	3899	198	2516	1124
923	4654	-66	2685	1782	3885	104	2685	1165
924	4533	74	3025	1637	3761	-128	3025	1070
1007	4563	25	3193	1549	3777	-66	3193	959
1093	4672	151	3366	1543	3732	6	3366	1052
1072	4680	52	3538	1402	3877	598	3538	1026
1049	4779	151	3706	1571	3945	530	3706	1054
998	4688	146	3878	1790	3947	121	3878	1085
915	4679	124	4046	1720	3833	-36	4046	1179
1064	4638	138	4385	1561	3736	-221	4385	1091
1130	4655	117	4555	1522	3717	-29	4555	1027
1062	4705	129	4727	1551	3793	117	4727	1035
999	4774	103	4896	1721	4136	751	4896	1161
867	4677	-301	5071	1679	3865	89	5071	1213
865	4641	-50	5243	1704	3875	-46	5243	1136
915	4601	90	5583	1750	3774	-194	5583	1209
949	4577	168	5753	1663	3755	-35	5753	1108
935	4599	13	6097	1711	3790	198	6097	1136
950	4611	102	6268	1751	3892	209	6268	1082
871	4628	43	6608	1756	4021	335	6608	1112
796	4586	62	6777	1747	3991	149	6777	1125
789	4550	-218	7114	1651	3876	-105	7114	1100
851	4597	-243	7284	1659	3775	-9	7284	1176
1006	4612	90	7627	1725	3750	104	7627	1123
959	4642	88	7798	1708	3922	180	7798	1043
906	4638	52	7969	1754	3980	224	7969	1087
826	4640	-12	8137	1715	3967	278	8137	1152
798	4649	-83	8306	1691	3943	101	8306	1153
739	4562	81	8478	1663	3908	-75	8478	1143
755	4534	90	8649	1671	3892	-85	8649	1132
844	4497	234	8816	1692	3889	21	8816	1065
856	4502	302	8990	1716	3939	101	8990	1047
829	4572	96	9332	1780	3898	312	9332	1185
867	4544	129	9502	1815	3977	344	9502	1125
874	4634	132	9669	1784	3951	388	9669	1166
846	4622	119	9839	1817	3924	370	9839	1222
851	4537	77	10008	1777	3989	501	10008	1157
814	4567	75	10176	1795	3982	466	10176	1207
861	4564	155	10513	1774	3914	289	10513	1129
859	4586	167	10684	1756	3890	287	10684	1142
816	4558	35	10857	1756	3880	325	10857	1195
813	4563	81	11025	1704	3849	296	11025	1162
798	4581	11	11191	1698	3915	319	11191	1161
819	4631	-3	11363	1703	3956	145	11363	1122
816	4626	-1	11532	1720	3909	-18	11532	1154
780	4608	-146	11707	1735	3907	-64	11707	1187
828	4641	3	11882	1708	3954	-64	11882	1118
853	4593	196	12054	1709	3953	-99	12054	1109
823	4643	-1	12225	1741	3983	-113	12225	1136
812	4631	-95	12397	1716	3911	-220	12397	1162
861	4652	-127	12736	1726	3937	-182	12736	1124
897	4661	148	12907	1808	3988	-214	12907	1189
923	4759	26	13080	1859	4014	-280	13080	1235
968	4798	10	13254	1912	4146	-108	13254	1153
971	4820	18	13430	1881	4152	-90	13430	1134
905	4725	112	13601	1781	4061	-147	13601	1129
841	4669	-19	13772	1666	3971	-125	13772	1086
772	4568	33	13942	1616	3846	-124	13942	1122
753	4501	99	14115	1639	3874	-114	14115	1106
729	4559	-211	14283	1689	3867	-151	14283	1185
825	4659	-31	14458	1807	3990	-128	14458	1192
895	4728	-150	14630	1872	4113	-84	14630	1156
887	4739	-85	14977	1835	4057	-81	14977	1168
840	4713	-24	15152	1773	4002	-45	15152	1173
832	4674	-78	15323	1664	3895	-82	15323	1140
796	4585	-59	15668	1622	3801	-79	15668	1139
791	4573	12	15839	1628	3813	-79	15839	1134
796	4580	10	16014	1616	3813	-95	16015	1128
770	4588	-96	16183	1621	3807	-63	16183	1156
789	4591	12	16356	1627	3811	-45	16356	1146
794	4558	44	16703	1628	3798	-48	16703	1132
789	4549	5	16873	1633	3796	-82	16873	1134
784	4560	16	17044	1627	3808	-81	17044	1134
770	4541	15	17213	1625	3824	-80	17213	1120
782	4553	41	17383	1627	3808	-94	17383	1135
782	4554	-64	17721	1626	3817	-76	17721	1121
783	4557	-46	17888	1624	3851	-36	17888	1098
782	4557	-28	18060	1648	3843	-39	18060	1122
762	4563	-100	18232	1636	3890	-106	18232	1103
935	4898	346	18403	1605	3890	-30	18403	1267
781	4560	34	18571	1620	3915	-26	18571	1060
714	4603	-142	18744	1661	3954	65	18744	1167
734	4631	-142	18918	1679	3925	-46	18918	1184
737	4658	-93	19088	1691	4000	90	19088	1173
762	4652	-75	19266	1727	3984	89	19266	1185
711	4609	-112	19438	1720	4017	63	19438	1183
726	4607	-257	19785	1747	4003	57	19785	1227
730	4625	-344	19958	1759	4003	-23	19958	1244
751	4636	-267	20129	1780	4000	65	20129	1254
765	4637	-257	20298	1765	4016	71	20298	1222
795	4678	-274	20468	1773	3993	57	20468	1239
726	4660	-280	20639	1770	4004	56	20639	1278
769	4617	47	20814	1773	4033	113	20814	1163
756	4689	-119	20984	1701	4012	47	20984	1174
735	4698	-137	21159	1694	4061	123	21159	1180
706	4718	-149	21329	1676	4109	191	21329	1195
724	4742	-124	22019	1644	4154	170	22019	1131
717	4747	-148	22188	1662	4117	181	22188	1182
697	4742	-131	22355	1664	4091	138	22355	1196
654	4754	-161	23041	1640	4090	107	23041	1219
835	5152	289	23214	1637	4105	204	23214	1322
667	4766	-128	23389	1639	4129	226	23389	1215
669	4728	-134	23566	1654	4115	122	23566	1188
667	4727	-121	23736	1661	4134	194	23736	1200
655	4712	-153	24075	1666	4115	213	24075	1230
731	4725	-179	24242	1654	4139	168	24242	1147
718	4724	-191	24413	1667	4119	116	24413	1167
693	4709	-199	24753	1685	4072	177	24753	1237
685	4719	-225	24927	1690	4084	166	24927	1251
681	4704	-175	25096	1687	4082	205	25097	1242
690	4662	-179	25270	1685	4076	198	25270	1215
716	4704	-176	25438	1693	4113	123	25438	1180
710	4684	-192	25611	1685	4119	56	25611	1154
861	5146	295	25785	1698	4136	95	25785	1327
719	4698	-163	25957	1690	4115	171	25957	1181
714	4715	-191	26127	1683	4117	203	26127	1205
706	4706	-172	26298	1691	4119	231	26298	1215
711	4715	-175	26470	1678	4145	202	26470	1184
677	4716	-133	26638	1667	4132	254	26638	1213
704	4710	-158	26809	1659	4128	237	26809	1186
730	4708	-140	26981	1667	4140	129	26981	1128
691	4710	-135	27660	1661	4049	188	27660	1217
724	4681	-209	27830	1676	4041	210	27830	1221
750	4711	-159	28003	1640	4085	122	28003	1124
684	4673	-172	28176	1674	4098	80	28176	1172
697	4695	-200	28342	1683	4094	232	28342	1233
711	4670	-201	28516	1668	4121	178	28516	1167
678	4662	-150	28690	1695	4071	140	28690	1211
730	4703	-59	28861	1701	4038	169	28861	1199
772	4686	92	29034	1675	4024	122	29034	1120
754	4704	-66	29208	1645	3990	169	29208	1166
725	4692	164	29377	1576	4028	120	29377	1080
609	4713	-202	29721	1584	4145	58	29721	1158
649	4650	99	29895	1644	4235	-13	29895	1084
602	4624	-141	30064	1613	4270	73	30064	1092
539	4570	-188	30233	1571	4324	-31	30233	1072
476	4565	-189	30406	1553	4417	-3	30406	1103
512	4565	-123	30574	1505	4423	11	30574	1012
443	4563	125	30746	1413	4484	86	30746	974
289	4645	-239	31095	1294	4642	60	31095	1049
195	4651	-399	31272	1248	4735	-42	31272	1115
230	4573	123	31444	1157	4815	-32	31444	971
132	4635	-621	31786	795	5051	-401	31786	813
-304	4654	1184	31958	640	5037	-331	31958	1826
-99	4597	-826	32461	226	5029	-122	32461	888
-194	4450	-773	32629	137	5033	64	32629	1072
-293	4204	-768	32799	-127	5010	142	32799	1227
-388	4069	-578	33139	138	5028	-210	33139	1154
-435	4053	-455	33309	-91	4969	-40	33309	1063
-317	3827	-876	33480	-178	4830	-151	33480	1245
-521	3714	-195	33647	-192	4748	-92	33647	1090
-478	3652	-117	33820	-370	4719	307	33820	1153
-542	3596	-197	33992	-359	4570	254	33992	1089
-418	3527	-524	34161	-315	4581	305	34161	1345
-519	3523	-458	34336	-241	4549	17	34336	1164
-494	3444	-477	34505	-495	4478	304	34505	1296
-604	3403	-320	34673	-433	4425	-52	34673	1070
-613	3448	-313	34841	-616	4324	142	34841	987
-644	3236	-271	35010	-579	4266	29	35010	1075
-837	3223	101	35180	-595	4204	427	35180	1062
-863	3181	133	35347	-424	4163	-347	35347	1178
-856	2917	1211	35689	-584	3882	807	35689	1081
-972	2800	83	35856	-652	3804	514	35856	1138
-969	2755	16	36025	-654	3909	210	36025	1212
-1030	2755	-98	36198	-763	3708	640	36198	1235
-1066	2773	-97	36366	-654	3767	-204	36366	1081
-1025	2503	1164	36538	-782	3708	40	36538	1666
-1067	2431	1133	36710	-759	3653	-188	36710	1826
-1115	2590	-12	36879	-762	3486	-348	36879	1020
-921	2176	1523	37051	-851	3528	485	37051	1706
-1013	2245	1334	37223	-887	3420	645	37223	1368
-1065	2267	1190	37398	-860	3388	150	37398	1543
-1093	2256	1078	37572	-875	3345	68	37572	1501
-1096	2244	982	37747	-893	3335	45	37747	1452
-1047	2209	1142	37916	-875	3367	680	37916	1259
-1101	2264	892	38088	-908	3327	273	38089	1245
-1139	2407	43	38259	-867	3374	146	38260	1010
-1124	2488	-79	38431	-831	3367	51	38431	936
-1102	2483	-157	38598	-908	3376	386	38599	1063
-1139	2440	78	38770	-872	3386	104	38770	983
-1159	2435	115	38944	-865	3368	-73	38944	996
-1157	2475	60	39114	-929	3416	70	39114	968
-1159	2448	20	39282	-942	3367	141	39282	952
-1159	2448	20	39446	-906	3397	-58	39446	985
-1175	2448	196	39618	-914	3408	49	39618	1006
-1177	2461	100	39790	-899	3399	-154	39790	1011
-1180	2426	215	39958	-883	3356	-198	39958	1060
-1236	2377	432	40130	-860	3372	-360	40130	1326
-1307	2345	319	40297	-868	3389	-622	40297	1472
-1416	2398	19	40634	-885	3392	-942	40634	1481
-1430	2356	117	40805	-1412	3394	52	40805	1040
-1474	2306	-22	40979	-1551	3266	367	40979	1039
-1451	2253	-202	41152	-1501	3208	504	41152	1189
-1545	2158	-184	41325	-1138	3132	-378	41325	1073
-1579	2074	-202	41498	-1306	3036	69	41498	1036
-1543	1932	-318	41667	-1235	2967	-452	41667	1088
-1671	1981	-98	41836	-1291	2868	-116	41836	965
-1692	1907	-37	42004	-1365	2841	-202	42005	1003
-1697	1852	-13	42178	-1442	2798	-164	42178	991
-1757	1675	250	42348	-1484	2765	-99	42348	1177
-1627	1535	967	42520	-1618	2732	-208	42520	1677
-1700	1397	591	43038	-1681	2234	-162	43038	1126
-1626	1389	-83	43205	-1690	2314	-6	43205	930
-1487	1139	175	43713	-1706	2166	-409	43713	1202
-1480	1001	345	43883	-1899	2041	-136	43883	1220
-1381	936	120	44226	-1930	1764	3	44226	1000
-1219	875	-92	44399	-1581	1403	1517	44399	1732
-1215	826	-52	44584	-1852	1575	46	44584	988
-1102	781	-230	44757	-1799	1599	-254	44757	1075
-1090	728	-139	44927	-1752	1428	721	44927	1291
-978	709	-214	45097	-1815	1451	129	45097	1170
-903	706	-303	45265	-1820	1365	563	45265	1423
-869	690	-271	45434	-1766	1466	-50	45434	1206
-618	644	-616	45602	-1668	1375	-640	45602	1280
-646	541	-602	45772	-1706	1271	25	45772	1432
-771	549	85	45945	-1697	1157	685	45945	1260
-621	551	-99	46118	-1667	1295	857	46118	1600
-396	577	-501	46290	-1523	1113	429	46290	1556
-522	539	-85	46459	-1403	1165	838	46459	1421
-556	397	203	46633	-1510	1021	278	46633	1142
-555	391	230	46808	-1475	851	468	46808	1056
-300	485	-340	46980	-1195	932	-440	46980	1005
-150	382	630	47155	-835	821	-869	47155	1706
-163	406	356	47330	-693	767	-966	47330	1469
-80	479	398	47675	-725	783	-581	47675	1211
31	435	487	48014	-919	653	278	48014	997
252	448	400	48185	-489	618	-653	48186	1299
608	480	-215	48522	-343	578	-620	48522	1038
570	503	-407	48696	-377	478	600	48696	1383
831	229	180	48871	-319	458	-504	48871	1357
1021	166	142	49044	-267	570	-486	49044	1489
734	582	-250	49215	-316	660	72	49215	1101
856	552	-254	49382	-173	600	-383	49382	1038
774	675	-389	49550	-126	605	-206	49550	921
932	617	-296	49724	-30	427	526	49724	1280
806	735	-407	49896	-56	495	379	49896	1191
1341	465	331	50236	238	422	-468	50236	1363
1309	714	-58	50406	301	462	-414	50406	1098
1394	709	143	50568	301	462	-414	50568	1251
1418	799	91	50735	553	427	-298	50735	1019
1500	998	-42	51082	688	469	-210	51082	984
1491	1082	-50	51250	751	419	-218	51250	1008
1665	1222	198	51592	984	419	-135	51592	1104
1571	1438	-20	51949	612	464	901	51949	1648
1575	1503	110	52121	419	590	1037	52121	1740
1679	1643	153	52293	382	793	1046	52293	1789
1686	1759	185	52462	880	755	741	52462	1402
1778	2024	1506	52634	765	867	874	52634	1663
1771	2395	1752	52981	1174	890	748	52981	1905
1687	2157	293	53330	1339	1113	919	53330	1266
1728	2326	322	53672	1472	1348	-82	53672	1089
1829	2384	380	53844	1435	1408	254	53844	1060
1968	2534	416	54016	1384	1485	235	54016	1214
1928	2554	398	54188	1386	1552	190	54188	1158
1952	2597	385	54360	1403	1753	1	54360	1078
2072	2673	371	54527	1490	1799	25	54527	1106
2137	2769	430	54700	1469	1807	146	54700	1205
2131	2784	387	54869	1531	1893	164	54869	1097
2171	2815	383	55045	1636	1951	109	55045	1053
2429	3037	622	55218	1728	2013	170	55218	1321
2295	2968	321	55393	1779	2080	180	55393	1037
2353	3034	396	55565	1791	2149	218	55565	1063
2384	3164	430	55735	1817	2221	296	55735	1108
2430	3174	543	55908	1821	2330	304	55908	1068
2614	3312	506	56073	1875	2391	305	56073	1198
2536	3274	285	56258	1866	2449	368	56258	1066
2606	3330	363	56429	2032	2570	345	56429	953
2664	3530	460	56597	2009	2626	342	56597	1123
2637	3548	368	56771	2133	2734	342	56771	958
2637	3548	368	56931	2251	2707	478	56931	932
2703	3721	281	57104	2481	3054	945	57104	967
2799	3848	278	57278	2407	3362	1255	57278	1159
2786	3986	202	57446	2468	3482	1223	57446	1182
2839	4075	270	57613	2592	3364	941	57613	1008
2852	4138	163	57784	2666	3562	1204	57784	1204
2829	4274	197	57955	2642	3863	1145	57955	1050
2708	4457	146	58124	2693	3923	980	58124	990
2805	4487	416	58293	2666	3760	332	58293	745
2645	4547	43	58468	2668	3783	162	58468	774
2537	4709	103	58638	2845	4130	763	58638	930
2471	4820	241	58808	2905	4269	763	58808	874
2387	4834	57	58979	2921	4182	590	58979	997
2312	4845	-118	59154	2989	4421	612	59154	1082
2278	4921	-139	59329	3027	4589	643	59329	1133
2234	5033	2	59498	2980	4373	-174	59498	1011
2141	5038	-81	59667	2991	4490	324	59667	1089
2040	5232	-105	60002	3353	4297	783	60002	1840
1896	5243	-200	60171	2791	4749	-195	60171	1022
1890	5322	-170	60341	2713	4790	326	60341	1098
1855	5403	-88	60510	2677	4802	396	60510	1127
1713	5429	-142	60682	2625	4894	430	60682	1202
1618	5530	-85	61018	2630	5118	-27	61018	1094
1341	5694	612	61186	2593	5287	5	61186	1450
1503	5535	-111	61357	2553	5372	59	61357	1076
1424	5613	34	61526	2502	5420	55	61526	1095
1338	5649	47	61699	2436	5505	-34	61699	1110
1271	5665	61	61868	2337	5557	-102	61868	1084
1132	5546	-25	62212	2170	5772	41	62212	1064
961	5497	-67	62549	1926	6040	-13	62549	1109
894	5375	-123	62719	1685	6133	-126	62719	1096
775	5449	-225	62890	1597	6228	134	62890	1188
832	5357	-162	63063	1498	6177	-110	63063	1058
736	5272	-26	63233	1364	6262	198	63233	1194
289	5128	586	63403	1236	6168	16	63403	1518
193	5009	621	63572	1100	6147	155	63572	1528
374	4968	528	63741	622	6026	808	63741	1122
880	4998	35	63912	932	6006	-6	63912	1010
816	4944	44	64082	764	5963	-145	64082	1038
739	4872	56	64254	635	5950	-92	64254	1093
733	4798	87	64424	605	5874	-194	64424	1119
704	4754	123	64596	536	5797	-258	64596	1123
701	4692	158	64762	498	5733	-96	64762	1091
675	4591	121	64929	492	5621	125	64929	1046
715	4525	98	65099	404	5480	203	65099	1010
771	4422	116	65269	395	5424	214	65269	1075
792	4350	151	65438	297	5382	-263	65439	1217
802	4293	142	65608	302	5291	-129	65608	1149
862	4263	146	65778	234	5145	4	65778	1092
893	4207	193	65948	176	5041	171	65948	1100
1007	4126	29	66119	78	4877	19	66119	1195
1015	4126	97	66458	118	4646	-195	66458	1077
1067	4065	-154	66630	36	4541	-57	66630	1140
1143	4005	-155	66801	81	4487	53	66801	1185
1207	3993	-229	66975	218	4422	53	66975	1114
1310	3901	315	67146	229	4391	184	67146	1194
1332	3886	386	67317	241	4308	92	67317	1206
1348	3862	248	67486	258	4261	101	67486	1170
1391	3826	427	67654	251	4215	150	67654	1236
1375	3834	-164	67824	280	4154	6	67824	1153
1411	3727	-264	67995	351	4072	-15	67995	1142
1405	3664	-168	68167	443	4058	40	68167	1060
1457	3559	-40	68338	490	4102	-23	68338	1109
1514	3421	-88	68511	549	4154	-29	68511	1213
1421	3494	-35	68679	611	4225	11	68679	1092
1358	3498	-14	69019	581	4297	65	69019	1117
1395	3463	-54	69189	537	4222	8	69189	1147
1669	3373	-150	69876	514	4127	-43	69876	1383
1439	3509	1	70046	537	4138	-45	70046	1101
1498	3481	-42	70217	582	4129	-170	70217	1129
1972	2993	-111	70389	581	4107	-236	70389	1786
1425	3474	-60	70559	519	4177	25	70559	1150
1571	3399	-169	70729	483	4103	2	70729	1307
1514	3565	-145	70902	512	4032	-158	70902	1106
1963	3103	-179	71240	609	4030	-272	71240	1644
1540	3461	-83	71409	639	4081	-267	71409	1109
1943	2994	-146	71751	586	4133	-198	71751	1772
1976	2996	-153	71920	514	4148	89	71920	1877
1563	3388	-89	72089	507	4180	-1	72089	1323
1535	3473	-91	72258	491	4126	-32	72258	1233
1470	3551	-68	72429	532	4100	-128	72429	1089
1530	3515	-84	72596	512	4153	4	72596	1205
1510	3529	-73	72771	565	4097	-178	72771	1108
1523	3504	-93	72940	536	4111	-124	72940	1159
1552	3514	-131	73111	532	4134	-150	73111	1194
1585	3429	-129	73450	532	4103	-201	73450	1252
2152	2882	-114	73620	551	4092	-240	73620	2011
2190	2843	-70	73792	549	4084	-206	73792	2062
1727	3236	-185	74129	531	4107	-179	74129	1480
2041	2989	-195	74301	439	4127	182	74301	2001
2117	2906	-92	74473	469	4140	175	74473	2076
2097	2931	-137	74646	454	4125	92	74646	2044
2033	2985	-183	74992	456	4129	82	74993	1966
2138	2838	-82	75164	587	4080	-289	75164	1998
1586	3374	-193	75332	497	4203	53	75332	1391
1896	3086	-200	75502	461	4217	163	75502	1863
1830	2997	-122	75675	716	3964	-584	75675	1546
2111	2878	-83	75849	581	3814	-331	75849	1811
1963	2980	-166	76020	467	3974	242	76020	1842
2031	2958	-119	76189	476	4056	252	76189	1939
Percentuale di fallimenti nel positioning: 8.1%
