451 2215 -371 2294 853 1441 1643 699 2184 -364 2322 1011 1198 1577 0 2719072
466 2233 -351 2294 815 1404 1643 759 2176 -378 2327 1049 1123 1596 0 2837952
460 2263 -361 2312 778 1404 1681 779 2156 -399 2327 1086 1123 1596 0 2951980
463 2225 -347 2312 853 1441 1605 762 2176 -347 2327 1049 1123 1559 0 2999268
446 2246 -386 2312 815 1441 1681 828 2189 -403 2364 1086 1058 1634 0 3090712
431 2195 -423 2275 870 1460 1681 789 2184 -412 2364 1114 1161 1596 0 3208280
479 2226 -384 2312 870 1423 1643 755 2206 -413 2364 1049 1161 1634 0 3323496
475 2250 -393 2350 870 1460 1643 756 2187 -380 2341 1049 1142 1596 0 3438748
428 2200 -409 2275 853 1460 1681 722 2202 -348 2341 1011 1179 1559 0 3555140
455 2153 -402 2237 908 1423 1643 773 2217 -406 2378 1049 1142 1634 0 3672788
0 0 0 2275 908 1460 1643 756 2187 -380 2341 1049 1142 1596 1 3788052
425 2194 -365 2237 815 1423 1662 717 2153 -396 2303 1049 1179 1596 0 3907752
513 2273 -301 2350 815 1385 1587 754 2200 -357 2341 1011 1114 1596 0 3955132
474 2231 -359 2312 853 1423 1624 697 2152 -425 2303 1067 1217 1615 0 4044072
455 2204 -389 2275 853 1423 1662 725 2122 -410 2266 1067 1142 1615 0 4159264
448 2221 -334 2312 853 1460 1587 723 2150 -381 2303 1067 1179 1577 0 4275664
389 2222 -285 2275 778 1479 1587 665 2134 -388 2266 1030 1217 1577 0 4390884
446 2184 -344 2237 834 1404 1624 692 2109 -395 2228 1030 1142 1615 0 4503756
446 2184 -344 2237 834 1404 1624 742 2181 -417 2341 1067 1179 1615 0 4552268
413 2194 -404 2275 872 1479 1662 735 2229 -377 2378 1030 1198 1596 0 4641368
476 2198 -397 2275 872 1404 1662 720 2137 -404 2266 1030 1123 1634 0 4756688
435 2210 -380 2275 834 1441 1662 676 2135 -391 2266 1030 1198 1596 0 4873104
446 2186 -359 2237 834 1404 1643 692 2165 -419 2303 1030 1198 1634 0 4991960
848 2907 47 2237 853 1479 1681 717 2208 -389 2341 992 1161 1634 0 5106028
387 2234 -364 2312 815 1516 1643 769 2165 -399 2322 1067 1114 1615 0 5227068
425 2248 -364 2294 778 1441 1681 775 2162 -340 2322 1067 1114 1540 0 5345948
451 2215 -371 2294 853 1441 1643 757 2162 -378 2322 1067 1142 1577 0 5459964
406 2225 -325 2294 815 1479 1605 776 2196 -371 2359 1067 1142 1577 0 5504900
437 2246 -427 2331 853 1479 1699 728 2152 -414 2322 1105 1217 1577 0 5595112
469 2247 -393 2331 853 1441 1662 719 2149 -362 2284 1030 1142 1577 0 5711616
430 2185 -326 2256 853 1441 1587 735 2167 -399 2303 1025 1123 1634 0 5826848
447 2195 -407 2275 870 1441 1662 719 2138 -373 2266 1025 1123 1596 0 5943232
512 2270 -335 2350 815 1385 1624 715 2166 -378 2303 1025 1161 1596 0 6057248
501 2234 -385 2312 853 1385 1662 701 2112 -403 2228 1025 1123 1634 0 6104556
468 2237 -363 2312 829 1423 1643 695 2139 -410 2266 1025 1161 1634 0 6194772
463 2229 -336 2275 792 1385 1643 718 2180 -383 2303 988 1123 1634 0 6308780
457 2248 -273 2312 792 1423 1568 736 2137 -398 2266 1030 1095 1634 0 6426320
434 2231 -369 2275 792 1423 1681 753 2122 -385 2266 1067 1095 1596 0 6542784
451 2225 -307 2275 792 1404 1605 735 2150 -365 2303 1067 1161 1559 0 6660360
460 2203 -319 2237 792 1366 1624 0 0 0 2266 1067 1161 1559 2 6779140
427 2268 -336 2312 754 1441 1662 754 2186 -358 2341 1067 1161 1559 0 6896468
468 2253 -324 2312 792 1404 1624 760 2194 -396 2341 1030 1114 1634 0 7011732
404 2170 -338 2256 867 1479 1587 706 2116 -407 2266 1067 1179 1596 0 7059024
0 0 0 2331 792 1479 1699 767 2181 -354 2341 1067 1142 1559 1 7149220
483 2232 -386 2294 829 1385 1681 683 2164 -397 2303 1030 1217 1596 0 7264196
498 2215 -410 2294 872 1385 1681 721 2182 -408 2341 1067 1217 1596 0 7379412
492 2267 -339 2331 797 1385 1643 743 2217 -320 2359 1011 1161 1540 0 7494624
517 2242 -410 2331 872 1385 1681 771 2189 -412 2359 1086 1161 1615 0 7608604
450 2250 -431 2331 834 1460 1718 704 2086 -370 2209 1049 1123 1577 0 7655892
438 2261 -381 2331 797 1460 1681 698 2114 -377 2247 1049 1161 1577 0 7746148
471 2210 -379 2294 872 1423 1643 698 2157 -388 2284 1011 1161 1615 0 7860200
419 2234 -346 2294 792 1460 1643 720 2115 -399 2247 1049 1123 1615 0 7976692
467 2263 -317 2331 792 1423 1605 719 2138 -373 2266 1025 1123 1596 0 8091908
453 2214 -326 2312 867 1460 1568 771 2151 -350 2303 1063 1095 1559 0 8205940
426 2247 -279 2312 792 1460 1568 696 2138 -380 2266 1025 1161 1596 0 8252036
404 2290 -320 2350 754 1498 1643 695 2166 -354 2303 1025 1198 1559 0 8343492
474 2218 -385 2275 829 1385 1681 0 0 0 2303 950 1095 1559 2 8457540
441 2230 -338 2312 834 1460 1605 758 2195 -334 2341 1025 1123 1559 0 8574764
527 2254 -301 2312 797 1320 1605 722 2159 -354 2303 1030 1161 1559 0 8690004
520 2270 -292 2350 834 1385 1568 737 2195 -376 2341 1030 1161 1596 0 8804092
439 2235 -400 2312 834 1460 1681 698 2136 -383 2266 1030 1161 1596 0 8851432
530 2256 -374 2350 872 1385 1643 758 2194 -368 2341 1030 1123 1596 0 8941656
451 2206 -339 2275 834 1423 1605 739 2135 -340 2266 1030 1095 1559 0 9054484
482 2253 -339 2312 797 1385 1643 812 2253 -347 2416 1030 1095 1596 0 9170904
514 2241 -356 2312 834 1358 1643 760 2125 -459 2303 1132 1161 1634 0 9286156
460 2187 -357 2237 834 1385 1643 688 2123 -465 2266 1067 1198 1671 0 9400216
513 2271 -389 2350 834 1385 1681 670 2166 -396 2303 1030 1236 1596 0 9447544
446 2217 -420 2275 834 1423 1718 718 2095 -421 2228 1067 1123 1634 0 9537736
408 2226 -375 2275 797 1460 1681 797 2206 -382 2378 1067 1123 1596 0 9652980
431 2184 -360 2237 834 1423 1643 729 2187 -399 2341 1067 1198 1596 0 9767016
485 2221 -394 2312 889 1423 1643 754 2152 -382 2303 1063 1123 1591 0 9883416
511 2223 -382 2312 872 1385 1643 777 2180 -349 2341 1063 1123 1554 0 9998604
511 2225 -349 2312 872 1385 1605 758 2195 -330 2341 1025 1123 1554 0 10044704
0 0 0 2275 797 1385 1605 763 2192 -300 2341 1025 1123 1516 1 10136184
433 2261 -347 2312 773 1441 1662 737 2166 -366 2303 1025 1123 1591 0 10255916
415 2235 -346 2275 773 1441 1662 720 2160 -347 2303 1025 1161 1554 0 10375904
796 2742 -107 2275 811 1404 1662 711 2170 -348 2284 974 1114 1596 0 10494788
461 2226 -339 2256 773 1366 1662 688 2157 -377 2284 1011 1179 1596 0 10614884
426 2244 -316 2294 773 1441 1624 746 2172 -383 2322 1049 1142 1596 0 10732524
456 2210 -386 2294 872 1441 1643 712 2156 -339 2284 1011 1142 1559 0 10847792
475 2221 -287 2294 834 1404 1568 728 2142 -356 2284 1049 1142 1559 0 10963100
481 2233 -359 2331 872 1441 1605 723 2216 -414 2359 1011 1179 1652 0 11078404
434 2212 -395 2275 834 1441 1681 745 2172 -398 2322 1049 1142 1615 0 11193676
491 2251 -391 2350 872 1441 1643 724 2158 -406 2284 1011 1114 1652 0 11313808
470 2255 -368 2350 853 1460 1624 740 2158 -422 2322 1086 1179 1615 0 11432736
447 2224 -366 2312 853 1460 1624 692 2130 -386 2247 1011 1142 1615 0 11551592
464 2241 -340 2312 815 1423 1624 737 2165 -402 2303 1030 1123 1634 0 11671684
483 2273 -331 2350 815 1423 1624 720 2137 -404 2266 1030 1123 1634 0 11790544
470 2255 -368 2350 853 1460 1624 769 2150 -411 2303 1067 1095 1634 0 11910700
514 2248 -288 2350 872 1423 1530 741 2164 -342 2303 1030 1123 1559 0 12030804
469 2236 -333 2312 834 1423 1605 679 2110 -413 2228 1030 1161 1634 0 12149644
500 2235 -330 2312 834 1385 1605 700 2135 -353 2266 1030 1161 1559 0 12268528
490 2198 -380 2275 872 1385 1643 735 2146 -401 2303 1067 1161 1596 0 12388596
499 2236 -290 2312 834 1385 1568 770 2136 -435 2303 1105 1123 1634 0 12508648
360 2194 -359 2237 797 1498 1662 716 2195 -387 2341 1030 1198 1596 0 12626280
470 2234 -382 2312 834 1423 1662 735 2146 -401 2303 1067 1161 1596 0 12745208
485 2220 -410 2312 889 1423 1662 774 2223 -393 2378 1030 1123 1634 0 12790208
433 2194 -433 2275 872 1460 1699 758 2172 -363 2322 1049 1123 1577 0 12881672
491 2243 -351 2294 797 1358 1662 715 2187 -414 2322 1011 1161 1652 0 12997000
0 0 0 2256 889 1358 1643 750 2202 -428 2359 1049 1161 1652 1 13112344
485 2229 -401 2331 889 1441 1643 736 2186 -405 2322 1011 1123 1652 0 13227392
484 2245 -367 2294 797 1366 1681 0 0 0 2284 1011 1123 1615 2 13342684
445 2173 -425 2256 889 1441 1681 687 2168 -467 2322 1049 1236 1671 0 13462548
445 2221 -334 2294 834 1441 1605 694 2139 -401 2284 1049 1198 1596 0 13579060
464 2200 -398 2294 889 1441 1643 694 2187 -408 2322 1011 1198 1634 0 13625316
451 2215 -371 2294 853 1441 1643 730 2159 -414 2322 1086 1198 1596 0 13719292
495 2274 -380 2369 853 1441 1643 738 2249 -361 2397 1011 1198 1596 0 13836976
479 2290 -356 2369 815 1441 1643 721 2157 -365 2284 1011 1123 1596 0 13951112
420 2210 -382 2294 853 1479 1643 718 2172 -383 2303 1011 1142 1615 0 14067664
407 2251 -306 2312 778 1479 1605 743 2191 -306 2341 1049 1179 1502 0 14185316
480 2225 -415 2312 867 1423 1681 684 2117 -386 2228 1011 1142 1615 0 14303032
463 2229 -336 2275 792 1385 1643 718 2144 -379 2266 1011 1114 1615 0 14421932
438 2258 -296 2275 717 1385 1643 719 2099 -339 2228 1049 1114 1540 0 14537172
435 2227 -340 2275 792 1423 1643 759 2195 -379 2341 1025 1114 1615 0 14656136
394 2272 -294 2331 754 1498 1605 738 2157 -358 2266 988 1077 1615 0 14776224
415 2211 -343 2256 797 1441 1643 725 2180 -367 2303 988 1114 1615 0 14896384
445 2221 -375 2294 834 1441 1643 706 2181 -401 2303 988 1142 1652 0 15015164
464 2252 -367 2331 834 1441 1643 741 2196 -414 2341 1025 1142 1652 0 15132768
503 2267 -391 2369 872 1441 1643 783 2208 -401 2378 1063 1142 1615 0 15178920
514 2283 -359 2369 834 1404 1643 713 2172 -421 2322 1049 1198 1615 0 15269176
411 2191 -353 2256 834 1460 1624 698 2114 -377 2247 1049 1161 1577 0 15384560
489 2245 -349 2294 792 1358 1662 713 2143 -434 2284 1049 1161 1652 0 15499916
444 2242 -355 2294 792 1423 1662 752 2241 -397 2397 1049 1198 1615 0 15615192
491 2268 -321 2331 792 1385 1624 706 2206 -445 2359 1049 1236 1652 0 15729324
516 2269 -369 2369 867 1423 1624 774 2190 -384 2359 1086 1161 1577 0 15776732
790 2779 -63 2369 792 1423 1662 697 2091 -371 2228 1067 1161 1559 0 15868220
513 2320 -352 2425 853 1479 1605 743 2094 -401 2266 1132 1161 1559 0 15983440
462 2244 -366 2350 870 1479 1605 760 2144 -363 2303 1067 1123 1559 0 16103544
490 2252 -390 2350 870 1441 1643 723 2135 -345 2266 1030 1123 1559 0 16221208
457 2282 -337 2350 778 1441 1643 738 2136 -369 2266 1030 1095 1596 0 16337712
467 2196 -345 2237 815 1366 1643 716 2192 -403 2341 1030 1198 1615 0 16457864
485 2264 -394 2331 815 1399 1699 730 2151 -441 2303 1067 1161 1652 0 16576776
473 2246 -383 2331 853 1437 1662 787 2222 -400 2378 1030 1095 1652 0 16694424
467 2238 -394 2294 815 1399 1699 787 2180 -421 2341 1067 1095 1652 0 16809760
504 2244 -390 2331 853 1399 1662 738 2121 -376 2266 1067 1123 1577 0 16925044
482 2220 -387 2294 853 1399 1662 718 2115 -388 2266 1067 1161 1577 0 16971240
504 2244 -390 2331 853 1399 1662 748 2183 -350 2341 1067 1179 1540 0 17062712
520 2279 -371 2369 853 1404 1643 1065 2698 42 2341 1067 1179 1540 0 17180472
387 2199 -353 2294 853 1516 1605 702 2122 -419 2266 1067 1179 1615 0 17296992
464 2236 -381 2294 815 1404 1681 767 2181 -381 2341 1067 1142 1577 0 17413480
406 2225 -325 2294 815 1479 1605 749 2194 -356 2341 1030 1142 1577 0 17531196
427 2198 -361 2294 872 1479 1605 730 2159 -414 2322 1086 1198 1596 0 17645332
523 2285 -389 2369 834 1385 1681 699 2200 -383 2322 974 1161 1634 0 17760580
479 2249 -398 2331 834 1423 1681 694 2142 -359 2284 1049 1198 1559 0 17807976
473 2208 -417 2294 872 1423 1681 713 2172 -393 2322 1049 1198 1596 0 17897072
541 2274 -378 2369 872 1385 1643 752 2158 -404 2322 1086 1161 1596 0 18012316
471 2210 -379 2294 872 1423 1643 714 2143 -420 2284 1049 1161 1634 0 18126464
419 2196 -314 2200 754 1385 1643 775 2236 -306 2378 988 1095 1559 0 18241836
454 2253 -341 2312 792 1423 1643 777 2268 -336 2416 988 1123 1596 0 18358296
512 2243 -353 2312 829 1358 1643 718 2209 -357 2341 988 1161 1596 0 18477160
468 2237 -363 2312 829 1423 1643 717 2166 -347 2303 1025 1161 1559 0 18524440
464 2272 -346 2312 754 1385 1681 735 2167 -399 2303 1025 1123 1634 0 18615952
409 2168 -347 2200 815 1423 1643 754 2165 -334 2303 1025 1095 1559 0 18733620
469 2247 -393 2331 853 1441 1662 748 2221 -372 2378 1049 1198 1577 0 18850108
438 2232 -371 2294 815 1441 1662 669 2142 -366 2266 1011 1198 1577 0 18968976
475 2210 -361 2256 815 1366 1662 690 2167 -367 2303 1011 1198 1577 0 19089032
439 2227 -308 2294 815 1441 1587 731 2171 -348 2303 1011 1123 1577 0 19206712
424 2197 -340 2256 815 1441 1624 709 2202 -363 2341 1011 1198 1577 0 19322044
436 2223 -345 2256 778 1404 1662 757 2209 -329 2359 1049 1161 1540 0 19436160
488 2256 -338 2331 815 1404 1624 738 2169 -374 2322 1049 1161 1577 0 19552672
448 2267 -321 2331 778 1441 1624 775 2213 -335 2359 1011 1095 1577 0 19669160
407 2226 -342 2294 815 1479 1624 736 2186 -405 2322 1011 1123 1652 0 19716596
463 2253 -385 2331 829 1441 1662 757 2203 -365 2359 1049 1161 1577 0 19808052
477 2253 -368 2331 829 1423 1643 737 2143 -397 2284 1049 1123 1615 0 19923348
448 2212 -360 2275 829 1423 1643 719 2143 -350 2266 1011 1114 1577 0 20039844
454 2253 -341 2312 792 1423 1643 723 2171 -321 2303 1011 1142 1540 0 20157600
480 2207 -295 2275 829 1385 1568 695 2129 -410 2266 1049 1179 1615 0 20272956
426 2200 -368 2275 853 1460 1643 734 2143 -364 2303 1086 1179 1540 0 20388340
475 2260 -329 2312 778 1385 1643 680 2143 -362 2266 1011 1179 1577 0 20434576
449 2241 -357 2312 815 1441 1643 701 2144 -385 2266 1011 1142 1615 0 20524864
443 2194 -312 2275 853 1441 1568 735 2123 -420 2266 1067 1123 1634 0 20640200
458 2216 -320 2275 815 1404 1605 735 2146 -401 2303 1067 1161 1596 0 20755584
452 2237 -292 2312 815 1441 1568 714 2121 -400 2266 1067 1161 1596 0 20869660
446 2182 -328 2237 834 1404 1605 771 2150 -382 2303 1067 1095 1596 0 20986156
469 2235 -366 2312 834 1423 1643 755 2150 -388 2303 1067 1123 1596 0 21105080
0 0 0 2312 872 1423 1605 779 2223 -322 2378 1049 1142 1540 1 21222756
480 2225 -385 2312 872 1423 1643 698 2127 -351 2266 1049 1179 1540 0 21269888
482 2253 -339 2312 797 1385 1643 0 0 0 2303 1011 1179 1540 2 21358996
461 2234 -396 2275 797 1385 1718 773 2187 -358 2341 1049 1114 1577 0 21476440
509 2275 -349 2350 815 1385 1643 719 2143 -350 2266 1011 1114 1577 0 21591752
518 2304 -352 2388 815 1404 1643 727 2158 -441 2322 1086 1198 1634 0 21705944
490 2252 -390 2350 870 1441 1643 733 2173 -417 2322 1049 1161 1634 0 21820040
461 2230 -409 2312 853 1441 1681 697 2158 -403 2284 1011 1161 1634 0 21867468
468 2273 -348 2350 815 1441 1643 716 2173 -365 2322 1049 1198 1559 0 21957752
418 2231 -333 2275 778 1441 1643 751 2164 -369 2322 1086 1161 1559 0 22072996
437 2216 -395 2312 872 1479 1643 705 2129 -368 2247 1011 1123 1596 0 22188308
488 2265 -397 2350 834 1423 1681 717 2153 -396 2303 1049 1179 1596 0 22304832
511 2225 -349 2312 872 1385 1605 686 2115 -343 2228 1011 1142 1559 0 22421304
451 2206 -339 2275 834 1423 1605 645 2089 -379 2191 1011 1179 1596 0 22539084
0 0 0 2275 872 1423 1605 719 2128 -357 2266 1049 1142 1559 1 22657992
431 2233 -332 2275 778 1423 1643 734 2129 -381 2266 1049 1114 1596 0 22777708
426 2170 -374 2237 853 1441 1643 721 2137 -327 2266 1025 1123 1540 0 22898988
458 2216 -320 2275 815 1404 1605 702 2110 -359 2228 1025 1123 1577 0 23016628
472 2200 -348 2275 853 1404 1605 703 2153 -371 2266 988 1123 1615 0 23136640
457 2219 -351 2275 815 1404 1643 721 2179 -338 2303 988 1123 1577 0 23256668
441 2251 -361 2312 797 1441 1662 695 2094 -384 2228 1063 1161 1577 0 23374272
413 2194 -404 2275 872 1479 1662 736 2181 -306 2322 1011 1142 1521 0 23493116
465 2188 -423 2256 872 1404 1699 681 2142 -402 2284 1049 1217 1596 0 23540544
458 2209 -433 2294 872 1441 1699 762 2172 -376 2322 1049 1114 1596 0 23629640
414 2221 -378 2294 834 1479 1662 704 2142 -395 2284 1049 1179 1596 0 23744984
403 2178 -386 2256 872 1479 1643 708 2158 -399 2284 1011 1142 1634 0 23859052
419 2253 -321 2294 754 1441 1643 702 2156 -327 2284 1011 1161 1540 0 23975568
399 2230 -257 2275 754 1460 1568 627 2155 -407 2284 1011 1273 1615 0 24093188
468 2237 -363 2312 829 1423 1643 698 2157 -388 2284 1011 1161 1615 0 24207292
468 2237 -363 2312 829 1423 1643 717 2186 -385 2322 1011 1161 1615 0 24254652
501 2254 -303 2312 792 1358 1605 714 2143 -405 2284 1049 1161 1615 0 24347284
411 2170 -391 2237 853 1460 1662 715 2205 -386 2359 1049 1236 1577 0 24466176
430 2234 -347 2275 778 1423 1662 703 2143 -355 2266 1011 1142 1577 0 24581448
474 2231 -359 2312 853 1423 1624 662 2114 -364 2228 1011 1179 1577 0 24696808
429 2238 -375 2275 778 1423 1699 737 2128 -336 2266 1049 1114 1540 0 24812148
413 2220 -399 2275 815 1460 1699 689 2170 -288 2266 936 1114 1540 0 24932176
444 2216 -337 2275 815 1423 1624 737 2157 -369 2303 1049 1142 1577 0 25051076
461 2261 -346 2312 778 1404 1662 762 2168 -401 2341 1105 1179 1577 0 25172272
469 2247 -393 2331 853 1441 1662 743 2150 -408 2303 1067 1142 1615 0 25289944
500 2244 -390 2331 853 1404 1662 687 2136 -401 2266 1030 1179 1615 0 25410016
438 2232 -371 2294 815 1441 1662 746 2194 -387 2341 1030 1142 1615 0 25528888
446 2256 -318 2294 754 1404 1643 771 2220 -354 2378 1030 1142 1577 0 25648960
474 2241 -407 2331 867 1441 1681 716 2210 -372 2341 988 1161 1615 0 25766636
431 2239 -342 2294 792 1441 1643 723 2178 -308 2303 988 1123 1540 0 25880696
452 2263 -305 2331 792 1441 1605 701 2253 -325 2378 950 1198 1577 0 25930396
431 2253 -400 2331 829 1479 1681 816 2246 -350 2416 1063 1123 1577 0 26018244
413 2223 -398 2294 829 1479 1681 740 2208 -334 2341 988 1123 1577 0 26132280
434 2248 -371 2331 829 1479 1643 716 2210 -372 2341 988 1161 1615 0 26247520
438 2199 -359 2256 829 1423 1643 716 2130 -416 2266 1049 1142 1634 0 26365184
407 2217 -317 2237 754 1423 1643 712 2158 -423 2303 1049 1179 1634 0 26482832
424 2254 -375 2312 792 1460 1681 716 2157 -359 2303 1049 1179 1559 0 26598168
515 2241 -322 2312 829 1358 1605 715 2202 -402 2341 1011 1179 1634 0 26715852
506 2228 -373 2312 853 1385 1643 734 2129 -381 2266 1049 1114 1596 0 26764476
490 2246 -334 2312 815 1385 1624 722 2171 -337 2303 1011 1142 1559 0 26853560
403 2231 -350 2275 778 1460 1662 717 2153 -396 2303 1049 1179 1596 0 26969952
474 2231 -359 2312 853 1423 1624 694 2129 -425 2266 1049 1179 1634 0 27085272
425 2205 -421 2275 853 1460 1699 735 2188 -393 2341 1049 1179 1596 0 27199332
468 2198 -255 2237 792 1358 1549 732 2188 -420 2341 1049 1179 1634 0 27313452
449 2207 -314 2275 829 1423 1587 732 2173 -419 2303 1011 1114 1671 0 27363296
0 0 0 2275 754 1423 1643 756 2187 -380 2341 1049 1142 1596 1 27451248
421 2237 -399 2312 829 1479 1681 695 2161 -390 2303 1025 1198 1596 0 27566284
431 2239 -342 2294 792 1441 1643 674 2181 -399 2303 988 1198 1634 0 27680432
431 2253 -400 2331 829 1479 1681 739 2194 -345 2341 1025 1161 1559 0 27796924
434 2233 -312 2294 792 1441 1605 651 2180 -407 2303 988 1236 1634 0 27910980
468 2267 -425 2369 867 1479 1681 718 2209 -357 2341 988 1161 1596 0 27957156
472 2296 -327 2369 792 1441 1624 747 2217 -425 2378 1063 1198 1634 0 28048532
502 2257 -372 2331 829 1385 1662 664 2125 -365 2228 988 1161 1596 0 28162632
390 2196 -324 2237 792 1460 1624 705 2165 -307 2266 950 1095 1559 0 28279148
418 2203 -353 2237 792 1423 1662 752 2166 -364 2303 1025 1095 1596 0 28394300
495 2240 -342 2312 829 1385 1624 771 2195 -359 2341 1025 1095 1596 0 28510836
461 2264 -353 2350 829 1460 1624 695 2139 -410 2266 1025 1161 1634 0 28629680
450 2227 -323 2275 792 1404 1624 737 2201 -379 2341 1011 1142 1615 0 28747372
433 2233 -298 2294 792 1441 1587 740 2201 -348 2341 1011 1142 1577 0 28794792
478 2267 -323 2331 792 1404 1624 736 2171 -346 2303 1011 1114 1577 0 28885104
428 2257 -407 2331 815 1479 1699 0 0 0 2378 1049 1114 1615 2 29000396
481 2215 -367 2294 853 1404 1624 735 2171 -377 2303 1011 1114 1615 0 29120196
407 2197 -340 2256 815 1460 1624 744 2142 -365 2284 1049 1114 1577 0 29239080
427 2193 -331 2275 853 1460 1587 704 2143 -409 2284 1049 1179 1615 0 29353256
432 2231 -316 2275 778 1423 1624 728 2142 -371 2284 1049 1142 1577 0 29468556
434 2241 -375 2312 815 1460 1662 782 2201 -355 2359 1049 1114 1577 0 29583912
400 2182 -339 2237 815 1460 1624 0 0 0 2247 1086 1114 1540 2 29631296
416 2225 -451 2312 870 1498 1718 764 2158 -386 2322 1086 1142 1577 0 29722520
366 2202 -327 2275 815 1516 1605 656 2142 -385 2266 1011 1217 1596 0 29837808
408 2200 -378 2275 853 1479 1643 712 2158 -423 2303 1049 1179 1634 0 29956752
429 2216 -354 2275 815 1441 1643 698 2125 -367 2266 1049 1179 1559 0 30075712
509 2240 -286 2312 815 1366 1568 698 2171 -375 2303 1011 1179 1596 0 30195900
411 2196 -394 2237 815 1441 1699 696 2202 -381 2341 1011 1217 1596 0 30314808
517 2235 -382 2312 853 1362 1662 743 2164 -385 2303 1030 1114 1615 0 30432528
456 2249 -346 2294 778 1399 1662 749 2194 -356 2341 1030 1142 1577 0 30547876
497 2234 -331 2294 815 1362 1624 772 2169 -400 2303 1030 1077 1652 0 30663188
527 2249 -381 2331 853 1362 1662 785 2181 -342 2341 1067 1114 1540 0 30777328
467 2238 -394 2294 815 1399 1699 818 2201 -374 2378 1105 1114 1577 0 30823536
850 2808 -13 2294 853 1399 1643 742 2187 -378 2341 1067 1179 1577 0 30915016
443 2198 -326 2294 870 1460 1568 758 2094 -379 2228 1067 1058 1596 0 31030248
429 2182 -289 2237 815 1423 1568 753 2122 -385 2266 1067 1095 1596 0 31146780
440 2216 -292 2275 797 1423 1568 716 2195 -387 2341 1030 1198 1596 0 31264420
464 2188 -322 2275 872 1423 1568 697 2160 -391 2303 1030 1198 1596 0 31377328
486 2219 -425 2312 889 1423 1681 698 2136 -383 2266 1030 1161 1596 0 31493828
425 2211 -437 2312 889 1498 1681 697 2160 -391 2303 1030 1198 1596 0 31541264
466 2224 -416 2312 872 1441 1681 679 2132 -362 2266 1030 1198 1559 0 31631512
462 2215 -390 2275 834 1404 1681 717 2164 -380 2303 1030 1161 1596 0 31745584
524 2248 -394 2350 889 1404 1643 771 2150 -382 2303 1067 1095 1596 0 31860956
466 2224 -416 2312 872 1441 1681 737 2122 -391 2266 1067 1123 1596 0 31976244
521 2252 -353 2350 872 1404 1605 721 2136 -375 2266 1030 1123 1596 0 32091612
556 2254 -312 2350 872 1358 1568 760 2183 -368 2341 1049 1142 1577 0 32210412
429 2181 -360 2233 834 1423 1643 699 2145 -413 2266 1011 1142 1652 0 32257852
401 2171 -304 2195 792 1423 1605 738 2170 -316 2303 1011 1114 1540 0 32348208
417 2195 -307 2233 792 1423 1605 742 2224 -343 2378 1049 1217 1540 0 32462320
455 2190 -384 2233 829 1385 1681 638 2113 -371 2228 1011 1217 1577 0 32577632
465 2267 -316 2308 754 1385 1643 737 2239 -395 2397 1049 1236 1596 0 32692984
525 2255 -322 2331 829 1358 1605 698 2113 -362 2247 1049 1161 1559 0 32808296
450 2187 -409 2256 867 1423 1681 633 2079 -410 2209 1049 1236 1596 0 32928392
472 2242 -337 2294 792 1385 1643 0 0 0 2322 1011 1161 1596 2 33047296
385 2182 -315 2181 754 1423 1643 715 2142 -390 2284 1049 1161 1596 0 33165864
504 2256 -357 2331 829 1385 1643 713 2172 -393 2322 1049 1198 1596 0 33213244
431 2253 -400 2331 829 1479 1681 745 2201 -403 2341 1011 1123 1652 0 33303552
412 2217 -370 2256 792 1441 1681 830 2263 -369 2416 1011 1058 1652 0 33417692
0 0 0 2331 815 1441 1605 750 2157 -334 2303 1049 1123 1540 1 33532940
451 2215 -371 2294 853 1441 1643 722 2158 -433 2303 1049 1161 1652 0 33647996
437 2233 -385 2294 815 1441 1681 741 2216 -437 2378 1049 1198 1652 0 33764380
426 2236 -388 2331 853 1498 1643 704 2152 -394 2284 1025 1161 1615 0 33882060
489 2247 -349 2312 815 1385 1643 726 2181 -360 2322 1025 1161 1577 0 33929432
474 2218 -385 2275 829 1385 1681 711 2166 -370 2284 988 1123 1615 0 34019764
435 2227 -340 2275 792 1423 1643 763 2179 -346 2322 1025 1095 1577 0 34135012
454 2253 -341 2312 792 1423 1643 763 2210 -378 2359 1025 1123 1615 0 34250288
420 2194 -275 2237 792 1423 1568 756 2172 -394 2322 1049 1123 1615 0 34364388
477 2254 -330 2331 829 1423 1605 696 2158 -416 2284 1011 1161 1652 0 34482144
463 2234 -393 2331 870 1460 1643 687 2103 -384 2209 1011 1123 1615 0 34598708
463 2267 -303 2331 778 1423 1605 739 2142 -367 2284 1049 1123 1577 0 34644960
488 2242 -345 2331 853 1423 1605 734 2172 -402 2322 1049 1161 1615 0 34736484
474 2258 -288 2331 815 1423 1568 720 2115 -399 2247 1049 1123 1615 0 34850608
469 2245 -298 2294 778 1385 1605 737 2166 -370 2303 1025 1123 1596 0 34965948
446 2211 -323 2275 815 1423 1605 669 2162 -427 2303 1025 1236 1634 0 35081260
465 2226 -306 2275 792 1385 1605 694 2210 -396 2341 988 1198 1634 0 35195368
427 2248 -346 2312 792 1460 1643 739 2208 -349 2341 988 1123 1596 0 35242768
467 2238 -296 2312 829 1423 1568 739 2208 -349 2341 988 1123 1596 0 35334220
449 2207 -340 2275 829 1423 1605 734 2196 -374 2341 1025 1161 1596 0 35451840
483 2253 -306 2312 792 1385 1605 715 2202 -402 2341 1011 1179 1634 0 35567072
431 2185 -322 2275 867 1460 1568 735 2188 -393 2341 1049 1179 1596 0 35684820
453 2216 -360 2312 870 1460 1605 696 2172 -405 2303 1011 1179 1634 0 35802468
403 2232 -330 2312 815 1498 1605 698 2171 -375 2303 1011 1179 1596 0 35919004
403 2241 -422 2312 815 1498 1718 732 2188 -420 2341 1049 1179 1634 0 36037844
475 2246 -352 2312 815 1404 1643 665 2134 -388 2266 1030 1217 1577 0 36159092
452 2215 -409 2294 853 1441 1681 742 2122 -404 2266 1067 1114 1615 0 36274496
408 2217 -298 2256 773 1441 1605 730 2117 -353 2266 1067 1142 1540 0 36390916
391 2196 -327 2219 773 1441 1643 744 2103 -400 2266 1105 1142 1577 0 36509888
465 2234 -349 2294 811 1404 1643 727 2165 -391 2303 1030 1142 1615 0 36557272
450 2234 -366 2294 811 1423 1662 730 2117 -353 2266 1067 1142 1540 0 36647540
410 2246 -348 2294 773 1460 1662 708 2163 -349 2303 1025 1179 1554 0 36761708
475 2261 -311 2312 773 1385 1624 679 2137 -278 2228 950 1114 1516 0 36877004
431 2178 -318 2200 792 1385 1624 726 2137 -337 2266 1025 1114 1554 0 36992280
435 2229 -355 2275 792 1423 1662 0 0 0 2341 1025 1179 1554 2 37108700
435 2227 -340 2275 792 1423 1643 687 2137 -350 2266 1025 1179 1554 0 37226088
427 2248 -346 2312 792 1460 1643 751 2191 -338 2341 1025 1142 1554 0 37274604
489 2200 -377 2275 867 1385 1643 723 2150 -409 2303 1067 1179 1596 0 37363740
457 2248 -311 2312 792 1423 1605 758 2150 -416 2303 1067 1114 1634 0 37477856
457 2269 -391 2350 829 1460 1681 741 2122 -418 2266 1067 1114 1634 0 37594324
457 2297 -350 2350 754 1423 1681 691 2109 -409 2228 1030 1142 1634 0 37708480
427 2264 -404 2350 829 1498 1681 720 2151 -432 2303 1067 1179 1634 0 37826196
511 2272 -386 2350 829 1385 1681 694 2129 -425 2266 1049 1179 1634 0 37942744
452 2222 -426 2312 884 1460 1681 778 2188 -319 2341 1049 1114 1521 0 37991336
438 2237 -398 2312 829 1460 1681 719 2171 -367 2303 1011 1142 1596 0 38078096
498 2257 -409 2350 867 1423 1681 679 2143 -378 2266 1011 1179 1596 0 38194628
463 2229 -336 2275 792 1385 1643 703 2185 -351 2303 974 1142 1596 0 38311136
494 2242 -357 2312 829 1385 1643 684 2116 -438 2247 1049 1179 1652 0 38432364
480 2225 -415 2312 867 1423 1681 704 2143 -409 2284 1049 1179 1615 0 38550060
443 2218 -353 2275 815 1423 1643 655 2144 -376 2247 974 1179 1615 0 38668944
428 2200 -409 2275 853 1460 1681 726 2178 -340 2322 1049 1179 1540 0 38784280
429 2216 -354 2275 815 1441 1643 718 2129 -455 2284 1086 1179 1652 0 38898320
447 2195 -378 2275 870 1441 1643 692 2130 -386 2247 1011 1142 1615 0 38945760
449 2241 -357 2312 815 1441 1643 699 2077 -387 2228 1105 1179 1554 0 39034876
459 2231 -377 2312 853 1441 1643 709 2164 -356 2303 1030 1179 1554 0 39150232
446 2201 -443 2275 872 1441 1718 746 2163 -336 2303 1030 1114 1554 0 39265560
526 2222 -381 2312 872 1366 1643 713 2148 -292 2266 992 1114 1516 0 39382032
511 2223 -382 2312 872 1385 1643 761 2150 -382 2303 1067 1114 1591 0 39498520
496 2240 -360 2312 834 1385 1643 753 2187 -411 2341 1049 1142 1634 0 39614960
518 2265 -361 2350 834 1385 1643 712 2111 -414 2266 1086 1179 1596 0 39662396
406 2228 -373 2275 792 1460 1681 678 2144 -407 2266 1011 1179 1634 0 39751496
389 2203 -370 2237 792 1460 1681 694 2129 -425 2266 1049 1179 1634 0 39867968
527 2229 -374 2312 867 1358 1643 696 2172 -405 2303 1011 1179 1634 0 39986832
491 2196 -303 2275 867 1385 1568 737 2143 -397 2284 1049 1123 1615 0 40101032
449 2233 -311 2294 792 1423 1605 673 2114 -415 2247 1049 1198 1615 0 40216320
473 2257 -313 2331 815 1423 1605 0 0 0 2284 974 1095 1615 2 40331620
435 2215 -417 2294 853 1460 1681 729 2129 -450 2284 1086 1161 1652 0 40378700
466 2215 -383 2294 853 1423 1643 687 2146 -394 2247 974 1123 1652 0 40467780
509 2274 -414 2369 870 1423 1681 715 2187 -414 2322 1011 1161 1652 0 40584284
469 2245 -298 2294 778 1385 1605 729 2187 -399 2341 1067 1198 1596 0 40698332
444 2230 -407 2312 853 1460 1681 706 2181 -444 2341 1067 1236 1634 0 40813728
870 2854 0 2312 867 1423 1681 749 2216 -427 2378 1067 1198 1634 0 40927976
476 2215 -356 2275 829 1385 1643 729 2187 -399 2341 1067 1198 1596 0 41047948
471 2254 -421 2350 867 1460 1681 693 2195 -394 2341 1030 1236 1596 0 41096508
476 2296 -317 2350 754 1399 1643 734 2195 -407 2341 1030 1161 1634 0 41184492
506 2267 -360 2350 829 1399 1643 696 2172 -405 2303 1011 1179 1634 0 41299752
412 2245 -350 2275 754 1437 1681 717 2144 -394 2266 1011 1114 1634 0 41415064
443 2252 -343 2312 792 1437 1643 679 2143 -378 2266 1011 1179 1596 0 41531592
500 2271 -311 2312 754 1334 1643 741 2151 -359 2303 1049 1142 1559 0 41650484
435 2227 -340 2275 792 1423 1643 670 2129 -433 2266 1049 1217 1634 0 41765868
500 2283 -336 2350 792 1385 1643 729 2183 -444 2322 1025 1142 1690 0 41884824
438 2199 -359 2256 829 1423 1643 717 2151 -360 2284 1025 1142 1577 0 42003760
412 2193 -363 2256 829 1460 1643 752 2180 -350 2322 1025 1114 1577 0 42122720
445 2240 -341 2294 792 1423 1643 715 2152 -390 2284 1025 1142 1615 0 42168988
400 2241 -389 2294 792 1479 1699 750 2210 -412 2359 1025 1142 1652 0 42260452
465 2187 -393 2256 867 1404 1662 741 2200 -388 2322 988 1114 1652 0 42377016
445 2222 -381 2294 829 1441 1662 768 2187 -418 2341 1049 1114 1652 0 42493488
0 0 0 2275 792 1441 1662 718 2172 -383 2303 1011 1142 1615 1 42608796
432 2216 -405 2275 829 1441 1699 716 2130 -430 2266 1049 1142 1652 0 42723736
498 2237 -319 2312 829 1385 1587 695 2173 -419 2303 1011 1179 1652 0 42840220
495 2240 -342 2312 829 1385 1624 697 2172 -390 2303 1011 1179 1615 0 42957872
451 2207 -347 2275 829 1423 1624 716 2172 -411 2303 1011 1142 1652 0 43006448
459 2223 -304 2294 829 1423 1587 706 2186 -389 2322 1011 1179 1615 0 43096712
473 2257 -342 2331 815 1423 1624 704 2187 -418 2322 1011 1179 1652 0 43215672
492 2221 -385 2294 853 1385 1662 745 2203 -411 2359 1049 1179 1615 0 43329756
496 2217 -422 2294 870 1385 1699 728 2186 -381 2322 1011 1142 1615 0 43443880
433 2207 -366 2256 815 1423 1662 726 2157 -378 2284 1011 1114 1615 0 43560316
471 2210 -409 2294 870 1423 1662 745 2172 -398 2322 1049 1142 1615 0 43675632
468 2263 -398 2331 815 1423 1699 706 2186 -389 2322 1011 1179 1615 0 43721864
500 2260 -400 2331 829 1385 1699 726 2143 -401 2284 1049 1142 1615 0 43814548
430 2241 -357 2294 792 1441 1662 742 2173 -427 2322 1049 1142 1652 0 43933408
460 2256 -408 2331 829 1441 1699 726 2143 -401 2284 1049 1142 1615 0 44052264
504 2241 -402 2331 867 1404 1662 714 2201 -348 2341 1025 1198 1559 0 44170020
412 2218 -383 2256 792 1441 1699 739 2194 -345 2341 1025 1161 1559 0 44284144
389 2206 -399 2256 815 1479 1699 773 2182 -382 2341 1063 1123 1596 0 44401824
455 2227 -278 2294 815 1423 1568 734 2146 -399 2303 1063 1161 1596 0 44519560
464 2201 -286 2256 815 1385 1568 758 2195 -334 2341 1025 1123 1559 0 44633588
409 2197 -356 2256 815 1460 1643 738 2142 -382 2284 1049 1123 1596 0 44752488
452 2231 -353 2294 815 1423 1643 736 2143 -411 2284 1049 1123 1634 0 44872496
479 2252 -254 2331 815 1423 1530 738 2142 -382 2284 1049 1123 1596 0 44988984
453 2216 -343 2294 853 1437 1605 733 2173 -417 2322 1049 1161 1634 0 45109044
462 2257 -361 2331 815 1437 1643 714 2143 -420 2284 1049 1161 1634 0 45227984
482 2290 -355 2369 815 1437 1643 738 2177 -319 2322 1049 1161 1521 0 45275380
529 2248 -366 2331 853 1362 1643 737 2143 -397 2284 1049 1123 1615 0 45363272
514 2262 -346 2331 815 1362 1643 738 2169 -374 2322 1049 1161 1577 0 45479676
515 2305 -354 2369 778 1362 1681 695 2136 -417 2284 1049 1198 1615 0 45594908
515 2195 -370 2294 908 1385 1605 674 2158 -424 2284 1011 1198 1652 0 45709012
473 2256 -356 2331 815 1423 1643 757 2214 -372 2359 1011 1123 1615 0 45826632
462 2207 -348 2256 815 1385 1643 813 2185 -354 2359 1086 1095 1559 0 45944312
443 2257 -359 2331 815 1460 1643 755 2185 -356 2322 1011 1095 1596 0 46062052
462 2223 -432 2294 853 1423 1718 776 2235 -372 2397 1049 1161 1596 0 46108308
422 2180 -404 2256 870 1460 1662 759 2172 -348 2322 1049 1123 1559 0 46199884
463 2290 -374 2369 815 1460 1662 757 2172 -378 2322 1049 1123 1596 0 46316480
515 2246 -359 2331 853 1385 1624 716 2187 -400 2322 1011 1161 1634 0 46431772
463 2206 -333 2256 815 1385 1624 754 2146 -353 2303 1086 1142 1540 0 46549444
447 2224 -366 2312 853 1460 1624 733 2158 -428 2303 1049 1142 1652 0 46665888
458 2200 -375 2275 853 1423 1643 741 2237 -312 2378 1011 1179 1540 0 46781232
442 2221 -382 2275 815 1423 1681 770 2187 -389 2341 1049 1114 1615 0 46898920
489 2247 -349 2312 815 1385 1643 738 2170 -316 2303 1011 1114 1540 0 46946328
425 2192 -350 2237 815 1423 1643 760 2183 -368 2341 1049 1142 1577 0 47036724
452 2198 -377 2237 815 1385 1681 727 2121 -366 2266 1067 1142 1559 0 47150928
441 2229 -302 2312 829 1460 1568 665 2134 -362 2266 1030 1217 1559 0 47267456
427 2248 -346 2312 792 1460 1643 742 2181 -389 2341 1067 1179 1596 0 47381516
455 2214 -253 2237 754 1358 1568 722 2154 -368 2303 1067 1179 1559 0 47496848
441 2229 -302 2312 829 1460 1568 767 2181 -354 2341 1067 1142 1559 0 47544296
487 2269 -358 2350 829 1423 1643 783 2200 -411 2378 1105 1179 1596 0 47632216
408 2218 -322 2275 792 1460 1605 753 2151 -421 2303 1067 1123 1638 0 47748680
494 2242 -357 2312 829 1385 1643 660 2150 -377 2266 992 1198 1601 0 47864000
445 2219 -417 2275 829 1423 1718 773 2207 -425 2378 1067 1161 1638 0 47980432
379 2218 -349 2237 754 1460 1681 755 2150 -392 2303 1067 1123 1601 0 48096936
397 2235 -289 2275 754 1460 1605 763 2243 -485 2416 1067 1198 1713 0 48213472
454 2253 -341 2312 792 1423 1643 735 2167 -399 2303 1025 1123 1634 0 48332312
482 2231 -318 2294 815 1385 1605 755 2195 -365 2341 1025 1123 1596 0 48380904
481 2232 -334 2294 815 1385 1624 718 2231 -354 2378 1025 1236 1559 0 48470028
484 2247 -359 2331 853 1423 1624 773 2182 -382 2341 1063 1123 1596 0 48585368
483 2271 -368 2369 853 1460 1624 755 2195 -365 2341 1025 1123 1596 0 48700700
504 2279 -390 2369 853 1423 1662 604 2166 -334 2284 974 1292 1540 0 48820756
475 2229 -392 2312 853 1423 1662 700 2172 -410 2322 1049 1217 1615 0 48939608
0 0 0 2312 815 1423 1681 730 2186 -350 2322 1011 1142 1577 1 49056100
443 2218 -353 2275 815 1423 1643 730 2186 -350 2322 1011 1142 1577 0 49172328
473 2196 -345 2237 815 1358 1643 754 2207 -301 2359 1049 1179 1502 0 49288824
469 2224 -378 2275 815 1385 1681 736 2181 -356 2322 1025 1142 1577 0 49407684
469 2261 -384 2331 815 1423 1681 717 2178 -367 2322 1025 1179 1577 0 49526584
849 2886 82 2331 853 1460 1643 719 2164 -308 2284 988 1114 1540 0 49575228
508 2265 -343 2369 870 1441 1587 756 2211 -351 2359 1025 1142 1577 0 49666640
507 2286 -369 2369 815 1404 1662 698 2124 -392 2247 1025 1142 1615 0 49783128
453 2248 -346 2294 778 1404 1662 719 2224 -342 2359 988 1179 1577 0 49898468
535 2241 -368 2331 870 1366 1624 651 2101 -446 2228 1049 1217 1652 0 50016192
420 2233 -313 2312 815 1479 1587 0 0 0 2303 1011 1217 1615 2 50131428
409 2172 -377 2200 815 1423 1681 721 2197 -359 2341 1011 1179 1577 0 50250080
442 2221 -382 2275 815 1423 1681 779 2219 -365 2378 1049 1142 1577 0 50367680
464 2241 -323 2312 815 1423 1605 773 2187 -358 2341 1049 1114 1577 0 50483004
452 2219 -391 2312 870 1460 1643 702 2099 -344 2228 1049 1142 1540 0 50529220
458 2200 -375 2275 853 1423 1643 748 2237 -379 2378 992 1137 1634 0 50619536
504 2248 -346 2312 815 1362 1643 779 2180 -411 2341 1067 1110 1634 0 50734844
474 2236 -327 2275 778 1362 1643 746 2164 -369 2303 1030 1110 1596 0 50851336
476 2200 -352 2275 853 1399 1605 789 2209 -383 2378 1067 1137 1596 0 50969020
483 2242 -250 2312 815 1399 1530 770 2181 -357 2341 1067 1137 1559 0 51081896
512 2239 -286 2312 815 1362 1568 772 2182 -349 2341 1049 1123 1559 0 51197264
452 2274 -310 2312 740 1399 1643 703 2157 -403 2303 1049 1198 1596 0 51242308
441 2205 -405 2275 853 1441 1681 747 2157 -380 2303 1049 1123 1596 0 51336196
423 2170 -343 2237 853 1441 1605 672 2136 -355 2266 1011 1198 1559 0 51452736
511 2208 -374 2312 908 1404 1605 763 2157 -374 2303 1049 1095 1596 0 51569280
0 0 0 2237 908 1479 1605 730 2178 -321 2303 988 1110 1559 1 51685744
385 2178 -297 2200 778 1441 1605 729 2166 -373 2303 1025 1137 1596 0 51805516
486 2256 -348 2350 853 1441 1605 809 2228 -373 2378 1025 1072 1634 0 51920916
483 2223 -361 2275 815 1366 1662 804 2223 -317 2378 1025 1072 1559 0 52039836
442 2200 -352 2275 853 1441 1624 711 2138 -376 2266 1025 1137 1596 0 52155168
503 2247 -332 2312 815 1366 1624 681 2142 -348 2266 1011 1179 1559 0 52272860
441 2240 -400 2331 853 1479 1662 717 2153 -396 2303 1049 1179 1596 0 52320256
437 2211 -364 2294 853 1460 1624 732 2115 -433 2266 1086 1142 1634 0 52409324
501 2231 -435 2331 908 1423 1681 750 2114 -397 2266 1086 1114 1596 0 52525884
421 2223 -361 2256 778 1423 1681 719 2128 -357 2266 1049 1142 1559 0 52639940
0 0 0 2294 815 1423 1605 716 2094 -397 2247 1086 1161 1577 1 52757636
434 2220 -436 2294 853 1460 1718 719 2186 -354 2322 1011 1161 1577 0 52874984
452 2231 -353 2294 815 1423 1643 740 2142 -336 2284 1049 1123 1540 0 52992660
497 2214 -357 2294 853 1385 1624 775 2171 -325 2322 1049 1095 1540 0 53109216
452 2233 -368 2294 815 1423 1662 697 2115 -407 2247 1049 1161 1615 0 53156672
511 2248 -385 2331 853 1385 1662 668 2142 -313 2247 974 1161 1540 0 53246948
484 2247 -359 2331 853 1423 1624 736 2157 -385 2303 1049 1142 1596 0 53362148
462 2231 -351 2275 792 1385 1662 695 2128 -395 2266 1049 1179 1596 0 53477404
400 2185 -375 2237 829 1460 1662 736 2157 -385 2303 1049 1142 1596 0 53591536
468 2237 -363 2312 829 1423 1643 672 2127 -412 2266 1049 1217 1596 0 53706772
407 2224 -343 2275 792 1460 1643 702 2144 -370 2266 1011 1142 1596 0 53752992
424 2254 -375 2312 792 1460 1681 736 2201 -394 2341 1011 1142 1634 0 53844448
472 2263 -306 2294 740 1358 1643 744 2122 -403 2266 1067 1110 1615 0 53965708
441 2226 -357 2294 815 1441 1643 696 2124 -373 2228 992 1110 1615 0 54083388
437 2233 -385 2294 815 1441 1681 705 2165 -427 2303 1030 1175 1652 0 54203504
452 2215 -409 2294 853 1441 1681 761 2194 -409 2341 1030 1110 1652 0 54322292
448 2206 -350 2256 815 1404 1643 806 2206 -362 2378 1067 1110 1577 0 54441120
428 2220 -384 2275 815 1441 1681 779 2201 -387 2359 1049 1114 1615 0 54555224
469 2224 -378 2275 815 1385 1681 741 2143 -423 2284 1049 1114 1652 0 54671716
464 2241 -323 2312 815 1423 1605 746 2124 -391 2284 1086 1142 1577 0 54787004
464 2242 -289 2312 815 1423 1568 728 2186 -381 2322 1011 1142 1615 0 54903460
476 2211 -288 2275 815 1385 1568 721 2173 -436 2322 1049 1179 1652 0 55021200
434 2205 -351 2256 815 1423 1643 686 2182 -401 2322 1011 1217 1615 0 55140152
499 2272 -348 2369 853 1441 1605 681 2187 -426 2322 1011 1217 1652 0 55260296
854 2864 -5 2369 853 1441 1681 705 2217 -399 2359 1011 1217 1615 0 55380328
451 2215 -371 2294 853 1441 1643 655 2144 -376 2247 974 1179 1615 0 55499104
0 0 0 2294 815 1441 1605 708 2158 -412 2284 1011 1142 1652 1 55619168
472 2190 -353 2237 829 1366 1643 712 2167 -408 2303 1025 1161 1634 0 55737712
451 2221 -389 2312 867 1460 1643 672 2139 -418 2266 1025 1198 1634 0 55858964
825 2761 -6 2312 829 1385 1605 715 2166 -378 2303 1025 1161 1596 0 55976612
448 2198 -273 2237 792 1385 1568 703 2152 -357 2266 988 1123 1596 0 56095392
418 2213 -394 2275 829 1460 1681 717 2139 -402 2266 1025 1123 1634 0 56215460
427 2248 -346 2312 792 1460 1643 772 2180 -417 2341 1067 1123 1638 0 56336696
440 2232 -335 2312 829 1460 1605 710 2167 -468 2303 1030 1161 1713 0 56455640
467 2238 -296 2312 829 1423 1568 751 2151 -449 2303 1067 1123 1676 0 56575808
440 2232 -335 2312 829 1460 1605 749 2125 -470 2266 1067 1095 1713 0 56692356
435 2243 -424 2312 829 1460 1718 789 2222 -389 2378 1030 1095 1638 0 56811232
508 2275 -376 2369 853 1423 1643 794 2222 -327 2378 1030 1095 1563 0 56858604
478 2221 -402 2294 853 1404 1681 714 2143 -405 2284 1049 1161 1615 0 56948892
508 2289 -362 2369 815 1404 1643 705 2158 -440 2322 1086 1236 1615 0 57064248
442 2238 -385 2331 853 1479 1643 717 2173 -349 2322 1049 1198 1540 0 57179632
420 2210 -382 2294 853 1479 1643 683 2128 -330 2247 1011 1161 1540 0 57298452
384 2177 -322 2237 829 1479 1605 717 2186 -385 2322 1011 1161 1615 0 57414952
481 2231 -333 2275 792 1358 1643 685 2158 -420 2284 1011 1179 1652 0 57533940
423 2242 -319 2275 754 1423 1643 0 0 0 2284 1011 1179 1615 2 57652768
446 2216 -390 2275 829 1423 1681 693 2171 -368 2284 974 1142 1615 0 57767800
448 2247 -346 2275 754 1385 1681 676 2103 -387 2209 1011 1142 1615 0 57886596
480 2234 -349 2294 815 1385 1643 692 2130 -386 2247 1011 1142 1615 0 58005448
421 2206 -350 2294 853 1479 1605 704 2143 -409 2284 1049 1179 1615 0 58052860
398 2184 -360 2256 853 1479 1624 686 2192 -329 2322 1011 1217 1540 0 58141992
481 2216 -325 2294 853 1404 1587 684 2141 -357 2284 1049 1217 1540 0 58256104
462 2253 -310 2331 815 1441 1587 747 2172 -367 2322 1049 1142 1577 0 58372588
440 2227 -349 2294 815 1441 1624 709 2157 -384 2284 1011 1142 1615 0 58490212
512 2271 -372 2350 829 1385 1662 726 2143 -401 2284 1049 1142 1615 0 58606704
457 2247 -327 2312 792 1423 1624 707 2159 -426 2284 1011 1142 1671 0 58723148
418 2203 -353 2237 792 1423 1662 710 2130 -366 2247 1011 1114 1596 0 58843228
451 2207 -347 2275 829 1423 1624 739 2203 -447 2359 1049 1179 1671 0 58963308
428 2248 -362 2312 792 1460 1662 764 2155 -402 2322 1086 1142 1596 0 59080976
448 2230 -380 2331 870 1479 1624 783 2182 -430 2359 1086 1142 1634 0 59128364
438 2232 -371 2294 815 1441 1662 673 2197 -335 2322 974 1217 1559 0 59217456
378 2169 -311 2181 778 1441 1624 707 2138 -382 2284 1049 1179 1577 0 59332736
448 2208 -365 2256 815 1404 1662 744 2186 -375 2322 1011 1114 1615 0 59448060
479 2220 -387 2294 853 1404 1662 721 2173 -436 2322 1049 1179 1652 0 59563308
820 2797 5 2294 815 1404 1624 799 2200 -378 2359 1049 1077 1615 0 59677464
399 2211 -362 2275 815 1479 1643 706 2186 -389 2322 1011 1179 1615 0 59798600
427 2212 -358 2237 778 1404 1681 746 2172 -383 2322 1049 1142 1596 0 59916264
449 2241 -357 2312 815 1441 1643 715 2199 -319 2322 974 1142 1559 0 59963676
483 2258 -380 2350 853 1441 1643 730 2173 -327 2322 1049 1179 1521 0 60055136
420 2252 -422 2350 853 1516 1681 727 2142 -386 2284 1049 1142 1596 0 60172788
392 2177 -418 2237 853 1479 1699 695 2171 -353 2284 974 1142 1596 0 60288084
489 2306 -371 2388 815 1441 1662 637 2112 -428 2247 1049 1254 1615 0 60405708
485 2256 -424 2350 870 1441 1699 668 2153 -371 2284 1011 1217 1577 0 60522128
474 2247 -367 2312 815 1404 1662 714 2199 -334 2322 974 1142 1577 0 60635024
423 2255 -389 2312 792 1460 1699 661 2115 -355 2247 1049 1217 1540 0 60753868
486 2269 -298 2312 754 1358 1624 663 2112 -393 2247 1049 1217 1577 0 60872684
514 2245 -421 2331 867 1385 1699 759 2189 -459 2359 1086 1179 1652 0 60991592
436 2263 -321 2331 792 1460 1624 0 0 0 2247 1011 1179 1652 2 61109228
438 2201 -374 2256 829 1423 1662 726 2167 -411 2322 1049 1179 1615 0 61156324
444 2233 -338 2331 853 1479 1587 764 2202 -393 2359 1049 1142 1615 0 61247768
522 2251 -410 2331 853 1366 1699 764 2230 -430 2397 1049 1179 1652 0 61363120
392 2200 -373 2219 778 1441 1699 726 2167 -411 2322 1049 1179 1615 0 61479592
496 2224 -399 2312 870 1404 1662 698 2157 -388 2284 1011 1161 1615 0 61598468
412 2188 -336 2237 815 1441 1624 762 2191 -394 2322 1011 1095 1652 0 61717300
442 2239 -373 2275 778 1404 1699 813 2182 -371 2359 1086 1095 1577 0 61831484
494 2276 -367 2350 815 1404 1662 713 2172 -421 2322 1049 1198 1615 0 61945608
451 2179 -384 2237 853 1404 1662 737 2143 -397 2284 1049 1123 1615 0 61993000
407 2226 -342 2294 815 1479 1624 720 2157 -380 2284 1011 1123 1615 0 62084504
484 2261 -367 2331 815 1404 1662 692 2152 -360 2266 988 1142 1596 0 62202188
445 2195 -415 2256 853 1423 1699 718 2152 -430 2303 1063 1179 1634 0 62319760
484 2247 -359 2331 853 1423 1624 708 2152 -355 2266 988 1114 1596 0 62438556
455 2226 -340 2294 815 1423 1624 709 2180 -357 2303 988 1142 1596 0 62558648
492 2221 -385 2294 853 1385 1662 713 2204 -334 2341 988 1179 1559 0 62678636
467 2215 -392 2294 853 1423 1662 682 2151 -433 2284 1030 1198 1652 0 62795068
469 2247 -393 2331 853 1441 1662 956 2477 -258 2284 1030 1095 1615 0 62911496
466 2233 -351 2294 815 1404 1643 745 2136 -405 2284 1067 1123 1615 0 63027912
448 2267 -338 2331 778 1441 1643 664 2123 -434 2247 1030 1198 1652 0 63145608
470 2204 -372 2275 853 1404 1643 764 2165 -401 2322 1067 1123 1615 0 63259784
431 2224 -384 2312 853 1479 1643 723 2180 -422 2322 1030 1161 1652 0 63307224
427 2248 -303 2312 792 1460 1605 710 2180 -353 2303 988 1142 1591 0 63397568
461 2233 -366 2275 792 1385 1681 709 2137 -343 2266 1025 1142 1554 0 63511648
437 2224 -309 2275 792 1423 1605 746 2165 -301 2303 1025 1114 1516 0 63628112
446 2216 -390 2275 829 1423 1681 651 2145 -343 2266 988 1217 1554 0 63742264
451 2256 -371 2312 792 1423 1681 688 2180 -361 2303 988 1179 1591 0 63857560
434 2231 -369 2275 792 1423 1681 688 2180 -361 2303 988 1179 1591 0 63904884
385 2258 -283 2312 754 1498 1605 696 2164 -353 2303 1030 1198 1559 0 63995144
447 2201 -305 2237 792 1385 1605 793 2167 -409 2341 1105 1123 1596 0 64108000
386 2250 -269 2275 717 1460 1605 668 2119 -387 2266 1067 1236 1559 0 64223364
404 2237 -400 2312 829 1498 1681 698 2136 -383 2266 1030 1161 1596 0 64339812
487 2267 -394 2350 829 1423 1681 729 2107 -446 2266 1105 1161 1634 0 64455100
498 2271 -354 2350 815 1404 1643 717 2172 -397 2303 1011 1142 1634 0 64573936
454 2310 -308 2388 778 1479 1605 681 2142 -348 2266 1011 1179 1559 0 64621380
478 2290 -361 2350 778 1404 1681 736 2157 -385 2303 1049 1142 1596 0 64711656
405 2257 -369 2312 778 1479 1681 760 2188 -359 2341 1049 1142 1559 0 64825748
457 2282 -337 2350 778 1441 1643 691 2086 -442 2228 1086 1179 1634 0 64939972
490 2229 -374 2312 853 1404 1643 671 2116 -457 2247 1049 1198 1671 0 65056400
437 2225 -343 2275 797 1423 1643 714 2143 -420 2284 1049 1161 1634 0 65171668
481 2224 -417 2312 872 1423 1681 713 2172 -393 2322 1049 1198 1596 0 65290536
461 2198 -414 2275 872 1423 1681 649 2112 -411 2247 1049 1236 1596 0 65335604
492 2194 -357 2275 872 1385 1605 705 2129 -368 2247 1011 1123 1596 0 65427124
461 2184 -327 2237 834 1385 1605 720 2158 -395 2284 1011 1123 1634 0 65543640
449 2210 -363 2275 834 1423 1643 722 2202 -320 2341 1011 1179 1540 0 65662588
0 0 0 2275 853 1423 1643 770 2143 -379 2303 1086 1114 1577 1 65776824
433 2241 -356 2312 815 1460 1643 699 2123 -384 2266 1049 1179 1577 0 65890684
427 2195 -346 2275 853 1460 1605 720 2128 -342 2266 1049 1142 1540 0 66008364
446 2211 -323 2275 815 1423 1605 689 2156 -309 2266 974 1142 1540 0 66128496
451 2215 -371 2294 853 1441 1643 746 2113 -370 2266 1086 1123 1559 0 66244940
449 2222 -434 2294 853 1441 1718 723 2185 -427 2341 1049 1198 1634 0 66292248
438 2187 -414 2294 908 1479 1643 728 2172 -393 2303 1011 1123 1634 0 66381452
488 2256 -338 2331 815 1404 1624 686 2171 -380 2303 1011 1198 1596 0 66498016
449 2220 -420 2294 853 1441 1699 761 2170 -436 2341 1086 1161 1634 0 66613356
465 2189 -422 2256 870 1404 1699 715 2187 -414 2322 1011 1161 1652 0 66726272
441 2223 -396 2275 815 1423 1699 722 2156 -350 2284 1011 1123 1577 0 66845212
493 2194 -365 2275 870 1385 1624 739 2142 -367 2284 1049 1123 1577 0 66962844
450 2225 -432 2312 870 1460 1699 739 2186 -377 2322 1011 1123 1615 0 67010248
509 2201 -375 2275 870 1358 1643 750 2190 -426 2359 1086 1198 1615 0 67099328
494 2263 -375 2350 853 1423 1643 753 2172 -422 2322 1049 1123 1652 0 67214664
428 2200 -409 2275 853 1460 1681 747 2194 -372 2341 1030 1142 1596 0 67328744
454 2253 -341 2312 792 1423 1643 710 2136 -379 2266 1030 1142 1596 0 67444084
431 2177 -306 2237 829 1423 1568 781 2162 -440 2341 1105 1142 1634 0 67561772
421 2207 -381 2275 829 1460 1662 708 2137 -408 2266 1030 1142 1634 0 67680744
472 2283 -357 2350 792 1423 1662 706 2116 -407 2266 1067 1179 1596 0 67798432
467 2238 -314 2312 829 1423 1587 772 2226 -343 2378 1030 1142 1559 0 67845836
493 2194 -365 2275 870 1385 1624 749 2215 -345 2359 1011 1142 1577 0 67934920
467 2215 -392 2294 853 1423 1662 783 2193 -376 2359 1086 1142 1577 0 68051432
424 2227 -365 2294 815 1460 1643 689 2156 -361 2284 1011 1179 1577 0 68170292
522 2285 -350 2369 815 1385 1643 708 2158 -412 2284 1011 1142 1652 0 68284392
493 2219 -370 2294 853 1385 1643 728 2186 -381 2322 1011 1142 1615 0 68400932
498 2235 -346 2294 815 1358 1643 738 2166 -391 2322 1049 1161 1596 0 68515028
424 2227 -365 2294 815 1460 1643 713 2168 -430 2322 1049 1198 1634 0 68633872
491 2222 -399 2294 853 1385 1681 756 2142 -346 2284 1049 1095 1559 0 68680068
392 2229 -392 2331 853 1535 1643 830 2186 -342 2359 1086 1058 1559 0 68771524
482 2277 -359 2331 778 1385 1681 738 2172 -359 2322 1049 1161 1559 0 68886848
490 2241 -419 2331 870 1423 1681 751 2144 -432 2284 1049 1095 1671 0 69000924
402 2233 -356 2294 792 1479 1643 698 2136 -383 2266 1030 1161 1596 0 69116200
436 2207 -364 2275 829 1441 1643 725 2136 -446 2303 1105 1198 1634 0 69230332
0 0 0 2275 829 1441 1681 940 2553 -173 2303 992 1161 1596 1 69277700
483 2237 -333 2312 829 1404 1605 773 2149 -352 2303 1067 1095 1559 0 69372392
452 2238 -332 2312 829 1441 1605 755 2164 -366 2303 1030 1095 1596 0 69487640
500 2283 -336 2350 792 1385 1643 715 2165 -410 2303 1030 1161 1634 0 69602960
452 2241 -285 2275 754 1385 1605 686 2114 -327 2228 1011 1142 1540 0 69718232
459 2186 -324 2237 829 1385 1605 721 2197 -359 2341 1011 1179 1577 0 69834760
430 2186 -358 2237 829 1423 1643 777 2175 -350 2341 1086 1142 1540 0 69951248
422 2246 -349 2275 754 1423 1681 778 2183 -330 2341 1049 1114 1540 0 70067760
468 2237 -363 2312 829 1423 1643 741 2154 -341 2303 1049 1142 1540 0 70185464
427 2195 -346 2275 853 1460 1605 741 2154 -341 2303 1049 1142 1540 0 70230512
500 2235 -400 2312 853 1385 1681 729 2164 -361 2303 1030 1142 1577 0 70324380
433 2241 -356 2312 815 1460 1643 637 2136 -446 2266 1030 1254 1652 0 70439628
414 2221 -386 2312 853 1498 1643 720 2104 -438 2266 1105 1179 1615 0 70554952
428 2200 -409 2275 853 1460 1681 670 2107 -372 2228 1030 1179 1577 0 70674916
505 2277 -307 2350 792 1385 1605 719 2151 -445 2303 1067 1179 1652 0 70793868
422 2246 -349 2275 754 1423 1681 747 2222 -393 2378 1030 1179 1615 0 70912728
430 2222 -397 2294 829 1460 1681 725 2122 -410 2266 1067 1142 1615 0 71028004
481 2298 -371 2369 792 1423 1681 685 2137 -429 2266 1030 1179 1652 0 71142108
462 2236 -391 2331 867 1460 1643 0 0 0 2303 1067 1142 1652 2 71191868
430 2242 -372 2294 792 1441 1681 685 2137 -429 2266 1030 1179 1652 0 71279460
471 2227 -359 2294 829 1404 1643 688 2135 -371 2266 1030 1179 1577 0 71393648
435 2283 -352 2331 754 1441 1681 751 2239 -311 2378 988 1142 1554 0 71511348
410 2241 -320 2275 754 1441 1643 654 2167 -346 2266 950 1179 1591 0 71630152
493 2256 -335 2312 792 1366 1643 669 2179 -345 2303 988 1217 1554 0 71750076
438 2171 -345 2200 815 1385 1643 765 2178 -386 2341 1063 1142 1591 0 71867688
452 2219 -391 2312 870 1460 1643 727 2204 -302 2341 1025 1179 1516 0 71982940
505 2229 -356 2312 853 1385 1624 764 2214 -339 2359 1011 1114 1577 0 72098292
479 2235 -364 2294 815 1385 1662 722 2217 -307 2322 936 1114 1577 0 72218396
497 2214 -357 2294 853 1385 1624 700 2168 -448 2322 1049 1217 1652 0 72338472
466 2215 -354 2294 853 1423 1624 759 2158 -443 2322 1086 1142 1652 0 72454952
404 2205 -368 2294 853 1498 1624 994 2643 -136 2322 1011 1179 1615 0 72502296
445 2193 -402 2256 853 1423 1681 708 2158 -412 2284 1011 1142 1652 0 72595064
411 2246 -366 2294 778 1460 1681 703 2187 -295 2322 1011 1198 1502 0 72712860
434 2216 -378 2294 853 1460 1643 719 2186 -354 2322 1011 1161 1577 0 72828152
410 2257 -393 2331 815 1498 1681 711 2159 -378 2322 1086 1236 1540 0 72942392
523 2273 -411 2369 867 1404 1681 774 2190 -384 2359 1086 1161 1577 0 73057692
435 2246 -355 2331 829 1479 1624 738 2169 -374 2322 1049 1161 1577 0 73172964
444 2223 -347 2294 829 1441 1624 768 2230 -353 2378 1011 1123 1596 0 73290708
494 2248 -413 2350 884 1441 1662 764 2187 -406 2341 1049 1123 1634 0 73336912
436 2216 -376 2312 867 1479 1624 739 2143 -436 2303 1086 1161 1634 0 73428460
0 0 0 2275 773 1479 1662 713 2143 -367 2266 1011 1123 1596 1 73544920
408 2168 -330 2200 811 1423 1624 730 2184 -343 2303 974 1095 1596 0 73665880
470 2221 -331 2275 811 1385 1624 737 2239 -347 2378 988 1161 1591 0 73784732
412 2222 -397 2275 811 1460 1699 695 2166 -347 2303 1025 1198 1554 0 73903544
473 2232 -357 2312 848 1423 1624 724 2178 -287 2303 988 1123 1516 0 74021180
459 2233 -314 2275 778 1385 1624 763 2192 -300 2341 1025 1123 1516 0 74137744
486 2249 -379 2312 815 1385 1681 753 2188 -352 2341 1063 1161 1554 0 74256600
463 2263 -411 2350 853 1460 1681 740 2185 -362 2322 1011 1123 1596 0 74369476
490 2241 -419 2331 870 1423 1681 831 2262 -351 2434 1049 1095 1596 0 74485980
490 2241 -419 2331 870 1423 1681 713 2168 -430 2322 1049 1198 1634 0 74532132
445 2240 -341 2294 792 1423 1643 681 2129 -375 2247 1011 1161 1596 0 74622428
431 2273 -328 2294 717 1404 1681 769 2233 -437 2397 1049 1161 1671 0 74738988
463 2252 -396 2331 829 1441 1681 713 2168 -430 2322 1049 1198 1634 0 74856744
434 2248 -371 2331 829 1479 1643 699 2145 -413 2266 1011 1142 1652 0 74970816
467 2254 -339 2312 792 1404 1643 786 2216 -413 2378 1049 1114 1652 0 75089764
456 2266 -287 2312 754 1404 1605 725 2144 -482 2303 1086 1179 1690 0 75207460
451 2256 -371 2312 792 1423 1681 749 2170 -454 2341 1086 1179 1652 0 75321556
376 2224 -375 2275 792 1498 1681 710 2191 -412 2341 1049 1217 1615 0 75368960
421 2207 -381 2275 829 1460 1662 721 2171 -352 2303 1011 1142 1577 0 75460496
446 2239 -325 2294 792 1423 1624 775 2213 -335 2359 1011 1095 1577 0 75579416
493 2237 -371 2331 870 1423 1624 716 2142 -375 2284 1049 1161 1577 0 75699560
473 2241 -364 2331 853 1441 1624 735 2143 -425 2284 1049 1123 1652 0 75819664
470 2226 -306 2294 815 1404 1587 757 2203 -365 2359 1049 1161 1577 0 75936220
431 2191 -403 2256 853 1441 1681 695 2187 -393 2322 1011 1198 1615 0 76050288
411 2195 -381 2237 815 1441 1681 721 2157 -365 2284 1011 1123 1596 0 76166728
457 2219 -351 2275 815 1404 1643 733 2173 -417 2322 1049 1161 1634 0 76281976
490 2231 -341 2312 853 1404 1605 754 2142 -376 2284 1049 1095 1596 0 76397376
419 2235 -329 2312 815 1479 1605 721 2157 -365 2284 1011 1123 1596 0 76517432
396 2209 -308 2275 815 1479 1587 716 2187 -400 2322 1011 1161 1634 0 76636316
455 2245 -316 2294 778 1404 1624 735 2150 -391 2303 1067 1161 1577 0 76756308
427 2200 -377 2294 872 1479 1624 1099 2755 1 2303 1105 1198 1615 0 76875160
475 2201 -306 2294 872 1423 1549 670 2169 -378 2303 1030 1236 1577 0 76996344
482 2183 -364 2256 872 1385 1624 680 2109 -399 2228 1030 1161 1615 0 77115196
490 2242 -385 2331 872 1423 1643 731 2106 -401 2266 1105 1161 1577 0 77235292
496 2209 -445 2312 927 1423 1681 738 2142 -382 2284 1049 1123 1596 0 77350544
504 2279 -377 2350 811 1385 1681 754 2172 -408 2322 1049 1123 1634 0 77396796
417 2229 -299 2275 773 1441 1605 737 2186 -392 2322 1011 1123 1634 0 77488344
373 2257 -398 2275 736 1479 1756 756 2200 -384 2359 1049 1161 1596 0 77604836
398 2212 -363 2275 811 1479 1643 680 2131 -404 2247 1011 1161 1634 0 77719012
485 2283 -298 2350 773 1404 1605 692 2172 -390 2322 1049 1236 1577 0 77834292
479 2189 -284 2275 870 1404 1530 724 2156 -320 2284 1011 1123 1540 0 77949596
472 2218 -318 2275 815 1385 1605 668 2142 -420 2284 1049 1236 1615 0 78069732
409 2170 -374 2237 853 1460 1643 753 2128 -413 2284 1086 1123 1615 0 78188656
456 2200 -336 2275 853 1423 1605 794 2170 -348 2322 1049 1058 1577 0 78236064
478 2226 -329 2312 853 1423 1587 724 2156 -320 2284 1011 1123 1540 0 78325088
461 2246 -369 2312 815 1423 1662 725 2187 -410 2322 1011 1142 1652 0 78440428
426 2190 -335 2237 815 1423 1624 712 2180 -362 2322 1011 1179 1577 0 78555768
391 2199 -394 2275 853 1498 1662 759 2172 -420 2322 1049 1114 1652 0 78669840
375 2170 -391 2237 853 1498 1662 742 2143 -395 2284 1049 1114 1615 0 78785164
473 2252 -336 2350 853 1460 1587 742 2143 -395 2284 1049 1114 1615 0 78831404
394 2194 -381 2275 853 1498 1643 777 2158 -408 2322 1086 1114 1615 0 78922884
435 2243 -424 2312 829 1460 1718 687 2206 -372 2341 988 1217 1596 0 79038136
433 2234 -397 2275 792 1423 1718 728 2166 -344 2303 1025 1142 1559 0 79156996
427 2248 -303 2312 792 1460 1605 742 2152 -391 2303 1063 1142 1596 0 79273500
446 2216 -390 2275 829 1423 1681 670 2152 -367 2266 988 1179 1596 0 79390008
482 2254 -321 2312 792 1385 1624 725 2179 -352 2303 988 1114 1596 0 79507604
495 2240 -342 2312 829 1385 1624 704 2165 -343 2284 988 1137 1577 0 79627664
451 2181 -371 2256 867 1423 1624 687 2138 -345 2247 988 1137 1577 0 79746480
455 2215 -321 2256 792 1385 1624 741 2124 -349 2247 1025 1072 1577 0 79864080
426 2216 -354 2256 792 1423 1662 741 2164 -331 2284 988 1072 1577 0 79979420
488 2270 -352 2331 792 1385 1662 720 2177 -367 2322 1025 1175 1577 0 80026740
448 2185 -358 2256 853 1423 1624 720 2165 -338 2284 988 1110 1577 0 80115760
470 2226 -306 2294 815 1404 1587 692 2129 -360 2266 1030 1179 1559 0 80231016
452 2176 -354 2237 853 1404 1624 727 2178 -354 2303 992 1114 1596 0 80346360
451 2179 -384 2237 853 1404 1662 706 2116 -407 2266 1067 1179 1596 0 80464048
485 2257 -364 2350 853 1441 1624 742 2177 -431 2341 1067 1179 1634 0 80580580
0 0 0 2275 853 1441 1681 729 2195 -343 2341 1030 1179 1559 1 80697144
475 2230 -373 2312 853 1423 1643 746 2194 -387 2341 1030 1142 1615 0 80815736
449 2185 -375 2256 853 1423 1643 785 2207 -402 2378 1067 1142 1615 0 80864272
409 2205 -423 2294 870 1498 1681 723 2182 -392 2341 1067 1217 1577 0 80952112
502 2252 -418 2369 908 1460 1643 716 2175 -485 2341 1067 1217 1690 0 81067388
484 2247 -375 2331 853 1423 1643 739 2181 -443 2341 1067 1179 1652 0 81182728
519 2259 -383 2331 829 1358 1681 681 2201 -323 2322 969 1198 1554 0 81298064
454 2253 -341 2312 792 1423 1643 755 2208 -342 2359 1044 1161 1554 0 81412184
468 2237 -321 2312 829 1423 1605 679 2154 -347 2284 1006 1198 1554 0 81458336
476 2278 -343 2350 792 1423 1643 697 2188 -341 2322 1006 1198 1554 0 81547424
454 2253 -341 2312 792 1423 1643 685 2171 -287 2284 969 1161 1516 0 81662700
464 2242 -392 2312 829 1423 1681 681 2172 -350 2284 969 1161 1591 0 81781548
364 2244 -382 2275 754 1498 1718 748 2159 -448 2322 1086 1161 1652 0 81900280
0 0 0 2294 829 1498 1643 693 2187 -422 2322 1011 1198 1652 1 82020296
459 2223 -330 2294 829 1423 1605 774 2201 -389 2359 1049 1123 1615 0 82140148
415 2241 -374 2294 792 1460 1681 730 2175 -354 2284 974 1095 1615 0 82256600
453 2220 -365 2256 792 1385 1681 769 2172 -415 2322 1049 1095 1652 0 82373040
439 2226 -290 2294 815 1441 1568 710 2182 -424 2322 1025 1179 1652 0 82488288
497 2248 -403 2331 853 1404 1681 752 2180 -350 2322 1025 1114 1577 0 82607088
482 2214 -375 2294 853 1404 1643 788 2240 -370 2397 1025 1114 1615 0 82727196
528 2293 -375 2369 815 1366 1681 734 2151 -354 2284 1025 1114 1577 0 82847252
459 2257 -330 2331 815 1441 1624 774 2190 -405 2359 1063 1142 1615 0 82966160
458 2242 -433 2331 867 1460 1699 760 2158 -430 2322 1086 1142 1634 0 83083956
427 2223 -349 2294 829 1460 1624 774 2290 -295 2434 974 1142 1559 0 83131364
478 2254 -313 2331 829 1423 1587 725 2143 -416 2284 1049 1142 1634 0 83221632
456 2228 -376 2294 829 1423 1662 705 2187 -404 2322 1011 1179 1634 0 83336904
398 2211 -341 2256 792 1460 1643 745 2203 -383 2359 1049 1179 1596 0 83451036
472 2242 -337 2294 792 1385 1643 692 2172 -390 2322 1049 1236 1577 0 83565176
467 2202 -356 2256 829 1385 1643 722 2156 -350 2284 1011 1123 1577 0 83681644
465 2205 -385 2256 829 1385 1681 702 2156 -327 2284 1011 1161 1540 0 83729036
483 2180 -347 2256 867 1385 1605 738 2169 -374 2322 1049 1161 1577 0 83819352
475 2326 -367 2406 792 1460 1681 699 2186 -320 2322 1011 1198 1540 0 83935888
445 2240 -341 2294 792 1423 1643 773 2171 -356 2322 1049 1095 1577 0 84051160
407 2244 -210 2294 754 1460 1530 710 2151 -326 2266 988 1114 1559 0 84167660
465 2242 -284 2275 754 1366 1605 705 2182 -415 2303 988 1142 1671 0 84282960
394 2212 -287 2237 754 1441 1605 728 2166 -344 2303 1025 1142 1559 0 84399384
469 2252 -308 2312 792 1404 1605 742 2166 -368 2303 1025 1114 1596 0 84517056
436 2207 -364 2275 829 1441 1643 760 2195 -363 2341 1025 1114 1596 0 84565656
0 0 0 2312 792 1441 1681 746 2208 -317 2341 988 1114 1559 1 84654776
433 2241 -356 2312 815 1460 1643 783 2186 -412 2359 1086 1142 1615 0 84770972
874 2859 4 2312 870 1423 1681 726 2143 -401 2284 1049 1142 1615 0 84888712
480 2224 -416 2312 870 1423 1681 711 2157 -354 2284 1011 1142 1577 0 85009956
444 2230 -407 2312 853 1460 1681 728 2186 -381 2322 1011 1142 1615 0 85128856
394 2191 -365 2275 853 1498 1624 726 2216 -385 2359 1011 1179 1615 0 85247888
792 2813 85 2275 792 1441 1587 753 2226 -384 2378 1025 1161 1615 0 85363168
472 2269 -375 2350 829 1441 1662 758 2228 -360 2378 1025 1161 1577 0 85483164
357 2199 -302 2219 754 1479 1624 763 2197 -242 2341 1025 1123 1465 0 85599580
446 2254 -303 2294 754 1404 1624 668 2170 -376 2303 1025 1236 1577 0 85714888
445 2222 -364 2294 829 1441 1643 778 2260 -339 2416 1025 1161 1577 0 85830184
413 2235 -457 2331 870 1516 1718 699 2222 -356 2341 950 1161 1615 0 85876392
420 2203 -353 2256 815 1441 1643 747 2172 -367 2322 1049 1142 1577 0 85969024
441 2226 -357 2294 815 1441 1643 732 2186 -319 2322 1011 1142 1540 0 86089024
445 2213 -406 2256 815 1404 1718 745 2172 -398 2322 1049 1142 1615 0 86207900
393 2194 -330 2219 778 1441 1643 747 2172 -367 2322 1049 1142 1577 0 86327944
438 2179 -387 2256 872 1441 1643 804 2229 -365 2397 1086 1142 1577 0 86446892
429 2190 -299 2256 834 1437 1568 687 2164 -346 2303 1030 1217 1540 0 86565816
477 2226 -361 2294 834 1399 1643 805 2200 -384 2378 1105 1142 1577 0 86679864
477 2226 -361 2294 834 1399 1643 742 2187 -378 2341 1067 1179 1577 0 86795184
505 2244 -440 2331 872 1399 1718 727 2165 -391 2303 1030 1142 1615 0 86910548
486 2214 -374 2294 853 1399 1643 763 2181 -404 2341 1067 1142 1615 0 87025812
440 2246 -333 2294 778 1423 1643 1028 2620 -149 2341 1049 1142 1615 0 87144672
476 2229 -408 2312 853 1423 1681 695 2129 -410 2266 1049 1179 1615 0 87194496
464 2240 -356 2312 815 1423 1643 659 2137 -373 2266 1011 1217 1577 0 87283508
441 2223 -396 2275 815 1423 1699 740 2201 -348 2341 1011 1142 1577 0 87401244
464 2241 -297 2312 815 1423 1587 778 2183 -330 2341 1049 1114 1540 0 87515348
446 2262 -346 2312 773 1423 1662 745 2172 -341 2303 1006 1095 1577 0 87629480
441 2240 -371 2275 773 1404 1699 701 2201 -335 2322 969 1161 1577 0 87748296
427 2220 -367 2275 811 1441 1662 696 2159 -386 2284 1006 1161 1615 0 87867160
467 2193 -298 2237 811 1366 1587 660 2172 -345 2284 969 1198 1577 0 87984812
410 2236 -230 2275 736 1441 1549 722 2200 -328 2322 969 1123 1577 0 88101268
381 2235 -306 2275 754 1479 1624 705 2106 -385 2247 1067 1161 1577 0 88221288
482 2263 -303 2331 792 1404 1587 721 2161 -336 2303 1030 1161 1540 0 88341316
452 2263 -334 2331 792 1441 1624 679 2130 -379 2266 1030 1198 1577 0 88460136
436 2281 -337 2331 754 1441 1662 714 2150 -360 2303 1067 1198 1540 0 88577792
475 2270 -354 2331 792 1404 1662 700 2241 -353 2378 992 1236 1577 0 88625184
462 2253 -310 2331 815 1441 1587 732 2150 -412 2303 1067 1161 1615 0 88714208
443 2257 -375 2331 815 1460 1662 811 2211 -331 2378 1086 1114 1540 0 88830612
441 2211 -343 2237 778 1385 1662 752 2143 -417 2303 1086 1142 1615 0 88943572
456 2200 -364 2275 853 1423 1624 699 2123 -384 2266 1049 1179 1577 0 89060092
471 2236 -433 2312 853 1423 1718 731 2188 -434 2341 1049 1179 1652 0 89174180
469 2256 -442 2350 870 1460 1718 718 2172 -383 2303 1011 1142 1615 0 89221620
461 2196 -390 2275 867 1423 1643 778 2183 -330 2341 1049 1114 1540 0 89311884
487 2269 -358 2350 829 1423 1643 797 2206 -382 2378 1067 1123 1596 0 89426048
429 2190 -387 2237 829 1423 1681 773 2212 -378 2378 1067 1161 1596 0 89541404
464 2242 -392 2312 829 1423 1681 682 2151 -366 2266 992 1161 1596 0 89656700
449 2207 -340 2275 829 1423 1605 716 2195 -387 2341 1030 1198 1596 0 89774296
432 2229 -301 2275 778 1423 1605 715 2165 -410 2303 1030 1161 1634 0 89890784
476 2211 -288 2275 815 1385 1568 769 2150 -411 2303 1067 1095 1634 0 89938212
464 2226 -386 2312 870 1441 1643 772 2230 -291 2378 1030 1142 1516 0 90027304
401 2202 -300 2237 778 1441 1605 646 2104 -320 2228 1030 1217 1516 0 90141488
457 2219 -351 2275 815 1404 1643 730 2115 -365 2266 1067 1142 1554 0 90259172
430 2211 -331 2275 815 1441 1605 670 2106 -354 2228 1030 1179 1554 0 90375652
405 2199 -343 2200 754 1404 1681 767 2181 -347 2341 1067 1142 1554 0 90492148
418 2213 -394 2275 829 1460 1681 0 0 0 2341 1049 1142 1559 2 90607424
419 2234 -346 2294 792 1460 1643 731 2139 -444 2303 1086 1179 1634 0 90655748
438 2199 -359 2256 829 1423 1643 741 2151 -359 2303 1049 1142 1559 0 90743624
459 2223 -330 2294 829 1423 1605 719 2128 -357 2266 1049 1142 1559 0 90860064
470 2246 -366 2294 792 1385 1681 704 2145 -449 2303 1086 1217 1634 0 90975388
481 2235 -413 2294 829 1385 1718 754 2157 -344 2303 1049 1114 1554 0 91090752
448 2212 -360 2275 829 1423 1643 747 2200 -386 2341 1011 1123 1629 0 91206108
425 2238 -288 2275 754 1423 1605 706 2128 -334 2247 1011 1123 1554 0 91324948
419 2207 -344 2275 829 1460 1624 738 2186 -388 2322 1011 1123 1629 0 91445044
479 2257 -352 2312 792 1385 1662 757 2172 -374 2322 1049 1123 1591 0 91562820
499 2258 -400 2350 870 1423 1662 719 2174 -327 2322 1049 1198 1516 0 91611444
468 2220 -373 2312 870 1441 1624 756 2173 -361 2322 1044 1123 1577 0 91699356
488 2256 -338 2331 815 1404 1624 688 2202 -398 2322 969 1175 1652 0 91815876
491 2238 -376 2294 815 1366 1681 749 2118 -436 2266 1081 1110 1652 0 91931088
459 2255 -389 2331 815 1441 1681 736 2172 -343 2303 1006 1110 1577 0 92045168
420 2215 -404 2294 853 1479 1681 685 2134 -390 2228 969 1110 1652 0 92160456
526 2248 -367 2331 853 1366 1643 724 2215 -328 2341 969 1137 1577 0 92206632
435 2201 -320 2256 815 1423 1605 663 2140 -345 2228 950 1137 1596 0 92298168
486 2249 -379 2312 815 1385 1681 687 2137 -354 2266 1025 1179 1559 0 92413392
420 2273 -409 2350 815 1498 1699 746 2228 -378 2378 1025 1179 1596 0 92533404
448 2228 -461 2312 870 1460 1737 728 2209 -353 2341 988 1142 1596 0 92649976
499 2237 -413 2312 853 1385 1699 727 2179 -322 2303 988 1114 1559 0 92767652
468 2209 -414 2275 853 1404 1699 765 2224 -382 2378 1030 1142 1615 0 92887644
500 2269 -405 2369 870 1441 1662 737 2136 -428 2303 1105 1179 1615 0 93007644
415 2226 -400 2331 870 1516 1643 771 2165 -369 2322 1067 1114 1577 0 93124084
419 2207 -383 2256 815 1441 1681 736 2149 -357 2284 1030 1114 1577 0 93239428
470 2246 -410 2331 853 1441 1681 718 2150 -393 2284 1030 1142 1615 0 93354720
415 2231 -430 2331 870 1516 1681 752 2135 -373 2284 1067 1114 1577 0 93400924
440 2234 -385 2294 815 1437 1681 717 2181 -347 2322 1025 1179 1554 0 93492384
494 2230 -332 2312 853 1399 1605 728 2151 -367 2284 1025 1123 1591 0 93605344
461 2220 -350 2275 815 1399 1643 754 2207 -340 2341 988 1095 1591 0 93720620
487 2222 -346 2275 815 1362 1643 701 2179 -326 2303 988 1161 1554 0 93838312
507 2245 -383 2312 829 1362 1681 739 2200 -301 2341 1025 1161 1516 0 93957108
478 2258 -367 2312 792 1385 1681 766 2187 -376 2341 1049 1123 1596 0 94071260
442 2231 -316 2256 754 1385 1643 702 2144 -370 2266 1011 1142 1596 0 94190064
460 2233 -313 2256 754 1358 1643 717 2101 -383 2228 1049 1114 1596 0 94237472
486 2227 -342 2294 829 1385 1624 760 2221 -351 2378 1049 1179 1559 0 94327752
439 2197 -344 2256 829 1423 1624 754 2253 -419 2416 1049 1217 1634 0 94443036
0 0 0 2256 872 1423 1624 771 2187 -374 2341 1049 1114 1596 1 94557156
465 2231 -297 2294 797 1404 1587 758 2194 -368 2341 1030 1123 1596 0 94672212
474 2292 -360 2388 834 1479 1624 755 2150 -388 2303 1067 1123 1596 0 94787448
504 2267 -340 2350 834 1404 1624 715 2189 -420 2341 1030 1198 1634 0 94834848
458 2250 -427 2350 872 1479 1681 609 2101 -438 2228 1030 1273 1634 0 94923976
477 2264 -334 2350 829 1441 1605 700 2135 -353 2266 1030 1161 1559 0 95041668
451 2286 -326 2312 717 1385 1681 735 2095 -415 2228 1067 1095 1634 0 95160620
481 2273 -420 2350 829 1423 1718 763 2143 -412 2303 1086 1123 1615 0 95279472
405 2252 -322 2294 754 1460 1643 710 2171 -356 2303 1011 1161 1577 0 95399560
419 2241 -341 2331 829 1498 1605 750 2200 -344 2341 1011 1123 1577 0 95519716
440 2189 -304 2219 792 1385 1605 658 2130 -390 2266 1049 1236 1577 0 95636280
472 2192 -296 2256 829 1385 1568 723 2194 -374 2341 1049 1198 1577 0 95751544
490 2269 -336 2331 792 1385 1643 735 2188 -393 2341 1049 1179 1596 0 95866888
449 2233 -311 2294 792 1423 1605 751 2143 -431 2303 1086 1142 1634 0 95982228
438 2244 -257 2294 754 1423 1568 717 2144 -394 2266 1011 1114 1634 0 96029600
499 2285 -364 2369 834 1423 1643 702 2144 -370 2266 1011 1142 1596 0 96118652
441 2210 -413 2294 872 1460 1681 722 2171 -337 2303 1011 1142 1559 0 96235136
411 2191 -324 2256 834 1460 1605 778 2214 -378 2378 1049 1142 1596 0 96352900
459 2242 -421 2331 872 1460 1681 733 2241 -333 2378 988 1179 1559 0 96467052
437 2225 -343 2275 797 1423 1643 668 2108 -356 2228 1025 1179 1559 0 96582256
464 2242 -289 2312 815 1423 1568 718 2151 -345 2284 1025 1142 1559 0 96698692
343 2223 -369 2275 778 1535 1681 731 2167 -400 2322 1063 1179 1596 0 96744940
442 2221 -382 2275 815 1423 1681 754 2210 -367 2359 1025 1142 1596 0 96835208
467 2176 -337 2237 853 1385 1605 717 2185 -312 2322 1025 1179 1521 0 96950488
484 2206 -369 2275 853 1385 1643 744 2181 -398 2322 1025 1123 1634 0 97064592
0 0 0 2237 778 1385 1681 743 2167 -355 2322 1063 1161 1559 1 97179952
481 2244 -420 2350 889 1460 1662 744 2181 -398 2322 1025 1123 1634 0 97293872
379 2163 -400 2237 872 1498 1662 778 2240 -417 2397 1025 1123 1671 0 97341248
447 2194 -406 2275 872 1441 1662 667 2165 -370 2284 988 1198 1596 0 97433980
477 2194 -373 2275 872 1404 1624 703 2224 -394 2359 988 1198 1634 0 97552976
470 2221 -412 2312 889 1441 1662 795 2182 -410 2359 1086 1123 1615 0 97671820
413 2194 -404 2275 872 1479 1662 760 2215 -341 2359 1011 1123 1577 0 97785964
490 2232 -325 2312 853 1404 1587 756 2172 -394 2322 1049 1123 1615 0 97901228
494 2216 -267 2275 815 1358 1549 755 2142 -361 2284 1049 1095 1577 0 98016508
432 2162 -309 2162 778 1358 1624 660 2202 -317 2322 974 1236 1540 0 98131756
433 2241 -342 2312 815 1460 1624 713 2172 -393 2322 1049 1198 1596 0 98251772
517 2215 -313 2294 853 1358 1568 699 2181 -382 2322 1011 1198 1596 0 98370624
451 2235 -383 2294 815 1423 1681 721 2157 -365 2284 1011 1123 1596 0 98415608
431 2185 -377 2219 815 1404 1681 738 2142 -382 2284 1049 1123 1596 0 98509456
437 2247 -412 2331 853 1479 1681 716 2173 -365 2322 1049 1198 1559 0 98625916
437 2233 -385 2294 815 1441 1681 789 2157 -388 2322 1086 1095 1596 0 98741268
478 2289 -396 2369 815 1441 1681 694 2151 -383 2284 1025 1179 1596 0 98856604
490 2229 -374 2312 853 1404 1643 735 2181 -372 2322 1025 1142 1596 0 98971956
416 2212 -357 2275 815 1460 1643 754 2210 -367 2359 1025 1142 1596 0 99086052
504 2306 -352 2388 815 1423 1643 733 2181 -402 2322 1025 1142 1634 0 99133464
506 2228 -373 2312 853 1385 1643 719 2194 -355 2322 988 1142 1596 0 99223708
399 2240 -361 2312 815 1498 1643 717 2181 -355 2322 1025 1179 1559 0 99339024
464 2240 -356 2312 815 1423 1643 735 2167 -399 2303 1025 1123 1634 0 99453156
476 2215 -356 2275 829 1385 1643 733 2228 -368 2378 1025 1198 1596 0 99569692
376 2224 -375 2275 792 1498 1681 714 2201 -348 2341 1025 1198 1559 0 99683804
457 2297 -350 2350 754 1423 1681 816 2242 -370 2416 1063 1123 1596 0 99731184
511 2272 -386 2350 829 1385 1681 719 2138 -373 2266 1025 1123 1596 0 99821484
437 2224 -309 2275 792 1423 1605 722 2221 -333 2341 950 1123 1596 0 99936756
498 2236 -328 2312 829 1385 1605 684 2139 -414 2266 1025 1179 1634 0 100052072
530 2272 -384 2350 834 1358 1681 724 2167 -404 2303 1025 1142 1634 0 100169784
430 2164 -384 2237 872 1441 1643 708 2152 -355 2266 988 1114 1596 0 100286304
445 2189 -388 2237 834 1404 1681 699 2138 -307 2228 950 1077 1559 0 100400440
451 2226 -341 2275 797 1404 1643 744 2165 -338 2303 1025 1114 1559 0 100447876
486 2173 -375 2237 872 1366 1643 688 2180 -365 2303 988 1179 1596 0 100538224
466 2207 -329 2275 829 1404 1605 622 2176 -324 2303 988 1292 1521 0 100653552
467 2254 -339 2312 792 1404 1643 690 2179 -334 2303 988 1179 1559 0 100771296
418 2178 -329 2237 829 1441 1605 636 2099 -368 2191 988 1179 1596 0 100887876
411 2248 -347 2312 792 1479 1643 684 2139 -414 2266 1025 1179 1634 0 101003232
410 2247 -314 2312 792 1479 1605 701 2197 -377 2341 1025 1217 1596 0 101122232
410 2200 -414 2275 853 1479 1681 733 2173 -417 2322 1049 1161 1634 0 101235092
411 2190 -351 2237 815 1441 1643 754 2128 -398 2284 1086 1123 1596 0 101282492
490 2231 -341 2312 853 1404 1605 794 2201 -335 2359 1049 1095 1559 0 101375176
419 2235 -329 2312 815 1479 1605 756 2200 -384 2359 1049 1161 1596 0 101492920
415 2195 -410 2275 870 1479 1681 728 2203 -452 2359 1049 1198 1671 0 101607100
427 2231 -412 2312 853 1479 1681 676 2145 -338 2247 969 1142 1577 0 101722440
456 2172 -377 2237 867 1404 1643 0 0 0 2359 969 1142 1577 2 101837728
451 2256 -371 2312 792 1423 1681 772 2192 -360 2322 1006 1077 1615 0 101954016
448 2247 -346 2275 754 1385 1681 707 2230 -365 2359 969 1179 1615 0 102074040
452 2241 -285 2275 754 1385 1605 685 2231 -373 2359 969 1217 1615 0 102192952
437 2224 -309 2275 792 1423 1605 710 2150 -427 2303 1067 1198 1615 0 102311820
393 2221 -363 2256 778 1460 1681 718 2164 -365 2303 1030 1161 1577 0 102429524
420 2203 -353 2256 815 1441 1643 774 2218 -367 2378 1067 1161 1577 0 102478188
854 2864 -5 2256 853 1441 1681 779 2175 -372 2341 1067 1123 1577 0 102567276
384 2156 -373 2219 853 1479 1643 754 2181 -370 2341 1067 1161 1577 0 102682480
390 2196 -315 2256 815 1479 1605 811 2210 -355 2378 1067 1095 1577 0 102797844
381 2208 -303 2256 778 1479 1605 788 2201 -435 2378 1105 1161 1634 0 102911988
437 2206 -366 2275 834 1441 1643 830 2193 -391 2378 1105 1095 1596 0 103028580
406 2206 -400 2275 834 1479 1681 715 2228 -389 2378 1030 1236 1596 0 103145144
437 2216 -395 2312 872 1479 1643 783 2219 -335 2378 1030 1123 1559 0 103191412
421 2236 -370 2312 834 1479 1643 779 2178 -355 2341 1067 1123 1559 0 103285324
455 2235 -383 2312 834 1441 1662 727 2168 -433 2341 1105 1236 1596 0 103401844
425 2253 -392 2312 797 1460 1699 725 2249 -378 2397 1011 1217 1615 0 103518384
422 2180 -404 2256 870 1460 1662 660 2186 -398 2322 1011 1254 1615 0 103634860
0 0 0 2256 815 1460 1624 724 2158 -406 2284 1011 1114 1652 1 103751376
461 2209 -363 2256 815 1385 1662 686 2186 -363 2322 1011 1217 1577 0 103867628
460 2213 -391 2256 815 1385 1699 741 2186 -403 2322 1011 1114 1652 0 103982952
388 2175 -335 2219 815 1460 1624 706 2186 -389 2322 1011 1179 1615 0 104031580
409 2192 -354 2256 829 1460 1624 672 2179 -269 2303 988 1217 1479 0 104120764
436 2225 -324 2275 792 1423 1624 636 2098 -365 2191 988 1179 1591 0 104234808
419 2196 -291 2237 792 1423 1587 728 2166 -339 2303 1025 1142 1554 0 104350140
