525 2287 -220 2359 797 1371 1516 709 2139 -353 2261 1011 1128 1577 0 566964
438 2194 -242 2247 797 1408 1516 709 2139 -353 2261 1011 1128 1577 0 691656
476 2255 -256 2322 797 1408 1554 693 2153 -337 2261 974 1128 1577 0 811664
494 2217 -315 2284 834 1371 1591 780 2152 -352 2298 1049 1063 1577 0 930492
492 2228 -283 2298 820 1380 1554 693 2119 -300 2209 964 1086 1540 0 1049260
0 0 0 2298 820 1380 1591 692 2187 -313 2284 927 1114 1577 1 1169280
438 2155 -305 2186 820 1380 1591 685 2132 -354 2247 1002 1151 1577 0 1288976
485 2169 -355 2223 857 1353 1629 709 2177 -257 2247 889 1049 1540 0 1406592
485 2156 -271 2186 820 1315 1554 677 2135 -314 2209 927 1086 1577 0 1527708
516 2274 -257 2350 811 1380 1554 766 2184 -322 2336 1049 1128 1526 0 1648872
465 2228 -216 2275 773 1380 1516 684 2167 -363 2298 1011 1203 1563 0 1765352
463 2212 -312 2237 773 1353 1629 727 2209 -349 2336 974 1128 1601 0 1884132
462 2233 -283 2275 773 1380 1591 725 2181 -348 2298 974 1100 1601 0 2005324
522 2261 -277 2312 773 1315 1591 725 2167 -369 2298 1011 1128 1601 0 2125300
420 2146 -404 2186 857 1418 1690 710 2125 -382 2261 1049 1151 1587 0 2244168
488 2211 -355 2261 820 1353 1652 731 2141 -381 2261 1011 1086 1624 0 2364048
489 2209 -326 2261 820 1353 1615 749 2166 -349 2298 1011 1086 1587 0 2481736
413 2204 -364 2261 820 1455 1652 749 2200 -333 2298 936 1049 1624 0 2601736
472 2218 -353 2298 857 1418 1615 696 2181 -346 2298 974 1151 1587 0 2722860
424 2229 -287 2275 773 1432 1591 699 2174 -331 2284 964 1128 1577 0 2840464
396 2223 -299 2275 773 1469 1591 684 2146 -304 2247 964 1128 1540 0 2960488
404 2264 -269 2312 736 1469 1591 685 2144 -272 2247 964 1128 1502 0 3079248
445 2253 -288 2312 773 1432 1591 716 2131 -315 2247 1002 1100 1540 0 3198024
396 2223 -245 2275 773 1469 1554 691 2133 -283 2209 927 1063 1540 0 3318028
479 2219 -254 2261 782 1353 1554 764 2124 -326 2261 1049 1063 1540 0 3437964
496 2198 -242 2261 820 1353 1516 644 2110 -368 2223 1011 1203 1577 0 3556816
479 2263 -298 2298 745 1353 1629 719 2107 -396 2261 1086 1165 1577 0 3676832
414 2188 -256 2223 782 1418 1554 747 2138 -311 2261 1011 1063 1540 0 3796896
442 2195 -287 2223 782 1380 1591 692 2111 -325 2223 1011 1128 1540 0 3916908
371 2143 -308 2186 820 1469 1591 737 2193 -322 2336 1011 1151 1540 0 4035704
331 2142 -294 2223 857 1544 1554 804 2211 -300 2336 974 1011 1577 0 4154496
425 2158 -335 2223 857 1432 1591 803 2168 -261 2298 1011 1011 1502 0 4275648
413 2182 -370 2223 820 1432 1666 752 2166 -311 2298 1011 1086 1540 0 4395676
368 2151 -338 2186 820 1469 1629 794 2215 -329 2373 1049 1114 1540 0 4512060
401 2211 -265 2223 736 1418 1591 727 2170 -328 2284 974 1086 1577 0 4633248
417 2235 -266 2261 736 1418 1591 712 2100 -288 2209 1011 1086 1502 0 4753292
451 2250 -214 2261 698 1353 1554 780 2171 -323 2322 1049 1086 1540 0 4870904
417 2235 -266 2261 736 1418 1591 746 2112 -267 2247 1049 1086 1465 0 4989720
438 2202 -313 2223 773 1380 1629 728 2113 -337 2247 1049 1114 1540 0 5109700
462 2194 -255 2223 782 1353 1554 714 2142 -316 2261 1002 1114 1540 0 5229700
446 2173 -285 2186 782 1353 1591 730 2171 -241 2261 927 1049 1502 0 5348524
438 2155 -305 2186 820 1380 1591 700 2196 -282 2298 927 1114 1540 0 5468528
427 2171 -286 2186 782 1380 1591 733 2140 -247 2261 1002 1086 1465 0 5588456
457 2223 -319 2261 782 1380 1629 746 2201 -295 2298 927 1049 1577 0 5707304
416 2240 -271 2275 745 1432 1591 684 2061 -379 2172 1049 1128 1587 0 5828464
466 2281 -326 2350 782 1432 1629 718 2114 -378 2247 1049 1128 1587 0 5944952
457 2240 -313 2312 820 1432 1591 694 2115 -414 2247 1049 1165 1624 0 6064936
441 2210 -347 2275 820 1432 1629 597 2071 -350 2172 1011 1240 1549 0 6183696
474 2255 -289 2312 782 1394 1591 661 2103 -398 2209 1011 1165 1624 0 6303692
418 2219 -286 2261 773 1432 1591 674 2158 -366 2261 964 1151 1615 0 6423652
400 2198 -315 2223 773 1432 1629 746 2128 -327 2261 1039 1086 1540 0 6543588
406 2238 -298 2261 736 1432 1629 698 2129 -299 2223 964 1086 1540 0 6662404
362 2211 -297 2223 736 1469 1629 732 2169 -313 2298 1002 1114 1540 0 6783552
400 2198 -315 2223 773 1432 1629 744 2163 -342 2261 964 1049 1615 0 6902376
451 2235 -316 2275 773 1394 1629 699 2156 -300 2261 964 1114 1540 0 7022288
394 2233 -351 2275 773 1469 1666 717 2154 -233 2261 964 1086 1465 0 7141108
399 2265 -307 2275 698 1432 1666 699 2156 -300 2261 964 1114 1540 0 7261068
386 2234 -245 2237 698 1432 1591 716 2154 -265 2261 964 1086 1502 0 7379860
495 2260 -280 2312 773 1357 1591 713 2146 -275 2223 927 1049 1540 0 7497456
507 2276 -278 2312 736 1315 1615 729 2166 -295 2298 1011 1128 1512 0 7618728
465 2253 -311 2275 736 1353 1652 706 2167 -334 2298 1011 1165 1549 0 7739976
515 2289 -299 2350 773 1353 1615 0 0 0 2261 1086 1165 1549 2 7856408
483 2316 -290 2350 698 1353 1652 724 2147 -387 2298 1049 1165 1587 0 7976092
512 2291 -328 2350 773 1353 1652 742 2167 -352 2298 1011 1100 1587 0 8094972
509 2274 -272 2350 820 1394 1554 712 2101 -319 2209 1011 1086 1540 0 8214992
407 2209 -314 2275 820 1469 1591 727 2129 -346 2247 1011 1086 1577 0 8333768
451 2266 -353 2350 820 1469 1629 678 2118 -366 2209 974 1114 1615 0 8453804
471 2257 -321 2312 782 1394 1629 726 2130 -375 2247 1011 1086 1615 0 8572524
457 2240 -313 2312 820 1432 1591 727 2086 -334 2209 1049 1086 1540 0 8692564
499 2239 -310 2312 820 1380 1591 729 2190 -349 2298 964 1100 1615 0 8811336
442 2232 -283 2312 820 1455 1554 0 0 0 2261 964 1165 1540 2 8932456
483 2275 -327 2312 745 1353 1666 638 2141 -263 2223 927 1165 1502 0 9052100
526 2300 -291 2350 745 1315 1629 692 2155 -270 2261 964 1128 1502 0 9170840
499 2259 -316 2312 782 1353 1629 722 2170 -346 2298 1002 1128 1577 0 9290836
520 2287 -245 2350 773 1353 1554 668 2119 -306 2209 964 1128 1540 0 9410888
438 2261 -244 2275 698 1380 1591 683 2147 -334 2247 964 1128 1577 0 9530788
467 2272 -263 2312 736 1380 1591 615 2108 -296 2172 927 1165 1540 0 9648368
486 2299 -261 2350 736 1380 1591 682 2106 -351 2209 1002 1128 1577 0 9769548
496 2262 -312 2312 773 1353 1629 631 2133 -295 2209 927 1165 1540 0 9888416
488 2211 -355 2261 820 1353 1652 673 2152 -313 2261 974 1165 1540 0 10007220
434 2193 -315 2186 745 1353 1652 712 2180 -303 2298 974 1128 1540 0 10127292
458 2189 -420 2261 875 1418 1690 686 2211 -344 2336 974 1203 1577 0 10246080
524 2265 -354 2336 820 1353 1652 743 2153 -366 2298 1049 1128 1577 0 10366040
0 0 0 2223 820 1353 1652 692 2133 -300 2261 1011 1165 1502 1 10482460
468 2209 -303 2261 811 1380 1591 665 2146 -346 2223 927 1114 1615 0 10604620
416 2231 -276 2223 698 1380 1629 731 2182 -292 2298 964 1086 1540 0 10724652
457 2203 -312 2223 773 1353 1629 707 2202 -306 2298 927 1114 1577 0 10844708
475 2247 -251 2298 773 1380 1554 744 2161 -314 2261 964 1049 1577 0 10964756
456 2223 -283 2261 773 1380 1591 683 2143 -285 2223 927 1086 1540 0 11081156
435 2230 -286 2275 773 1418 1591 618 2122 -383 2209 964 1203 1624 0 11199944
518 2330 -288 2388 736 1353 1629 945 2609 -116 2209 964 1165 1587 0 11319916
468 2289 -273 2312 698 1353 1629 738 2165 -304 2247 927 1025 1587 0 11443496
527 2284 -175 2350 773 1353 1479 667 2137 -351 2209 927 1100 1624 0 11559884
435 2230 -286 2275 773 1418 1591 658 2191 -387 2284 927 1165 1662 0 11678660
418 2218 -274 2261 773 1432 1577 688 2154 -395 2223 927 1086 1699 0 11798644
450 2264 -284 2298 736 1394 1615 746 2201 -302 2298 927 1049 1587 0 11918652
400 2200 -334 2223 773 1432 1652 739 2189 -325 2298 964 1086 1587 0 12037404
429 2199 -303 2223 773 1394 1615 705 2179 -367 2261 927 1086 1662 0 12157460
433 2239 -284 2261 736 1394 1615 725 2231 -309 2336 927 1114 1587 0 12277544
489 2186 -369 2261 875 1380 1629 701 2153 -335 2261 974 1114 1577 0 12396340
0 0 0 2261 820 1315 1629 767 2152 -357 2298 1049 1086 1577 1 12516308
453 2182 -337 2223 820 1380 1629 719 2152 -300 2261 974 1086 1540 0 12634828
462 2228 -312 2298 820 1418 1591 725 2159 -354 2261 974 1086 1615 0 12752468
433 2115 -320 2148 857 1380 1591 782 2213 -338 2336 974 1049 1615 0 12872432
424 2229 -287 2275 773 1432 1591 693 2159 -283 2247 927 1086 1540 0 12994792
464 2203 -217 2237 773 1357 1516 732 2178 -319 2284 964 1086 1577 0 13111224
437 2212 -317 2275 811 1432 1591 738 2150 -287 2247 964 1049 1540 0 13231200
417 2192 -337 2237 811 1432 1629 663 2071 -331 2134 964 1086 1577 0 13349988
429 2272 -299 2312 736 1432 1629 662 2133 -289 2209 927 1114 1540 0 13470012
409 2224 -289 2275 773 1455 1591 747 2175 -431 2298 1011 1100 1699 0 13587596
467 2242 -342 2312 811 1418 1629 738 2154 -433 2298 1049 1128 1662 0 13708756
480 2259 -283 2312 773 1380 1591 745 2208 -301 2336 974 1100 1549 0 13827600
434 2222 -264 2237 736 1380 1591 710 2152 -310 2261 974 1100 1549 0 13947644
448 2250 -295 2275 736 1380 1629 724 2147 -387 2298 1049 1165 1587 0 14066456
438 2202 -313 2223 773 1380 1629 700 2131 -320 2247 1002 1128 1540 0 14185300
475 2247 -251 2298 773 1380 1554 683 2121 -331 2209 964 1100 1577 0 14305360
414 2190 -263 2186 736 1380 1591 683 2104 -322 2209 1002 1128 1540 0 14424212
444 2238 -264 2261 736 1380 1591 667 2120 -335 2209 964 1128 1577 0 14544356
456 2223 -283 2261 773 1380 1591 635 2104 -364 2209 1002 1203 1577 0 14663264
488 2234 -340 2298 820 1380 1629 726 2180 -329 2298 974 1100 1577 0 14783300
435 2210 -259 2261 782 1418 1554 726 2167 -350 2298 1011 1128 1577 0 14903396
403 2108 -289 2148 857 1418 1554 762 2183 -362 2336 1049 1128 1577 0 15022240
445 2199 -313 2261 820 1418 1591 744 2166 -314 2298 1011 1100 1540 0 15142372
443 2192 -256 2223 782 1380 1554 728 2166 -319 2298 1011 1128 1540 0 15262520
442 2195 -287 2223 782 1380 1591 731 2144 -261 2247 964 1049 1502 0 15381464
436 2158 -290 2223 857 1418 1554 715 2152 -351 2247 964 1086 1615 0 15501460
414 2188 -256 2223 782 1418 1554 725 2172 -294 2284 964 1086 1540 0 15619016
457 2160 -334 2186 820 1353 1629 677 2135 -314 2209 927 1086 1577 0 15737776
530 2195 -321 2261 857 1315 1591 692 2146 -302 2247 964 1114 1540 0 15857700
448 2218 -373 2275 820 1418 1666 0 0 0 2298 964 1086 1540 2 15977716
431 2189 -341 2237 820 1418 1629 778 2217 -333 2336 964 1049 1615 0 16099796
432 2183 -317 2200 782 1380 1629 715 2156 -296 2261 964 1086 1540 0 16217452
438 2227 -291 2275 782 1418 1591 717 2194 -246 2298 927 1086 1502 0 16335080
499 2239 -310 2312 820 1380 1591 707 2128 -370 2261 1039 1151 1577 0 16455032
448 2246 -323 2298 782 1418 1629 712 2170 -295 2298 1002 1151 1512 0 16573900
489 2210 -337 2261 820 1353 1629 682 2152 -287 2261 974 1151 1512 0 16692876
477 2221 -286 2261 782 1353 1591 735 2138 -292 2261 1011 1086 1512 0 16812868
483 2193 -359 2261 857 1380 1629 0 0 0 2298 1049 1086 1512 2 16932964
435 2210 -259 2261 782 1418 1554 757 2148 -313 2298 1049 1114 1512 0 17052792
417 2228 -246 2223 698 1380 1591 709 2087 -369 2209 1049 1114 1577 0 17170412
444 2238 -264 2261 736 1380 1591 665 2088 -279 2172 974 1114 1502 0 17291720
478 2264 -262 2298 736 1353 1591 697 2074 -290 2172 1011 1086 1502 0 17410572
386 2192 -294 2186 736 1418 1629 742 2071 -349 2209 1086 1086 1540 0 17530652
458 2218 -216 2261 773 1380 1516 711 2083 -276 2209 1049 1114 1465 0 17649484
373 2148 -315 2148 782 1432 1629 688 2138 -329 2261 1011 1165 1540 0 17769580
414 2169 -288 2223 820 1432 1554 693 2153 -337 2261 974 1128 1577 0 17888408
449 2219 -289 2261 782 1394 1591 703 2168 -388 2298 1011 1165 1615 0 18008500
451 2228 -347 2298 820 1432 1629 665 2137 -296 2261 1011 1203 1502 0 18128536
403 2194 -321 2223 782 1432 1629 685 2094 -348 2223 1049 1165 1540 0 18245084
462 2235 -349 2275 782 1380 1666 747 2184 -399 2336 1049 1151 1615 0 18365212
441 2235 -317 2312 820 1455 1591 768 2195 -337 2336 1011 1086 1577 0 18486484
499 2259 -316 2312 782 1353 1629 732 2140 -374 2261 1011 1086 1615 0 18604168
464 2232 -319 2275 782 1380 1629 705 2150 -240 2261 974 1114 1465 0 18726724
499 2240 -276 2312 820 1380 1554 699 2180 -307 2298 974 1151 1540 0 18843220
456 2226 -348 2261 782 1380 1666 0 0 0 2209 1049 1151 1540 2 18962044
493 2227 -311 2298 820 1380 1591 697 2115 -304 2209 974 1086 1540 0 19084132
524 2218 -293 2298 857 1353 1554 676 2141 -279 2247 974 1151 1502 0 19200484
452 2186 -366 2223 820 1380 1666 712 2100 -288 2209 1011 1086 1502 0 19320540
489 2210 -337 2261 820 1353 1629 686 2086 -376 2209 1049 1151 1577 0 19440524
465 2235 -267 2261 745 1353 1591 679 2117 -337 2209 974 1114 1577 0 19560592
456 2226 -348 2261 782 1380 1666 630 2091 -280 2172 964 1165 1502 0 19679468
442 2195 -287 2223 782 1380 1591 684 2146 -304 2247 964 1128 1540 0 19799508
459 2202 -345 2223 782 1353 1666 684 2146 -304 2247 964 1128 1540 0 19918352
493 2227 -311 2298 820 1380 1591 620 2119 -346 2209 964 1203 1577 0 20038384
509 2273 -294 2312 745 1315 1629 706 2184 -330 2298 964 1128 1577 0 20157216
477 2218 -340 2275 820 1380 1629 669 2111 -361 2223 1011 1165 1577 0 20277184
499 2214 -274 2275 820 1353 1554 705 2120 -349 2261 1049 1165 1540 0 20397252
465 2230 -288 2275 782 1380 1591 654 2126 -345 2223 974 1165 1577 0 20517364
520 2238 -274 2312 820 1353 1554 589 2098 -356 2186 974 1240 1577 0 20635036
486 2209 -337 2261 820 1357 1629 0 0 0 2261 1049 1203 1577 2 20755064
421 2216 -291 2261 782 1432 1591 765 2153 -387 2298 1049 1086 1615 0 20875932
455 2158 -306 2223 857 1394 1554 734 2180 -326 2298 974 1086 1577 0 20996084
445 2214 -298 2223 745 1357 1629 670 2141 -321 2223 936 1114 1577 0 21113684
431 2204 -344 2261 820 1432 1629 719 2152 -300 2261 974 1086 1540 0 21232536
506 2235 -337 2298 820 1353 1629 710 2129 -351 2247 1011 1114 1577 0 21353740
492 2250 -316 2298 782 1353 1629 672 2115 -310 2209 974 1128 1540 0 21472584
460 2217 -256 2261 782 1380 1554 688 2142 -308 2247 974 1128 1540 0 21592592
453 2182 -337 2223 820 1380 1629 680 2129 -361 2247 1011 1165 1577 0 21711460
483 2193 -359 2261 857 1380 1629 703 2170 -335 2284 974 1128 1577 0 21831500
457 2203 -312 2223 773 1353 1629 710 2180 -334 2298 974 1128 1577 0 21947984
454 2164 -330 2186 811 1353 1629 734 2167 -355 2298 1011 1114 1587 0 22070380
456 2223 -283 2261 773 1380 1591 763 2154 -423 2298 1049 1086 1662 0 22186784
463 2280 -274 2298 698 1353 1629 717 2153 -338 2261 974 1086 1587 0 22306824
456 2223 -283 2261 773 1380 1591 748 2201 -361 2298 936 1049 1662 0 22425696
475 2198 -278 2261 820 1380 1554 709 2105 -411 2209 1011 1086 1662 0 22548104
460 2217 -256 2261 782 1380 1554 710 2144 -360 2247 974 1086 1615 0 22665716
475 2198 -278 2261 820 1380 1554 718 2075 -315 2172 1011 1049 1540 0 22785736
479 2219 -254 2261 782 1353 1554 711 2102 -348 2209 1011 1086 1577 0 22904604
473 2181 -305 2223 820 1353 1591 711 2102 -348 2209 1011 1086 1577 0 23023540
508 2282 -262 2350 782 1380 1554 744 2186 -375 2322 1011 1114 1615 0 23143628
0 0 0 2312 820 1380 1629 703 2128 -324 2247 1011 1128 1540 1 23263692
520 2238 -274 2312 820 1353 1554 662 2101 -362 2209 1011 1165 1577 0 23382244
504 2255 -253 2312 782 1353 1554 719 2129 -349 2247 1011 1100 1577 0 23502304
500 2286 -318 2350 782 1380 1629 737 2156 -315 2284 1011 1100 1540 0 23620068
449 2262 -348 2312 773 1418 1666 703 2168 -388 2298 1011 1165 1615 0 23739016
439 2258 -213 2275 698 1380 1554 718 2138 -320 2261 1011 1114 1540 0 23859100
504 2238 -309 2275 773 1315 1629 732 2168 -377 2298 1011 1114 1615 0 23981588
494 2220 -301 2275 811 1353 1591 713 2167 -354 2298 1011 1151 1577 0 24098160
497 2241 -306 2312 811 1380 1591 773 2164 -272 2298 1011 1049 1502 0 24217016
469 2239 -346 2312 820 1418 1629 755 2138 -308 2261 1011 1049 1540 0 24335944
408 2220 -301 2237 745 1418 1629 708 2181 -364 2298 974 1128 1615 0 24455988
462 2199 -374 2275 857 1418 1629 728 2166 -319 2298 1011 1128 1540 0 24575984
0 0 0 2312 820 1418 1554 717 2190 -375 2336 1049 1203 1577 1 24693736
854 2762 -84 2312 857 1353 1666 772 2229 -277 2373 1011 1128 1502 0 24814760
506 2279 -288 2350 782 1380 1591 662 2101 -362 2209 1011 1165 1577 0 24935924
462 2235 -349 2275 782 1380 1666 710 2129 -351 2247 1011 1114 1577 0 25053672
527 2290 -365 2388 857 1418 1629 710 2085 -339 2209 1049 1114 1540 0 25173704
482 2209 -278 2275 820 1380 1554 709 2087 -369 2209 1049 1114 1577 0 25291388
432 2185 -310 2237 820 1418 1591 762 2141 -328 2284 1049 1086 1540 0 25412624
462 2199 -374 2275 857 1418 1629 736 2166 -316 2298 1011 1114 1540 0 25531552
513 2246 -337 2312 820 1353 1629 765 2195 -374 2336 1011 1086 1624 0 25650404
526 2279 -252 2350 782 1353 1554 763 2143 -341 2261 1011 1049 1587 0 25770484
467 2227 -256 2275 782 1380 1554 734 2167 -355 2298 1011 1114 1587 0 25890568
431 2189 -341 2237 820 1418 1629 769 2126 -389 2261 1049 1049 1624 0 26009380
425 2176 -309 2223 820 1418 1591 700 2112 -360 2223 1011 1114 1587 0 26129424
516 2209 -302 2261 820 1315 1591 768 2152 -327 2298 1049 1086 1540 0 26249496
442 2195 -287 2223 782 1380 1591 772 2164 -304 2298 1011 1049 1540 0 26368356
454 2179 -307 2223 820 1380 1591 751 2153 -363 2298 1049 1114 1577 0 26486064
778 2764 -33 2223 782 1418 1629 783 2138 -373 2298 1086 1086 1577 0 26608524
439 2199 -282 2223 773 1380 1591 664 2091 -338 2172 974 1114 1577 0 26727328
435 2163 -331 2186 811 1380 1629 695 2078 -367 2172 1011 1086 1601 0 26844916
444 2238 -264 2261 736 1380 1591 727 2114 -356 2247 1049 1114 1563 0 26963768
396 2176 -313 2186 773 1418 1629 711 2129 -340 2247 1011 1114 1563 0 27083900
403 2206 -244 2186 698 1380 1591 710 2130 -370 2247 1011 1114 1601 0 27203936
486 2163 -293 2223 857 1353 1554 720 2179 -289 2298 974 1114 1526 0 27321584
458 2157 -304 2186 820 1353 1591 750 2166 -341 2298 1011 1086 1577 0 27441596
441 2209 -372 2261 820 1418 1666 734 2095 -302 2223 1049 1086 1502 0 27561616
441 2209 -372 2261 820 1418 1666 718 2138 -320 2261 1011 1114 1540 0 27680572
403 2211 -300 2223 745 1418 1629 738 2166 -283 2298 1011 1114 1502 0 27799468
398 2221 -297 2275 782 1469 1591 0 0 0 2247 1011 1114 1577 2 27919516
418 2251 -361 2312 782 1469 1666 737 2159 -396 2322 1086 1189 1577 0 28038132
420 2188 -342 2237 820 1432 1629 729 2127 -285 2247 1011 1086 1502 0 28158092
370 2216 -302 2237 745 1469 1629 729 2156 -318 2284 1011 1114 1540 0 28277052
443 2243 -269 2275 745 1394 1591 694 2059 -340 2172 1049 1114 1540 0 28397172
471 2207 -328 2261 820 1380 1615 735 2123 -304 2261 1049 1114 1502 0 28516172
448 2245 -312 2298 782 1418 1615 692 2111 -325 2223 1011 1128 1540 0 28637424
427 2170 -274 2186 782 1380 1577 663 2089 -389 2223 1049 1203 1577 0 28756332
441 2197 -307 2223 782 1380 1615 691 2112 -355 2223 1011 1128 1577 0 28875252
790 2788 -39 2223 782 1418 1652 710 2161 -331 2298 1011 1165 1540 0 28995336
465 2230 -288 2275 782 1380 1591 723 2153 -342 2298 1049 1165 1540 0 29116536
495 2244 -340 2312 820 1380 1629 717 2112 -347 2223 1011 1086 1577 0 29231848
426 2241 -271 2275 745 1418 1591 716 2095 -339 2223 1049 1114 1540 0 29351948
475 2221 -369 2275 820 1380 1666 716 2096 -368 2223 1049 1114 1577 0 29473160
480 2190 -305 2237 820 1353 1591 693 2140 -387 2261 1011 1151 1615 0 29594380
401 2194 -284 2223 773 1432 1591 672 2100 -329 2209 1011 1151 1540 0 29709716
390 2213 -288 2261 773 1469 1591 708 2110 -314 2247 1049 1151 1502 0 29829804
374 2199 -352 2186 736 1432 1704 742 2099 -383 2247 1086 1114 1577 0 29948724
373 2184 -252 2223 773 1469 1554 749 2086 -327 2209 1049 1049 1540 0 30068876
461 2236 -231 2261 736 1357 1554 610 2111 -292 2209 974 1226 1502 0 30190132
454 2170 -387 2223 857 1394 1666 729 2156 -318 2284 1011 1114 1540 0 30307772
483 2166 -324 2223 857 1357 1591 631 2050 -361 2134 1011 1165 1577 0 30426612
393 2206 -269 2223 745 1432 1591 681 2128 -330 2247 1011 1165 1540 0 30546712
473 2224 -317 2261 782 1357 1629 707 2168 -272 2284 974 1128 1502 0 30666848
431 2204 -344 2261 820 1432 1629 0 0 0 2247 1011 1128 1540 2 30785652
444 2238 -264 2261 736 1380 1591 686 2100 -326 2209 1011 1128 1540 0 30905368
428 2213 -264 2223 736 1380 1591 681 2092 -334 2172 974 1086 1577 0 31025344
463 2280 -274 2298 698 1353 1629 743 2156 -343 2284 1011 1086 1577 0 31145420
456 2223 -283 2261 773 1380 1591 657 2115 -313 2209 974 1151 1540 0 31264240
460 2262 -263 2298 736 1380 1591 694 2102 -353 2209 1011 1114 1577 0 31383080
451 2210 -270 2275 820 1418 1554 712 2101 -319 2209 1011 1086 1540 0 31504284
521 2300 -275 2388 820 1418 1554 644 2114 -374 2172 927 1114 1652 0 31621952
484 2231 -286 2275 782 1353 1591 653 2163 -351 2247 927 1151 1615 0 31742048
488 2271 -341 2350 820 1418 1629 746 2164 -294 2247 927 1011 1577 0 31861988
551 2260 -320 2350 857 1353 1591 675 2121 -333 2209 964 1114 1577 0 31980856
460 2199 -316 2223 782 1353 1629 699 2096 -325 2172 964 1049 1577 0 32099644
472 2184 -336 2223 820 1353 1629 651 2142 -318 2247 974 1189 1540 0 32220804
500 2198 -385 2261 857 1353 1666 709 2130 -381 2247 1011 1114 1615 0 32338436
470 2208 -339 2261 820 1380 1629 734 2099 -282 2209 1011 1049 1502 0 32459748
492 2204 -274 2261 820 1353 1554 726 2130 -375 2247 1011 1086 1615 0 32579752
427 2160 -355 2186 820 1394 1652 746 2185 -344 2322 1011 1114 1577 0 32698644
443 2180 -328 2223 820 1394 1615 717 2192 -303 2284 927 1086 1577 0 32815092
444 2177 -296 2223 820 1394 1577 693 2159 -283 2247 927 1086 1540 0 32937536
434 2199 -334 2261 820 1432 1615 677 2135 -314 2209 927 1086 1577 0 33053984
427 2158 -351 2223 857 1432 1615 707 2147 -327 2247 964 1086 1577 0 33173944
450 2211 -268 2223 745 1353 1591 708 2217 -314 2298 889 1086 1615 0 33293968
488 2234 -340 2298 820 1380 1629 768 2200 -288 2298 927 1011 1577 0 33414048
524 2218 -293 2298 857 1353 1554 725 2200 -272 2298 927 1086 1540 0 33532992
440 2201 -347 2223 782 1380 1666 753 2199 -273 2336 1002 1114 1502 0 33651836
459 2220 -288 2261 782 1380 1591 642 2146 -352 2223 927 1151 1615 0 33771900
478 2262 -314 2312 773 1380 1629 739 2188 -317 2298 964 1086 1577 0 33890768
423 2245 -266 2275 736 1418 1591 699 2169 -282 2261 927 1086 1540 0 34010692
475 2284 -239 2350 773 1418 1554 695 2183 -303 2298 964 1151 1540 0 34130704
416 2264 -269 2312 736 1455 1591 794 2202 -320 2336 1002 1049 1577 0 34250660
423 2245 -266 2275 736 1418 1591 713 2157 -326 2261 964 1086 1577 0 34368324
444 2213 -291 2186 698 1315 1652 744 2161 -314 2261 964 1049 1577 0 34487228
473 2227 -301 2261 773 1353 1615 0 0 0 2298 964 1072 1540 2 34609596
429 2219 -273 2261 773 1418 1577 735 2125 -366 2261 1049 1110 1577 0 34731708
411 2198 -303 2223 773 1418 1615 736 2167 -346 2298 1011 1110 1577 0 34845828
0 0 0 2223 736 1418 1615 688 2125 -307 2223 974 1110 1540 1 34964724
511 2248 -366 2312 820 1353 1666 735 2129 -343 2247 1011 1072 1577 0 35088016
495 2244 -340 2312 820 1380 1629 673 2157 -386 2284 1011 1203 1601 0 35205752
488 2206 -388 2275 857 1380 1666 703 2101 -339 2209 1011 1100 1563 0 35323440
460 2189 -307 2237 820 1380 1591 701 2130 -373 2247 1011 1128 1601 0 35442320
449 2215 -343 2275 820 1418 1629 718 2199 -380 2322 974 1128 1638 0 35562304
557 2257 -331 2350 875 1353 1591 699 2109 -338 2247 1049 1165 1526 0 35682388
462 2199 -374 2275 857 1418 1629 681 2114 -277 2209 974 1114 1502 0 35800036
465 2230 -288 2275 782 1380 1591 665 2090 -310 2172 974 1114 1540 0 35920112
443 2168 -336 2200 820 1380 1629 711 2102 -348 2209 1011 1086 1577 0 36040128
462 2199 -374 2275 857 1418 1629 695 2143 -336 2247 974 1114 1577 0 36160136
424 2151 -261 2223 857 1432 1516 728 2128 -316 2247 1011 1086 1540 0 36279036
414 2178 -341 2223 820 1432 1629 750 2126 -279 2247 1011 1049 1502 0 36399068
370 2199 -384 2261 820 1507 1666 692 2080 -345 2172 1002 1086 1577 0 36518008
414 2178 -341 2223 820 1432 1629 711 2172 -266 2284 964 1114 1502 0 36637976
381 2167 -275 2223 820 1469 1554 731 2144 -261 2247 964 1049 1502 0 36756764
482 2232 -249 2275 773 1353 1554 683 2169 -286 2261 927 1114 1540 0 36876792
379 2217 -265 2237 736 1455 1591 734 2212 -291 2336 964 1114 1540 0 36996748
445 2207 -283 2237 773 1380 1591 715 2167 -323 2298 1011 1151 1540 0 37116712
439 2258 -213 2275 698 1380 1554 701 2126 -332 2223 974 1086 1577 0 37236752
452 2244 -232 2275 736 1380 1554 771 2154 -253 2261 974 1011 1502 0 37353244
446 2264 -197 2312 736 1418 1516 727 2156 -348 2284 1011 1114 1577 0 37475568
461 2236 -315 2275 773 1380 1629 760 2128 -381 2284 1086 1114 1577 0 37592024
451 2259 -318 2312 773 1418 1629 678 2094 -302 2172 964 1086 1540 0 37712176
433 2225 -295 2237 736 1380 1629 661 2094 -305 2172 964 1114 1540 0 37831072
478 2262 -314 2312 773 1380 1629 676 2119 -304 2209 964 1114 1540 0 37949960
480 2259 -283 2312 773 1380 1591 713 2157 -326 2261 964 1086 1577 0 38070032
455 2262 -243 2275 698 1353 1591 0 0 0 2223 1002 1086 1615 2 38190004
468 2248 -262 2275 736 1353 1591 753 2165 -278 2298 1011 1086 1502 0 38309720
461 2236 -315 2275 773 1380 1629 751 2124 -331 2261 1049 1086 1540 0 38428516
511 2276 -334 2350 811 1380 1629 734 2186 -309 2336 1049 1189 1502 0 38547424
465 2167 -357 2223 857 1380 1629 679 2075 -324 2172 1011 1114 1540 0 38667564
388 2188 -298 2186 745 1418 1629 673 2098 -265 2209 1011 1151 1465 0 38786524
435 2172 -418 2223 857 1418 1704 695 2101 -323 2209 1011 1114 1540 0 38905392
473 2181 -305 2223 820 1353 1591 713 2127 -289 2247 1011 1114 1502 0 39025464
431 2217 -290 2261 782 1418 1591 682 2090 -306 2172 974 1086 1540 0 39145616
465 2230 -288 2275 782 1380 1591 670 2099 -309 2186 974 1114 1540 0 39264440
464 2232 -319 2275 782 1380 1629 734 2124 -336 2261 1049 1114 1540 0 39384500
510 2227 -362 2312 857 1380 1629 677 2156 -306 2261 964 1151 1540 0 39503332
488 2271 -341 2350 820 1418 1629 700 2196 -282 2298 927 1114 1540 0 39623424
452 2259 -353 2312 782 1418 1666 700 2155 -268 2261 964 1114 1502 0 39743400
455 2256 -324 2312 782 1418 1629 661 2094 -305 2172 964 1114 1540 0 39862176
484 2231 -286 2275 782 1353 1591 633 2159 -296 2247 927 1189 1540 0 39982144
454 2241 -236 2275 745 1380 1554 690 2105 -349 2209 1002 1114 1577 0 40099784
448 2261 -239 2312 745 1418 1554 678 2133 -286 2209 927 1086 1540 0 40221012
452 2259 -353 2312 782 1418 1666 704 2159 -321 2284 1002 1151 1540 0 40338668
483 2256 -287 2312 782 1380 1591 683 2169 -286 2261 927 1114 1540 0 40458636
501 2257 -285 2312 782 1353 1591 683 2127 -272 2223 964 1114 1502 0 40577440
492 2295 -232 2350 745 1380 1554 746 2085 -308 2186 1011 1011 1540 0 40697400
458 2250 -292 2312 782 1418 1591 739 2146 -397 2261 1011 1086 1652 0 40817444
420 2201 -289 2237 782 1418 1591 670 2140 -395 2261 1011 1189 1615 0 40936232
439 2262 -349 2312 773 1432 1666 701 2126 -332 2223 974 1086 1577 0 41055120
480 2275 -293 2312 736 1357 1629 770 2136 -351 2298 1086 1114 1540 0 41175156
402 2269 -302 2312 736 1469 1629 671 2175 -320 2298 974 1203 1540 0 41295156
485 2291 -345 2350 773 1394 1666 723 2148 -378 2298 1049 1165 1577 0 41414012
383 2248 -330 2275 736 1469 1666 709 2139 -353 2261 1011 1128 1577 0 41532916
506 2280 -275 2350 782 1380 1577 691 2112 -355 2223 1011 1128 1577 0 41653060
560 2227 -277 2312 857 1315 1540 684 2163 -368 2298 1011 1203 1577 0 41772008
516 2243 -293 2312 820 1353 1577 693 2170 -294 2298 1011 1189 1502 0 41892028
484 2255 -276 2312 782 1380 1577 720 2179 -301 2298 974 1114 1540 0 42012088
449 2200 -243 2237 782 1380 1540 695 2139 -357 2261 1011 1151 1577 0 42132052
413 2196 -320 2223 782 1418 1629 0 0 0 2284 1011 1011 1577 2 42250900
451 2239 -265 2298 782 1418 1554 710 2129 -351 2247 1011 1114 1577 0 42369532
0 0 0 2223 782 1418 1629 662 2133 -289 2209 927 1114 1540 1 42489512
472 2184 -336 2223 820 1353 1629 595 2101 -308 2134 889 1151 1577 0 42610404
506 2235 -337 2298 820 1353 1629 0 0 0 2172 964 1114 1577 2 42730428
491 2249 -388 2312 820 1380 1690 722 2091 -359 2209 1039 1086 1577 0 42847748
0 0 0 2312 820 1380 1615 691 2104 -320 2209 1002 1114 1540 1 42967848
445 2213 -365 2237 782 1380 1690 656 2090 -311 2172 974 1128 1540 0 43087744
488 2270 -365 2350 820 1418 1652 670 2076 -356 2172 1011 1128 1577 0 43207744
497 2261 -335 2312 782 1353 1652 677 2151 -370 2284 1011 1203 1577 0 43326576
493 2227 -311 2298 820 1380 1591 672 2115 -310 2209 974 1128 1540 0 43443092
486 2187 -330 2261 857 1380 1591 681 2128 -330 2247 1011 1165 1540 0 43565504
454 2179 -307 2223 820 1380 1591 724 2160 -344 2284 1002 1114 1577 0 43684292
440 2201 -347 2223 782 1380 1666 675 2099 -385 2172 964 1086 1652 0 43804332
500 2183 -302 2223 820 1315 1591 676 2119 -304 2209 964 1114 1540 0 43924320
521 2246 -250 2298 782 1315 1554 0 0 0 2247 964 1114 1577 2 44040784
484 2188 -259 2261 857 1380 1516 732 2178 -319 2284 964 1086 1577 0 44162896
461 2196 -285 2223 782 1353 1591 732 2208 -350 2322 964 1114 1615 0 44280564
445 2199 -313 2261 820 1418 1591 679 2158 -255 2247 927 1114 1502 0 44399432
502 2178 -238 2223 820 1315 1516 717 2192 -303 2284 927 1086 1577 0 44519488
813 2740 -114 2223 820 1380 1666 732 2178 -319 2284 964 1086 1577 0 44639524
481 2203 -365 2247 820 1353 1666 701 2165 -307 2247 927 1086 1577 0 44761852
470 2215 -317 2247 782 1353 1629 704 2162 -310 2247 936 1086 1577 0 44879464
466 2193 -276 2247 820 1380 1554 729 2169 -298 2284 974 1086 1540 0 44998244
496 2207 -295 2284 857 1380 1554 727 2129 -346 2247 1011 1086 1577 0 45118224
504 2248 -283 2322 820 1380 1563 736 2166 -316 2298 1011 1114 1540 0 45234720
520 2240 -253 2312 820 1353 1526 717 2153 -330 2261 974 1086 1577 0 45357216
503 2255 -261 2312 782 1353 1563 726 2212 -294 2336 964 1128 1540 0 45473564
505 2256 -343 2350 857 1418 1601 739 2212 -320 2336 964 1100 1577 0 45593544
510 2231 -302 2312 857 1380 1563 734 2187 -397 2336 1039 1165 1615 0 45713528
450 2247 -263 2275 736 1380 1591 683 2143 -356 2261 1002 1165 1577 0 45832448
396 2169 -250 2186 773 1418 1554 660 2183 -272 2261 889 1128 1540 0 45951252
448 2212 -232 2223 736 1353 1554 742 2230 -296 2336 927 1086 1577 0 46071272
444 2250 -318 2298 773 1418 1629 776 2175 -355 2298 1002 1049 1615 0 46192520
428 2221 -285 2261 773 1418 1591 697 2157 -330 2261 964 1114 1577 0 46311340
399 2165 -255 2186 782 1418 1554 709 2145 -298 2247 964 1086 1540 0 46428956
444 2199 -278 2261 820 1418 1554 706 2141 -331 2209 927 1049 1615 0 46548924
450 2211 -268 2223 745 1353 1591 726 2087 -363 2209 1049 1086 1577 0 46668900
476 2224 -317 2261 782 1353 1629 717 2116 -327 2209 974 1049 1577 0 46787748
0 0 0 2223 857 1353 1516 727 2129 -346 2247 1011 1086 1577 1 46907804
423 2134 -322 2148 820 1380 1615 767 2152 -357 2298 1049 1086 1577 0 47027552
480 2198 -406 2261 857 1380 1690 709 2169 -413 2298 1011 1151 1652 0 47146432
485 2168 -343 2223 857 1353 1615 752 2166 -311 2298 1011 1086 1540 0 47266456
437 2161 -354 2186 820 1380 1652 793 2193 -232 2336 1011 1049 1465 0 47385392
453 2192 -381 2261 857 1418 1652 733 2139 -345 2261 1011 1086 1577 0 47504232
435 2210 -259 2261 782 1418 1554 804 2138 -364 2298 1086 1049 1577 0 47624296
454 2179 -307 2223 820 1380 1591 802 2170 -321 2298 1011 1011 1577 0 47744352
492 2204 -274 2261 820 1353 1554 733 2181 -260 2298 964 1086 1502 0 47864456
430 2221 -322 2261 782 1418 1629 786 2196 -295 2336 1002 1049 1540 0 47980972
456 2187 -365 2261 857 1418 1629 730 2170 -343 2298 1002 1114 1577 0 48101004
470 2208 -339 2261 820 1380 1629 662 2133 -289 2209 927 1114 1540 0 48222204
477 2218 -340 2275 820 1380 1629 693 2078 -286 2172 1002 1086 1502 0 48342296
483 2256 -287 2312 782 1380 1591 775 2128 -404 2284 1086 1086 1615 0 48458764
465 2230 -288 2275 782 1380 1591 695 2101 -323 2209 1011 1114 1540 0 48578868
444 2267 -271 2312 745 1418 1591 729 2127 -285 2247 1011 1086 1502 0 48698996
429 2260 -280 2275 707 1394 1629 0 0 0 2223 1049 1086 1540 2 48817872
409 2210 -347 2275 820 1469 1629 751 2124 -331 2261 1049 1086 1540 0 48936468
462 2233 -245 2312 820 1432 1516 734 2138 -315 2261 1011 1086 1540 0 49055352
380 2200 -323 2237 782 1469 1629 716 2095 -339 2223 1049 1114 1540 0 49176608
439 2210 -315 2275 820 1432 1591 703 2152 -305 2261 974 1114 1540 0 49295504
450 2249 -329 2275 745 1380 1666 767 2139 -380 2298 1086 1114 1577 0 49414364
413 2206 -375 2261 820 1455 1666 789 2151 -319 2298 1049 1049 1540 0 49534412
462 2228 -312 2298 820 1418 1591 753 2103 -357 2261 1086 1114 1540 0 49654484
426 2175 -316 2186 782 1380 1629 733 2139 -345 2261 1011 1086 1577 0 49772180
463 2228 -346 2298 820 1418 1629 755 2196 -311 2336 1011 1114 1540 0 49893532
456 2206 -341 2223 773 1353 1666 695 2101 -323 2209 1011 1114 1540 0 50012436
461 2236 -315 2275 773 1380 1629 712 2101 -319 2209 1011 1086 1540 0 50132468
461 2236 -315 2275 773 1380 1629 712 2101 -319 2209 1011 1086 1540 0 50251404
404 2227 -326 2237 736 1418 1666 665 2128 -365 2247 1011 1189 1577 0 50371556
467 2242 -307 2312 811 1418 1591 710 2129 -351 2247 1011 1114 1577 0 50490504
496 2246 -265 2275 745 1315 1591 717 2112 -347 2223 1011 1086 1577 0 50609348
461 2196 -285 2223 782 1353 1591 737 2137 -251 2261 1011 1086 1465 0 50730636
425 2178 -345 2186 782 1380 1666 677 2112 -359 2223 1011 1151 1577 0 50849588
429 2224 -351 2261 782 1418 1666 676 2133 -338 2261 1011 1189 1540 0 50969728
424 2183 -369 2223 820 1418 1666 720 2151 -269 2261 974 1086 1502 0 51086296
451 2208 -237 2223 745 1353 1554 752 2123 -299 2261 1049 1086 1502 0 51206324
478 2215 -308 2275 820 1380 1591 706 2157 -346 2298 1049 1189 1540 0 51328824
500 2286 -318 2350 782 1380 1629 659 2172 -350 2261 927 1151 1615 0 51445320
470 2269 -268 2312 745 1380 1591 715 2156 -296 2261 964 1086 1540 0 51564136
481 2258 -319 2312 782 1380 1629 697 2114 -319 2223 1002 1114 1540 0 51684116
510 2231 -294 2312 857 1380 1554 709 2214 -360 2336 964 1151 1615 0 51804148
412 2199 -349 2223 782 1418 1666 708 2127 -339 2261 1039 1151 1540 0 51923016
459 2220 -288 2261 782 1380 1591 734 2138 -315 2261 1011 1086 1540 0 52041860
448 2214 -297 2223 745 1353 1629 749 2124 -361 2261 1049 1086 1577 0 52161904
460 2217 -256 2261 782 1380 1554 739 2111 -312 2223 1011 1049 1540 0 52282004
466 2164 -326 2223 857 1380 1591 712 2101 -319 2209 1011 1086 1540 0 52400832
427 2220 -356 2223 745 1380 1704 680 2115 -308 2209 974 1114 1540 0 52520936
486 2166 -324 2223 857 1353 1591 663 2110 -316 2172 927 1086 1577 0 52639768
660 2487 -216 2223 782 1353 1591 706 2067 -389 2172 1039 1086 1615 0 52759836
471 2187 -364 2223 820 1353 1666 709 2103 -284 2209 1002 1086 1502 0 52881044
421 2216 -291 2261 782 1432 1591 715 2156 -296 2261 964 1086 1540 0 52998780
421 2209 -269 2223 745 1394 1591 658 2130 -338 2223 964 1151 1577 0 53117664
440 2239 -256 2298 782 1432 1554 697 2181 -338 2298 974 1151 1577 0 53238900
506 2233 -306 2298 820 1357 1591 699 2180 -307 2298 974 1151 1540 0 53356600
443 2188 -372 2261 857 1432 1629 701 2153 -335 2261 974 1114 1577 0 53475444
402 2199 -333 2261 820 1469 1615 713 2167 -354 2298 1011 1151 1577 0 53596612
414 2222 -226 2261 745 1432 1540 770 2183 -359 2336 1049 1114 1577 0 53715576
433 2206 -328 2298 857 1469 1577 732 2197 -350 2336 1011 1151 1577 0 53835600
431 2198 -265 2261 820 1432 1540 738 2166 -283 2298 1011 1114 1502 0 53954528
455 2158 -286 2223 857 1394 1540 719 2152 -300 2261 974 1086 1540 0 54074668
472 2219 -332 2298 857 1418 1591 758 2142 -388 2284 1049 1086 1615 0 54193596
488 2269 -377 2350 820 1418 1666 685 2087 -405 2209 1049 1151 1615 0 54313612
533 2274 -335 2350 820 1353 1629 726 2130 -375 2247 1011 1086 1615 0 54430164
504 2255 -253 2312 782 1353 1554 712 2100 -288 2209 1011 1086 1502 0 54552684
448 2204 -288 2237 782 1380 1591 727 2129 -346 2247 1011 1086 1577 0 54669088
409 2216 -270 2237 745 1418 1591 719 2152 -300 2261 974 1086 1540 0 54791552
481 2260 -266 2298 745 1353 1591 754 2139 -338 2261 1011 1049 1577 0 54911572
496 2198 -242 2261 820 1353 1516 0 0 0 2261 1002 1049 1540 2 55028008
475 2198 -278 2261 820 1380 1554 728 2171 -373 2298 1002 1114 1615 0 55147836
438 2158 -330 2223 857 1418 1591 712 2144 -376 2261 1002 1114 1615 0 55266616
456 2223 -283 2261 773 1380 1591 701 2165 -307 2247 927 1086 1577 0 55387832
539 2246 -264 2312 811 1315 1554 723 2165 -300 2247 927 1049 1577 0 55506676
451 2259 -318 2312 773 1418 1629 725 2172 -294 2284 964 1086 1540 0 55626684
512 2247 -300 2312 811 1353 1591 674 2122 -362 2209 964 1114 1615 0 55746680
481 2234 -281 2275 773 1353 1591 656 2159 -292 2247 927 1151 1540 0 55865496
507 2206 -321 2275 848 1353 1591 723 2165 -300 2247 927 1049 1577 0 55984392
481 2234 -281 2275 773 1353 1591 723 2133 -342 2247 1002 1086 1577 0 56103200
478 2262 -314 2312 773 1380 1629 727 2156 -348 2284 1011 1114 1577 0 56224428
481 2234 -281 2275 773 1353 1591 712 2143 -331 2247 974 1086 1577 0 56343324
452 2223 -263 2237 736 1353 1591 672 2145 -371 2247 974 1151 1615 0 56460956
465 2194 -341 2275 875 1418 1591 717 2116 -327 2209 974 1049 1577 0 56579744
536 2258 -294 2350 857 1380 1554 671 2101 -359 2209 1011 1151 1577 0 56699772
467 2206 -286 2237 782 1353 1591 712 2143 -331 2247 974 1086 1577 0 56819824
482 2209 -278 2275 820 1380 1554 686 2100 -326 2209 1011 1128 1540 0 56938652
448 2204 -288 2237 782 1380 1591 613 2101 -404 2209 1011 1240 1615 0 57057440
420 2199 -396 2275 857 1469 1666 685 2140 -390 2261 1011 1165 1615 0 57177556
462 2233 -245 2312 820 1432 1516 693 2153 -337 2261 974 1128 1577 0 57296404
398 2221 -297 2275 782 1469 1591 691 2155 -367 2261 974 1128 1615 0 57416440
430 2233 -319 2312 820 1469 1591 733 2139 -345 2261 1011 1086 1577 0 57535252
447 2251 -249 2312 782 1432 1554 755 2196 -311 2336 1011 1114 1540 0 57655292
456 2253 -288 2312 773 1418 1591 728 2128 -316 2247 1011 1086 1540 0 57774192
425 2172 -250 2186 773 1380 1554 0 0 0 2247 1011 1086 1540 2 57894332
412 2197 -322 2186 736 1380 1666 778 2127 -344 2284 1086 1086 1540 0 58014064
366 2210 -252 2261 773 1493 1554 727 2170 -328 2284 974 1086 1577 0 58132924
473 2228 -312 2261 773 1353 1629 710 2085 -339 2209 1049 1114 1540 0 58253000
423 2179 -312 2186 773 1380 1629 755 2196 -311 2336 1011 1114 1540 0 58371876
456 2223 -283 2261 773 1380 1591 767 2152 -357 2298 1049 1086 1577 0 58491936
409 2155 -311 2148 773 1380 1629 715 2156 -296 2261 964 1086 1540 0 58611988
487 2210 -301 2261 811 1353 1591 692 2196 -284 2298 927 1128 1540 0 58730816
472 2215 -262 2223 736 1315 1591 637 2143 -295 2223 927 1165 1540 0 58850892
454 2166 -358 2223 857 1394 1629 723 2182 -294 2298 964 1100 1540 0 58970900
467 2250 -344 2350 857 1469 1591 687 2184 -305 2298 964 1165 1540 0 59088488
471 2209 -312 2275 820 1394 1591 729 2198 -331 2336 1011 1165 1540 0 59207280
0 0 0 2275 820 1507 1629 698 2137 -294 2261 1011 1151 1502 1 59327316
407 2209 -314 2275 820 1469 1591 732 2125 -396 2261 1049 1114 1615 0 59448340
462 2233 -283 2275 773 1380 1591 751 2153 -363 2298 1049 1114 1577 0 59564840
434 2260 -266 2298 736 1418 1591 737 2166 -304 2298 1011 1114 1526 0 59684856
445 2235 -232 2261 736 1380 1554 699 2113 -275 2223 1002 1114 1488 0 59804972
438 2202 -313 2223 773 1380 1629 786 2227 -282 2373 1002 1086 1526 0 59923812
418 2232 -233 2261 736 1418 1554 718 2182 -251 2298 964 1114 1488 0 60043884
423 2130 -291 2148 820 1380 1577 672 2144 -263 2247 964 1151 1488 0 60162836
431 2219 -310 2261 782 1418 1615 647 2109 -291 2172 927 1114 1540 0 60282940
459 2219 -276 2261 782 1380 1577 707 2147 -327 2247 964 1086 1577 0 60401788
472 2204 -296 2261 820 1380 1577 738 2150 -287 2247 964 1049 1540 0 60521728
414 2191 -277 2223 782 1418 1577 661 2094 -305 2172 964 1114 1540 0 60641696
427 2216 -295 2223 736 1380 1629 678 2093 -271 2172 964 1086 1502 0 60760508
446 2253 -324 2275 736 1380 1666 715 2117 -265 2209 964 1049 1502 0 60879336
482 2232 -249 2275 773 1353 1554 666 2064 -371 2172 1039 1151 1577 0 60999400
459 2239 -343 2275 773 1380 1666 631 2116 -282 2209 964 1189 1502 0 61118268
434 2233 -317 2275 773 1418 1629 647 2109 -291 2172 927 1114 1540 0 61238380
379 2174 -297 2162 745 1418 1629 696 2183 -269 2298 964 1151 1502 0 61358368
468 2211 -368 2261 820 1380 1666 700 2196 -282 2298 927 1114 1540 0 61477140
460 2199 -316 2223 782 1353 1629 717 2182 -264 2298 964 1114 1502 0 61597108
398 2172 -318 2186 782 1418 1629 695 2183 -303 2298 964 1151 1540 0 61714724
483 2193 -359 2261 857 1380 1629 725 2157 -367 2298 1039 1151 1577 0 61835904
427 2216 -295 2223 736 1380 1629 675 2121 -333 2209 964 1114 1577 0 61955948
443 2253 -348 2298 773 1418 1666 724 2163 -272 2247 927 1049 1540 0 62073624
491 2250 -281 2298 773 1353 1591 626 2064 -314 2134 974 1151 1540 0 62193628
449 2189 -362 2223 811 1380 1666 733 2084 -270 2209 1049 1077 1465 0 62312432
411 2199 -315 2223 773 1418 1629 716 2102 -346 2209 1011 1077 1577 0 62432452
487 2240 -261 2261 736 1315 1591 761 2095 -325 2223 1049 1039 1540 0 62554932
489 2269 -195 2312 736 1353 1516 814 2140 -288 2261 1011 964 1540 0 62670280
486 2299 -261 2350 736 1380 1591 738 2139 -343 2261 1011 1077 1577 0 62791616
454 2286 -243 2312 698 1380 1591 631 2124 -321 2223 974 1203 1540 0 62909284
483 2302 -293 2350 736 1380 1629 654 2126 -345 2223 974 1165 1577 0 63029352
481 2274 -316 2312 745 1357 1652 662 2101 -362 2209 1011 1165 1577 0 63148160
454 2246 -395 2312 820 1432 1690 656 2128 -368 2247 1011 1203 1577 0 63268152
426 2240 -338 2312 820 1469 1615 667 2120 -335 2209 964 1128 1577 0 63388280
425 2231 -342 2275 782 1432 1652 628 2095 -341 2172 964 1165 1577 0 63507224
443 2257 -343 2312 782 1432 1652 607 2132 -300 2209 927 1203 1540 0 63627200
507 2208 -385 2275 857 1353 1666 642 2183 -319 2298 964 1240 1540 0 63745992
504 2216 -363 2298 857 1380 1629 687 2158 -362 2261 964 1128 1615 0 63864780
441 2209 -372 2261 820 1418 1666 663 2138 -367 2261 1011 1203 1577 0 63985988
440 2201 -347 2223 782 1380 1666 676 2133 -338 2261 1011 1189 1540 0 64105988
503 2218 -330 2298 857 1380 1591 693 2183 -397 2298 974 1151 1652 0 64224904
479 2263 -250 2298 736 1353 1577 733 2124 -367 2261 1049 1114 1577 0 64343708
489 2207 -257 2261 811 1353 1540 752 2166 -311 2298 1011 1086 1540 0 64463680
476 2221 -237 2261 773 1353 1540 687 2139 -288 2223 936 1086 1540 0 64583780
458 2192 -252 2186 736 1315 1577 732 2168 -377 2298 1011 1114 1615 0 64701420
444 2237 -252 2261 736 1380 1577 697 2181 -338 2298 974 1151 1577 0 64822716
479 2230 -307 2298 811 1394 1591 750 2166 -341 2298 1011 1086 1577 0 64941588
0 0 0 2200 736 1394 1591 684 2151 -245 2261 974 1151 1465 1 65061668
0 0 0 2350 811 1394 1629 718 2138 -320 2261 1011 1114 1540 1 65180200
395 2276 -248 2312 698 1469 1591 750 2166 -341 2298 1011 1086 1577 0 65300004
453 2294 -267 2350 736 1432 1591 703 2152 -305 2261 974 1114 1540 0 65418936
423 2180 -312 2237 820 1432 1591 734 2167 -347 2298 1011 1114 1577 0 65536488
441 2210 -347 2275 820 1432 1629 711 2168 -385 2298 1011 1151 1615 0 65656496
474 2221 -304 2312 857 1432 1554 674 2115 -355 2223 1002 1151 1577 0 65775400
447 2251 -249 2312 782 1432 1554 677 2156 -306 2261 964 1151 1540 0 65895556
453 2263 -320 2350 820 1469 1591 731 2182 -292 2298 964 1086 1540 0 66014412
487 2275 -306 2350 811 1418 1591 760 2118 -350 2247 1039 1049 1577 0 66135632
414 2190 -263 2186 736 1380 1591 674 2122 -362 2209 964 1114 1615 0 66253296
454 2226 -314 2261 773 1380 1629 697 2115 -304 2209 974 1086 1540 0 66373388
447 2214 -264 2223 736 1353 1591 711 2102 -348 2209 1011 1086 1577 0 66493340
447 2214 -264 2223 736 1353 1591 743 2156 -343 2284 1011 1086 1577 0 66612272
493 2227 -311 2298 820 1380 1591 617 2133 -361 2209 936 1189 1615 0 66733580
497 2217 -306 2275 820 1353 1591 758 2174 -316 2284 974 1049 1577 0 66850056
527 2232 -356 2312 857 1353 1629 717 2116 -327 2209 974 1049 1577 0 66972428
501 2162 -304 2237 875 1353 1554 637 2102 -398 2209 1011 1203 1615 0 67091200
480 2229 -355 2312 857 1418 1629 699 2108 -351 2247 1049 1165 1540 0 67207644
479 2214 -296 2275 820 1380 1577 694 2125 -305 2223 974 1100 1540 0 67327772
436 2221 -288 2237 745 1380 1615 691 2155 -373 2261 974 1128 1624 0 67447796
537 2300 -358 2388 820 1380 1652 733 2216 -391 2336 974 1128 1662 0 67567876
488 2205 -378 2275 857 1380 1652 748 2168 -378 2298 1011 1086 1624 0 67686720
451 2210 -304 2275 820 1418 1577 771 2123 -331 2261 1049 1049 1549 0 67805564
479 2305 -379 2388 820 1455 1666 708 2132 -415 2247 1011 1114 1662 0 67924412
414 2192 -289 2223 782 1418 1591 696 2098 -400 2247 1086 1189 1577 0 68044480
442 2205 -343 2261 820 1418 1629 742 2115 -391 2247 1049 1086 1615 0 68163356
444 2199 -278 2261 820 1418 1554 710 2104 -377 2209 1011 1086 1615 0 68283500
438 2159 -336 2186 820 1380 1629 726 2114 -367 2247 1049 1114 1577 0 68402420
486 2163 -293 2223 857 1353 1554 732 2104 -370 2209 1011 1049 1615 0 68522468
467 2227 -256 2275 782 1380 1554 709 2087 -369 2209 1049 1114 1577 0 68642616
488 2249 -257 2312 782 1380 1554 733 2101 -313 2209 1011 1049 1540 0 68762644
471 2221 -223 2275 782 1380 1516 732 2102 -341 2209 1011 1049 1577 0 68880332
449 2215 -343 2275 820 1418 1629 728 2113 -337 2247 1049 1114 1540 0 69000356
467 2244 -364 2312 820 1418 1652 720 2179 -301 2298 974 1114 1540 0 69120404
493 2246 -358 2312 820 1380 1652 787 2152 -349 2298 1049 1049 1577 0 69239236
448 2217 -362 2275 820 1418 1652 786 2143 -326 2261 1011 1011 1577 0 69359252
429 2199 -354 2275 857 1455 1615 772 2195 -272 2336 1011 1086 1502 0 69479372
488 2205 -378 2275 857 1380 1652 0 0 0 2336 1011 1086 1577 2 69598236
475 2218 -304 2275 811 1380 1591 753 2207 -291 2336 974 1086 1540 0 69716844
464 2230 -251 2275 773 1380 1554 750 2166 -341 2298 1011 1086 1577 0 69835588
467 2242 -307 2312 811 1418 1591 751 2199 -307 2336 1002 1114 1540 0 69958112
475 2284 -293 2350 773 1418 1591 714 2184 -327 2298 964 1114 1577 0 70074692
412 2259 -246 2275 698 1418 1591 715 2156 -296 2261 964 1086 1540 0 70194748
406 2230 -320 2275 773 1455 1629 715 2117 -265 2209 964 1049 1502 0 70313576
444 2250 -318 2298 773 1418 1629 687 2130 -291 2247 1002 1151 1502 0 70434780
471 2252 -315 2298 773 1380 1629 763 2141 -296 2284 1049 1086 1502 0 70552540
417 2235 -266 2261 736 1418 1591 656 2074 -330 2172 1011 1151 1540 0 70672544
447 2214 -264 2223 736 1353 1591 742 2147 -319 2247 974 1049 1577 0 70791472
432 2199 -268 2261 820 1432 1554 678 2033 -340 2134 1049 1114 1540 0 70912624
400 2249 -237 2298 745 1469 1554 728 2128 -316 2247 1011 1086 1540 0 71029156
387 2175 -347 2186 782 1432 1666 664 2048 -294 2134 1011 1114 1502 0 71149212
364 2199 -236 2223 745 1469 1554 656 2117 -343 2209 974 1151 1577 0 71269216
364 2203 -269 2223 745 1469 1591 727 2086 -334 2209 1049 1086 1540 0 71388068
425 2180 -340 2223 820 1418 1629 751 2124 -331 2261 1049 1086 1540 0 71508108
475 2198 -278 2261 820 1380 1554 734 2167 -347 2298 1011 1114 1577 0 71628144
430 2213 -299 2223 745 1380 1629 1039 2644 39 2298 1049 1151 1502 0 71747056
463 2228 -346 2298 820 1418 1629 700 2154 -364 2261 974 1114 1615 0 71868356
490 2252 -346 2298 782 1353 1666 725 2110 -421 2261 1086 1151 1615 0 71986008
471 2252 -315 2298 773 1380 1629 751 2124 -331 2261 1049 1086 1540 0 72106116
438 2202 -313 2223 773 1380 1629 711 2124 -374 2261 1049 1151 1577 0 72225068
597 2468 -216 2223 736 1380 1591 699 2156 -300 2261 964 1114 1540 0 72345152
416 2239 -297 2261 736 1418 1629 713 2157 -326 2261 964 1086 1577 0 72465160
457 2203 -312 2223 773 1353 1629 734 2169 -279 2298 1002 1114 1502 0 72583964
450 2216 -257 2261 782 1394 1554 701 2195 -249 2298 927 1114 1502 0 72704064
426 2229 -324 2275 782 1432 1629 677 2156 -306 2261 964 1151 1540 0 72822904
425 2233 -353 2275 782 1432 1666 714 2184 -327 2298 964 1114 1577 0 72940552
441 2210 -347 2275 820 1432 1629 699 2161 -260 2223 889 1049 1540 0 73061828
479 2233 -317 2275 782 1357 1629 662 2170 -290 2261 927 1151 1540 0 73180660
490 2273 -310 2350 820 1418 1591 637 2171 -326 2261 927 1189 1577 0 73298304
474 2216 -397 2298 857 1418 1666 677 2156 -306 2261 964 1151 1540 0 73418356
484 2240 -398 2298 820 1380 1704 718 2138 -320 2261 1011 1114 1540 0 73538356
457 2223 -319 2261 782 1380 1629 734 2138 -315 2261 1011 1086 1540 0 73658388
453 2182 -337 2223 820 1380 1629 700 2154 -364 2261 974 1114 1615 0 73777292
428 2221 -285 2261 773 1418 1591 695 2139 -357 2261 1011 1151 1577 0 73896048
471 2312 -241 2350 698 1380 1591 702 2109 -291 2223 1011 1114 1502 0 74016040
454 2286 -243 2312 698 1380 1591 732 2140 -374 2261 1011 1086 1615 0 74134996
406 2230 -320 2275 773 1455 1629 749 2153 -394 2298 1049 1114 1615 0 74255112
482 2257 -250 2312 773 1380 1554 753 2153 -333 2298 1049 1114 1540 0 74375136
464 2259 -200 2275 698 1343 1540 717 2153 -330 2261 974 1086 1577 0 74494068
469 2238 -250 2261 736 1343 1577 686 2061 -349 2148 1011 1086 1577 0 74614088
490 2201 -268 2223 773 1306 1577 666 2145 -318 2223 927 1114 1577 0 74734196
483 2222 -237 2261 773 1343 1540 709 2170 -351 2298 1002 1151 1577 0 74852968
467 2197 -238 2223 773 1343 1540 0 0 0 2223 964 1151 1577 2 74971764
446 2173 -285 2186 782 1353 1591 708 2131 -318 2247 1002 1114 1540 0 75092712
499 2259 -316 2312 782 1353 1629 662 2133 -289 2209 927 1114 1540 0 75211584
560 2273 -298 2350 820 1315 1591 683 2108 -386 2247 1049 1189 1577 0 75330492
495 2244 -340 2312 820 1380 1629 728 2128 -316 2247 1011 1086 1540 0 75449340
513 2246 -337 2312 820 1353 1629 695 2101 -323 2209 1011 1114 1540 0 75570624
385 2238 -277 2237 698 1432 1629 729 2153 -372 2298 1049 1151 1577 0 75689580
443 2229 -345 2261 773 1394 1666 697 2181 -338 2298 974 1151 1577 0 75809604
472 2225 -282 2261 773 1357 1591 738 2208 -295 2336 974 1114 1540 0 75928460
428 2201 -314 2223 773 1394 1629 763 2136 -244 2261 1011 1039 1465 0 76048356
449 2231 -343 2298 811 1432 1629 753 2167 -370 2298 1011 1077 1615 0 76167140
511 2238 -365 2298 820 1343 1666 725 2115 -397 2247 1049 1114 1615 0 76283708
480 2182 -304 2223 820 1343 1591 787 2170 -237 2284 974 1002 1488 0 76403848
524 2207 -270 2261 820 1306 1554 741 2140 -252 2247 974 1039 1488 0 76526300
480 2182 -304 2223 820 1343 1591 712 2128 -310 2247 1011 1114 1526 0 76642736
499 2250 -316 2298 782 1343 1629 0 0 0 2209 1011 1114 1488 2 76762768
477 2221 -286 2261 782 1353 1591 773 2195 -259 2336 1011 1086 1488 0 76882488
538 2268 -305 2350 820 1353 1591 718 2111 -318 2223 1011 1086 1540 0 77001344
469 2241 -278 2312 820 1418 1554 738 2190 -346 2298 964 1086 1615 0 77122540
493 2173 -293 2237 857 1353 1554 776 2174 -326 2298 1002 1049 1577 0 77241440
438 2240 -349 2312 820 1455 1629 708 2217 -314 2298 889 1086 1615 0 77361460
527 2257 -270 2312 782 1315 1577 0 0 0 2223 964 1086 1540 2 77479148
462 2199 -353 2275 857 1418 1615 775 2176 -382 2298 1002 1049 1652 0 77600064
526 2233 -375 2312 857 1353 1652 748 2126 -390 2261 1049 1086 1615 0 77722528
514 2245 -325 2312 820 1353 1615 766 2196 -367 2336 1011 1086 1615 0 77836600
519 2271 -289 2350 820 1380 1577 735 2179 -296 2298 974 1086 1540 0 77959080
534 2233 -355 2312 857 1343 1629 759 2099 -377 2247 1086 1086 1577 0 78076820
0 0 0 2312 820 1343 1591 767 2153 -262 2284 1011 1049 1488 1 78195684
520 2246 -335 2312 820 1343 1629 718 2116 -317 2209 974 1049 1563 0 78317956
521 2210 -311 2237 782 1268 1629 680 2115 -297 2209 974 1114 1526 0 78434320
527 2221 -332 2275 820 1306 1629 712 2169 -322 2284 974 1114 1563 0 78554264
482 2232 -249 2275 773 1353 1554 713 2127 -277 2247 1011 1114 1488 0 78673132
428 2213 -264 2223 736 1380 1591 698 2141 -274 2247 974 1114 1502 0 78791980
429 2210 -233 2223 736 1380 1554 697 2115 -304 2209 974 1086 1540 0 78912104
417 2235 -266 2261 736 1418 1591 698 2156 -359 2284 1011 1165 1577 0 79032132
489 2253 -312 2298 773 1353 1629 662 2101 -362 2209 1011 1165 1577 0 79151000
399 2165 -255 2186 782 1418 1554 705 2120 -349 2261 1049 1165 1540 0 79271072
438 2152 -273 2186 820 1380 1554 726 2138 -318 2261 1011 1100 1540 0 79389948
421 2238 -260 2298 782 1455 1554 726 2167 -350 2298 1011 1128 1577 0 79508792
493 2227 -311 2298 820 1380 1591 753 2196 -342 2336 1011 1114 1577 0 79628980
397 2170 -311 2223 820 1455 1591 753 2165 -278 2298 1011 1086 1502 0 79747840
425 2169 -243 2223 820 1418 1516 772 2123 -323 2261 1049 1049 1540 0 79867952
438 2158 -330 2223 857 1418 1591 732 2153 -350 2298 1049 1151 1540 0 79988092
415 2199 -347 2261 820 1455 1629 668 2142 -360 2261 1002 1189 1577 0 80105724
493 2227 -311 2298 820 1380 1591 764 2198 -333 2336 1002 1086 1577 0 80226984
493 2227 -311 2298 820 1380 1591 768 2168 -301 2298 1002 1049 1540 0 80345812
422 2183 -335 2223 811 1418 1629 756 2131 -377 2284 1077 1114 1577 0 80465976
407 2220 -265 2237 736 1418 1591 715 2117 -253 2209 964 1049 1488 0 80586004
469 2270 -230 2312 736 1380 1554 0 0 0 2247 927 1086 1488 2 80704808
481 2234 -281 2275 773 1353 1591 716 2116 -223 2209 964 1049 1451 0 80822116
443 2214 -342 2237 773 1380 1666 708 2104 -304 2209 1002 1086 1526 0 80942196
458 2240 -352 2312 820 1432 1629 708 2131 -306 2247 1002 1114 1526 0 81063408
427 2158 -336 2186 820 1394 1629 707 2139 -304 2209 927 1049 1577 0 81181064
461 2204 -309 2261 820 1394 1591 693 2159 -283 2247 927 1086 1540 0 81302296
403 2194 -321 2223 782 1432 1629 662 2131 -330 2247 1002 1189 1540 0 81419884
431 2204 -344 2261 820 1432 1629 707 2133 -347 2247 1002 1114 1577 0 81539980
453 2182 -337 2223 820 1380 1629 764 2198 -333 2336 1002 1086 1577 0 81660072
0 0 0 2261 782 1380 1629 714 2142 -316 2261 1002 1114 1540 1 81778988
442 2205 -343 2261 820 1418 1629 734 2138 -315 2261 1011 1086 1540 0 81897648
493 2276 -319 2336 782 1380 1629 775 2178 -331 2336 1049 1114 1540 0 82016468
435 2210 -259 2261 782 1418 1554 734 2138 -315 2261 1011 1086 1540 0 82136684
427 2224 -317 2261 773 1418 1629 752 2166 -311 2298 1011 1086 1540 0 82255564
454 2286 -243 2312 698 1380 1591 753 2153 -333 2298 1049 1114 1540 0 82374468
412 2259 -246 2275 698 1418 1591 736 2137 -283 2261 1011 1086 1502 0 82494600
450 2247 -263 2275 736 1380 1591 718 2138 -320 2261 1011 1114 1540 0 82614648
438 2261 -244 2275 698 1380 1591 733 2139 -345 2261 1011 1086 1577 0 82733560
461 2235 -303 2275 773 1380 1615 710 2129 -351 2247 1011 1114 1577 0 82853668
472 2285 -229 2312 698 1353 1577 672 2100 -329 2209 1011 1151 1540 0 82973672
463 2232 -271 2275 773 1380 1577 711 2058 -304 2172 1049 1086 1502 0 83092612
436 2263 -264 2275 698 1380 1615 718 2077 -343 2172 1011 1049 1577 0 83212736
432 2227 -313 2237 736 1380 1652 710 2129 -351 2247 1011 1114 1577 0 83331564
477 2218 -340 2275 820 1380 1629 686 2086 -376 2209 1049 1151 1577 0 83449288
495 2244 -340 2312 820 1380 1629 713 2169 -302 2284 974 1114 1540 0 83570500
510 2227 -362 2312 857 1380 1629 729 2156 -318 2284 1011 1114 1540 0 83690596
466 2245 -374 2312 820 1418 1666 672 2100 -329 2209 1011 1151 1540 0 83808248
469 2239 -346 2312 820 1418 1629 706 2157 -356 2284 1011 1151 1577 0 83927176
496 2244 -329 2312 820 1380 1615 688 2129 -358 2247 1011 1151 1577 0 84047300
492 2203 -261 2261 820 1353 1540 678 2077 -353 2172 1011 1114 1577 0 84168644
431 2219 -310 2261 782 1418 1615 690 2172 -271 2284 964 1151 1502 0 84286292
522 2249 -346 2336 857 1380 1615 738 2178 -317 2284 964 1077 1577 0 84405156
420 2231 -258 2261 745 1418 1577 670 2107 -257 2172 927 1077 1502 0 84525160
445 2235 -232 2261 736 1380 1554 752 2201 -293 2298 927 1039 1577 0 84643948
432 2263 -298 2298 736 1418 1629 727 2161 -320 2261 964 1077 1577 0 84765120
439 2199 -282 2223 773 1380 1591 762 2136 -276 2261 1011 1039 1502 0 84883984
417 2228 -246 2223 698 1380 1591 701 2111 -323 2223 1011 1114 1540 0 85002864
485 2242 -291 2261 736 1315 1629 719 2138 -288 2261 1011 1114 1502 0 85121700
447 2214 -264 2223 736 1353 1591 734 2180 -326 2298 974 1086 1577 0 85241820
493 2293 -193 2350 736 1380 1516 715 2140 -380 2261 1011 1114 1615 0 85361788
466 2251 -293 2275 736 1353 1629 733 2124 -367 2261 1049 1114 1577 0 85481740
462 2233 -283 2275 773 1380 1591 693 2140 -387 2261 1011 1151 1615 0 85600696
428 2284 -245 2312 698 1418 1591 715 2167 -323 2298 1011 1151 1540 0 85720796
458 2270 -412 2350 820 1455 1704 753 2153 -333 2298 1049 1114 1540 0 85840928
472 2251 -349 2298 782 1380 1666 714 2098 -398 2223 1049 1114 1615 0 85958636
453 2182 -337 2223 820 1380 1629 790 2213 -353 2373 1049 1114 1577 0 86078732
504 2216 -363 2298 857 1380 1629 717 2139 -350 2261 1011 1114 1577 0 86198768
520 2222 -356 2298 857 1353 1629 749 2153 -394 2298 1049 1114 1615 0 86317712
469 2207 -291 2261 811 1380 1577 695 2101 -323 2209 1011 1114 1540 0 86437832
460 2196 -238 2223 773 1353 1540 718 2115 -299 2209 974 1049 1540 0 86556788
440 2197 -271 2223 773 1380 1577 703 2115 -405 2247 1049 1151 1615 0 86676860
456 2222 -271 2261 773 1380 1577 704 2162 -310 2247 936 1086 1577 0 86796940
474 2212 -220 2223 736 1315 1540 680 2157 -320 2247 936 1114 1577 0 86915812
454 2179 -307 2223 820 1380 1591 713 2142 -301 2247 974 1086 1540 0 87032248
513 2246 -337 2312 820 1353 1629 665 2128 -365 2247 1011 1189 1577 0 87154564
448 2204 -288 2237 782 1380 1591 658 2158 -325 2247 936 1151 1577 0 87274624
495 2244 -340 2312 820 1380 1629 687 2143 -338 2247 974 1128 1577 0 87393516
524 2216 -270 2275 820 1315 1554 702 2129 -354 2247 1011 1128 1577 0 87509896
420 2199 -396 2275 857 1469 1666 716 2142 -349 2284 1049 1165 1540 0 87629968
432 2199 -323 2261 820 1432 1591 662 2101 -362 2209 1011 1165 1577 0 87748908
419 2281 -308 2336 745 1469 1629 620 2119 -346 2209 964 1203 1577 0 87869056
451 2228 -303 2298 820 1432 1591 766 2149 -279 2247 964 1002 1540 0 87987980
400 2198 -313 2261 820 1469 1591 728 2132 -341 2247 1002 1077 1577 0 88109128
0 0 0 2261 820 1469 1577 730 2170 -343 2298 1002 1114 1577 1 88228036
499 2213 -261 2275 820 1353 1540 735 2175 -297 2261 927 1039 1577 0 88347840
588 2303 -255 2388 820 1315 1540 738 2139 -343 2261 1011 1077 1577 0 88467752
481 2210 -275 2275 820 1380 1540 754 2144 -365 2261 1011 1063 1615 0 88584224
443 2231 -270 2312 820 1455 1540 777 2143 -329 2261 1011 1025 1577 0 88706736
453 2221 -240 2237 736 1353 1563 756 2184 -317 2298 974 1063 1577 0 88826788
469 2246 -239 2275 736 1353 1563 784 2156 -306 2261 974 988 1577 0 88944412
447 2212 -247 2275 811 1418 1526 780 2194 -332 2336 1011 1063 1577 0 89065544
516 2274 -270 2350 811 1380 1563 786 2224 -330 2373 1011 1086 1577 0 89182044
482 2257 -258 2312 773 1380 1563 699 2113 -381 2223 1011 1114 1615 0 89300880
432 2182 -306 2200 782 1380 1615 727 2129 -346 2247 1011 1086 1577 0 89420916
420 2193 -358 2275 857 1469 1615 736 2175 -342 2284 974 1086 1601 0 89539856
466 2219 -359 2275 820 1394 1652 725 2131 -392 2247 1011 1086 1638 0 89661012
451 2199 -385 2275 857 1432 1652 744 2156 -332 2284 1011 1086 1563 0 89779852
439 2210 -295 2275 820 1432 1577 674 2143 -331 2247 974 1151 1563 0 89898644
409 2210 -326 2275 820 1469 1615 710 2130 -370 2247 1011 1114 1601 0 90017560
438 2151 -261 2186 820 1380 1540 726 2130 -364 2247 1011 1086 1601 0 90137584
485 2188 -275 2261 857 1380 1540 0 0 0 2284 1011 1086 1601 2 90257716
427 2169 -265 2223 820 1418 1540 750 2113 -319 2247 1049 1077 1526 0 90377488
414 2194 -309 2223 782 1418 1615 725 2070 -344 2209 1086 1114 1526 0 90496296
741 2694 26 2223 736 1380 1540 714 2169 -291 2284 974 1114 1526 0 90615140
402 2204 -184 2223 736 1418 1502 739 2101 -311 2209 1011 1039 1540 0 90737544
416 2183 -187 2186 736 1380 1502 776 2087 -347 2209 1049 1002 1577 0 90854156
385 2185 -239 2223 773 1455 1540 716 2070 -358 2209 1086 1128 1540 0 90975420
494 2247 -236 2298 773 1353 1540 686 2100 -326 2209 1011 1128 1540 0 91094316
479 2219 -262 2261 782 1353 1563 709 2139 -353 2261 1011 1128 1577 0 91213276
452 2204 -215 2275 820 1418 1488 732 2151 -297 2261 974 1063 1540 0 91333348
0 0 0 2312 782 1418 1526 726 2124 -339 2261 1049 1128 1540 1 91452284
418 2209 -288 2275 820 1455 1563 751 2153 -363 2298 1049 1114 1577 0 91572028
477 2252 -350 2350 857 1455 1601 734 2138 -315 2261 1011 1086 1540 0 91689752
478 2215 -308 2275 820 1380 1591 726 2114 -367 2247 1049 1114 1577 0 91810944
483 2225 -335 2312 857 1418 1591 719 2099 -392 2247 1086 1151 1577 0 91931096
461 2199 -332 2275 857 1418 1591 725 2115 -397 2247 1049 1114 1615 0 92048840
442 2173 -361 2237 857 1418 1629 728 2128 -316 2247 1011 1086 1540 0 92167640
460 2189 -307 2237 820 1380 1591 735 2176 -352 2284 974 1086 1615 0 92287776
483 2233 -306 2275 782 1353 1615 726 2138 -345 2284 1049 1151 1540 0 92407884
494 2163 -280 2223 857 1343 1540 671 2101 -359 2209 1011 1151 1577 0 92525488
495 2195 -241 2223 782 1306 1540 728 2128 -316 2247 1011 1086 1540 0 92645584
466 2191 -285 2186 745 1306 1615 696 2077 -349 2172 1011 1086 1577 0 92765632
485 2221 -273 2261 782 1343 1577 712 2128 -321 2247 1011 1114 1540 0 92884496
464 2193 -262 2186 736 1306 1591 711 2084 -308 2209 1049 1114 1502 0 93003468
453 2265 -274 2275 698 1353 1629 696 2098 -260 2209 1011 1114 1465 0 93123552
419 2243 -304 2237 698 1380 1666 696 2075 -320 2172 1011 1086 1540 0 93242480
431 2228 -324 2237 736 1380 1666 710 2085 -339 2209 1049 1114 1540 0 93362532
378 2221 -298 2237 736 1455 1629 705 2113 -345 2247 1049 1151 1540 0 93481456
483 2225 -335 2312 857 1418 1591 751 2153 -363 2298 1049 1114 1577 0 93600340
449 2215 -343 2275 820 1418 1629 733 2096 -333 2223 1049 1086 1540 0 93720356
428 2251 -287 2312 782 1455 1591 753 2103 -357 2261 1086 1114 1540 0 93840460
448 2253 -358 2275 745 1380 1704 729 2105 -394 2261 1086 1151 1577 0 93959344
428 2251 -287 2312 782 1455 1591 770 2195 -305 2336 1011 1086 1540 0 94079480
456 2253 -201 2312 773 1418 1502 694 2059 -340 2172 1049 1114 1540 0 94199500
373 2207 -252 2223 736 1455 1577 725 2047 -408 2172 1086 1086 1615 0 94318396
474 2248 -271 2298 773 1380 1577 637 2095 -339 2172 964 1151 1577 0 94438504
427 2215 -283 2223 736 1380 1615 662 2092 -275 2172 964 1114 1502 0 94558476
460 2196 -238 2223 773 1353 1540 747 2170 -257 2284 964 1049 1502 0 94677288
422 2180 -304 2223 811 1418 1591 713 2142 -346 2261 1002 1114 1577 0 94794964
412 2197 -322 2186 736 1380 1666 739 2188 -317 2298 964 1086 1577 0 94917448
489 2253 -312 2298 773 1353 1629 671 2139 -292 2223 936 1114 1540 0 95035108
484 2201 -280 2223 773 1315 1591 692 2111 -325 2223 1011 1128 1540 0 95153944
468 2209 -303 2261 811 1380 1591 709 2167 -297 2298 1011 1165 1502 0 95272788
483 2193 -359 2261 857 1380 1629 684 2167 -330 2298 1011 1203 1540 0 95392860
480 2237 -346 2275 782 1353 1666 673 2194 -324 2298 936 1165 1577 0 95511716
513 2226 -400 2312 875 1380 1666 712 2180 -303 2298 974 1128 1540 0 95630544
527 2232 -356 2312 857 1353 1629 732 2168 -377 2298 1011 1114 1615 0 95750596
469 2239 -346 2312 820 1418 1629 703 2152 -305 2261 974 1114 1540 0 95870576
523 2264 -418 2350 857 1380 1704 696 2117 -333 2209 974 1086 1577 0 95989496
496 2262 -346 2312 782 1353 1666 728 2113 -337 2247 1049 1114 1540 0 96109512
488 2271 -341 2350 820 1418 1629 704 2157 -386 2284 1011 1151 1615 0 96229568
469 2239 -346 2312 820 1418 1629 709 2087 -369 2209 1049 1114 1577 0 96348460
488 2269 -377 2350 820 1418 1666 671 2101 -359 2209 1011 1151 1577 0 96468520
493 2247 -370 2312 820 1380 1666 719 2138 -288 2261 1011 1114 1502 0 96586220
489 2312 -276 2350 707 1353 1629 717 2112 -347 2223 1011 1086 1577 0 96707568
520 2273 -271 2350 820 1380 1554 754 2139 -338 2261 1011 1049 1577 0 96827640
501 2257 -285 2312 782 1353 1591 701 2126 -332 2223 974 1086 1577 0 96945308
467 2206 -286 2237 782 1353 1591 737 2178 -264 2298 974 1086 1502 0 97065248
469 2239 -346 2312 820 1418 1629 700 2154 -364 2261 974 1114 1615 0 97185212
447 2234 -269 2261 745 1380 1591 717 2139 -350 2261 1011 1114 1577 0 97304060
466 2164 -326 2223 857 1380 1591 703 2152 -305 2261 974 1114 1540 0 97424196
486 2187 -330 2261 857 1380 1591 680 2153 -341 2261 974 1151 1577 0 97542980
430 2221 -322 2261 782 1418 1629 727 2197 -410 2336 1011 1151 1652 0 97663048
518 2224 -385 2298 857 1353 1666 749 2227 -376 2373 1011 1151 1615 0 97783088
513 2246 -337 2312 820 1353 1629 720 2179 -301 2298 974 1114 1540 0 97903084
510 2227 -362 2312 857 1380 1629 693 2142 -323 2261 1002 1151 1540 0 98022000
488 2206 -388 2275 857 1380 1666 706 2203 -336 2298 927 1114 1615 0 98138476
478 2215 -308 2275 820 1380 1591 652 2157 -343 2261 964 1189 1577 0 98260924
550 2257 -358 2350 857 1353 1629 674 2162 -345 2247 927 1114 1615 0 98380900
524 2207 -270 2261 820 1306 1554 677 2160 -287 2247 927 1114 1540 0 98498500
497 2207 -305 2261 820 1343 1591 679 2158 -255 2247 927 1114 1502 0 98616104
468 2197 -285 2223 782 1343 1591 629 2119 -344 2209 964 1189 1577 0 98736080
472 2236 -267 2261 745 1343 1591 693 2185 -283 2284 927 1114 1540 0 98856140
468 2197 -285 2223 782 1343 1591 693 2187 -261 2261 889 1086 1540 0 98974976
467 2227 -256 2275 782 1380 1554 731 2182 -292 2298 964 1086 1540 0 99094980
488 2249 -257 2312 782 1380 1554 695 2139 -357 2261 1011 1151 1577 0 99214944
499 2239 -310 2312 820 1380 1591 686 2125 -307 2223 974 1114 1540 0 99333784
470 2269 -268 2312 745 1380 1591 761 2213 -316 2336 974 1086 1577 0 99453776
559 2303 -306 2388 820 1353 1591 734 2167 -347 2298 1011 1114 1577 0 99572608
476 2211 -301 2298 857 1418 1554 718 2180 -331 2298 974 1114 1577 0 99690300
448 2146 -383 2186 857 1380 1666 768 2195 -337 2336 1011 1086 1577 0 99812696
419 2136 -325 2186 857 1418 1591 717 2153 -330 2261 974 1086 1577 0 99930412
461 2196 -285 2223 782 1353 1591 749 2153 -394 2298 1049 1114 1615 0 100049332
445 2248 -307 2298 773 1418 1615 712 2143 -331 2247 974 1086 1577 0 100169376
464 2229 -238 2275 773 1380 1540 743 2114 -362 2247 1049 1086 1577 0 100288260
423 2236 -233 2237 698 1380 1577 717 2192 -303 2284 927 1086 1577 0 100409548
434 2232 -306 2275 773 1418 1615 757 2187 -335 2322 1002 1086 1577 0 100529632
479 2261 -303 2312 773 1380 1615 738 2160 -369 2284 1002 1086 1615 0 100647416
449 2215 -343 2275 820 1418 1629 676 2119 -304 2209 964 1114 1540 0 100766292
454 2179 -307 2223 820 1380 1591 686 2108 -284 2172 927 1049 1540 0 100886304
398 2172 -318 2186 782 1418 1629 724 2131 -313 2247 1002 1086 1540 0 101005140
454 2179 -307 2223 820 1380 1591 693 2159 -283 2247 927 1086 1540 0 101124092
513 2166 -290 2223 857 1315 1554 714 2119 -295 2209 964 1049 1540 0 101244092
409 2152 -306 2186 820 1418 1591 0 0 0 2261 927 1086 1540 2 101363028
499 2192 -372 2275 875 1380 1629 739 2188 -317 2298 964 1086 1577 0 101484052
483 2256 -287 2312 782 1380 1591 768 2187 -323 2336 1039 1114 1540 0 101602820
461 2199 -332 2275 857 1418 1591 761 2187 -281 2298 964 1049 1540 0 101721788
531 2263 -325 2350 857 1380 1591 693 2142 -323 2261 1002 1151 1540 0 101841876
778 2821 -22 2350 773 1455 1666 734 2212 -291 2336 964 1114 1540 0 101962072
484 2189 -325 2261 848 1380 1591 677 2156 -294 2261 964 1151 1526 0 102080856
473 2249 -283 2298 773 1380 1591 684 2169 -274 2261 927 1114 1526 0 102200976
427 2224 -317 2261 773 1418 1629 785 2155 -303 2298 1039 1049 1526 0 102319944
428 2221 -285 2261 773 1418 1591 766 2186 -343 2336 1039 1114 1563 0 102440072
419 2230 -207 2261 736 1418 1526 725 2131 -301 2247 1002 1086 1526 0 102560108
401 2209 -241 2223 736 1418 1563 687 2106 -243 2172 927 1049 1488 0 102676616
449 2242 -204 2223 660 1315 1563 697 2072 -247 2172 1011 1086 1451 0 102798992
409 2253 -243 2298 736 1455 1563 687 2099 -282 2209 1011 1128 1488 0 102915612
457 2221 -259 2261 773 1380 1563 698 2112 -296 2247 1049 1165 1488 0 103035712
442 2195 -287 2223 782 1380 1591 706 2126 -246 2247 1011 1128 1451 0 103154612
471 2257 -321 2312 782 1394 1629 671 2116 -329 2209 974 1128 1563 0 103274676
461 2235 -281 2312 820 1432 1554 666 2121 -354 2209 964 1128 1601 0 103393580
420 2199 -396 2275 857 1469 1666 690 2105 -338 2209 1002 1114 1563 0 103513644
441 2210 -347 2275 820 1432 1629 690 2105 -338 2172 927 1114 1563 0 103631372
421 2186 -347 2200 782 1394 1666 716 2183 -285 2298 964 1114 1526 0 103753232
455 2256 -324 2312 782 1418 1629 659 2172 -350 2261 927 1151 1615 0 103870968
513 2246 -337 2312 820 1353 1629 715 2118 -348 2261 1049 1151 1540 0 103991092
477 2218 -340 2275 820 1380 1629 729 2153 -372 2298 1049 1151 1577 0 104110008
434 2237 -381 2275 782 1418 1704 671 2091 -355 2223 1049 1189 1540 0 104230092
442 2269 -253 2312 736 1418 1577 744 2142 -365 2284 1049 1114 1577 0 104349028
440 2208 -326 2261 811 1418 1615 712 2128 -321 2247 1011 1114 1540 0 104469056
400 2212 -241 2261 773 1455 1540 662 2132 -258 2209 927 1114 1502 0 104587968
389 2169 -219 2223 811 1455 1502 710 2144 -266 2247 964 1086 1502 0 104708072
402 2206 -220 2223 736 1418 1540 691 2147 -331 2247 964 1114 1577 0 104826996
417 2234 -253 2261 736 1418 1577 724 2131 -313 2247 1002 1086 1540 0 104947164
432 2251 -233 2261 698 1380 1577 693 2118 -269 2209 964 1086 1502 0 105066048
424 2200 -172 2186 698 1353 1502 727 2086 -334 2209 1049 1086 1540 0 105186112
0 0 0 2186 773 1353 1577 0 0 0 2247 1011 1128 1540 3 105305100
746 2753 32 2186 736 1418 1577 659 2017 -393 2134 1086 1165 1577 0 105425768
458 2233 -274 2223 698 1315 1629 692 2128 -363 2223 974 1100 1615 0 105545808
467 2272 -263 2312 736 1380 1591 691 2112 -355 2223 1011 1128 1577 0 105662252
475 2284 -293 2350 773 1418 1591 698 2150 -417 2298 1049 1203 1615 0 105783556
426 2253 -289 2312 773 1455 1591 770 2136 -351 2298 1086 1114 1540 0 105901300
462 2233 -283 2275 773 1380 1591 650 2134 -375 2261 1011 1226 1577 0 106020192
496 2262 -312 2312 773 1353 1629 687 2153 -335 2284 1011 1189 1540 0 106140220
496 2253 -311 2298 773 1343 1629 727 2086 -334 2209 1049 1086 1540 0 106259096
479 2228 -312 2261 773 1343 1629 683 2156 -363 2284 1011 1189 1577 0 106379268
453 2215 -262 2223 736 1343 1591 694 2059 -340 2172 1049 1114 1540 0 106498252
488 2205 -309 2223 773 1306 1629 697 2115 -304 2209 974 1086 1540 0 106618292
490 2202 -279 2223 773 1306 1591 717 2139 -350 2261 1011 1114 1577 0 106737116
411 2199 -315 2223 773 1418 1629 713 2167 -354 2298 1011 1151 1577 0 106857292
441 2244 -324 2261 736 1380 1666 663 2126 -343 2223 974 1151 1577 0 106976180
462 2239 -263 2261 736 1353 1591 703 2125 -303 2223 974 1086 1540 0 107096248
423 2179 -312 2186 773 1380 1629 719 2138 -288 2261 1011 1114 1502 0 107216264
466 2164 -326 2223 857 1380 1591 734 2138 -315 2261 1011 1086 1540 0 107335188
430 2208 -373 2261 820 1432 1666 704 2151 -281 2261 974 1114 1512 0 107455308
478 2233 -342 2298 820 1394 1629 716 2139 -358 2261 1011 1114 1587 0 107574240
423 2262 -333 2298 745 1432 1666 694 2139 -365 2261 1011 1151 1587 0 107693196
442 2188 -332 2261 857 1432 1591 782 2182 -390 2336 1049 1086 1624 0 107813240
432 2199 -323 2261 820 1432 1591 710 2168 -392 2298 1011 1151 1624 0 107932152
499 2239 -310 2312 820 1380 1591 734 2167 -347 2298 1011 1114 1577 0 108052204
428 2251 -287 2312 782 1455 1591 725 2159 -354 2261 974 1086 1615 0 108172308
547 2345 -275 2425 782 1380 1591 748 2167 -371 2298 1011 1086 1615 0 108291236
488 2271 -341 2350 820 1418 1629 718 2138 -320 2261 1011 1114 1540 0 108411304
479 2237 -313 2275 773 1353 1629 680 2115 -308 2209 974 1114 1540 0 108530168
411 2199 -315 2223 773 1418 1629 695 2143 -336 2247 974 1114 1577 0 108650236
444 2250 -318 2298 773 1418 1629 675 2121 -333 2209 964 1114 1577 0 108770284
442 2241 -295 2261 736 1380 1629 738 2151 -315 2247 964 1049 1577 0 108887976
428 2213 -264 2223 736 1380 1591 664 2108 -288 2172 927 1086 1540 0 109009136
445 2199 -313 2261 820 1418 1591 712 2185 -357 2298 964 1114 1615 0 109127952
470 2208 -339 2261 820 1380 1629 705 2179 -367 2261 927 1086 1662 0 109244484
486 2187 -330 2261 857 1380 1591 685 2168 -327 2261 936 1114 1587 0 109366896
466 2164 -326 2223 857 1380 1591 677 2155 -378 2261 974 1151 1624 0 109484588
486 2187 -330 2261 857 1380 1591 760 2215 -353 2336 974 1086 1624 0 109603496
486 2213 -332 2261 811 1353 1629 713 2142 -415 2261 1011 1114 1662 0 109723552
420 2251 -326 2275 736 1418 1666 748 2197 -402 2336 1011 1114 1652 0 109842544
480 2259 -283 2312 773 1380 1591 734 2222 -240 2336 927 1086 1502 0 109962592
504 2283 -249 2350 773 1380 1554 728 2200 -346 2336 1002 1151 1577 0 110082692
451 2259 -318 2312 773 1418 1629 770 2229 -300 2373 1002 1114 1540 0 110199188
497 2241 -306 2312 811 1380 1591 714 2184 -327 2298 964 1114 1577 0 110321704
480 2259 -283 2312 773 1380 1591 717 2224 -276 2336 927 1114 1540 0 110441656
436 2242 -339 2312 811 1455 1629 767 2152 -357 2298 1049 1086 1577 0 110560568
456 2253 -288 2312 773 1418 1591 734 2167 -347 2298 1011 1114 1577 0 110677084
486 2274 -343 2350 811 1418 1629 780 2170 -330 2298 1011 1049 1577 0 110797156
467 2206 -286 2237 782 1353 1591 664 2091 -338 2172 974 1114 1577 0 110917276
506 2279 -288 2350 782 1380 1591 709 2087 -369 2209 1049 1114 1577 0 111038620
482 2209 -278 2275 820 1380 1554 726 2087 -363 2209 1049 1086 1577 0 111156420
485 2229 -254 2275 782 1353 1554 750 2126 -279 2247 1011 1049 1502 0 111274148
499 2214 -274 2275 820 1353 1554 781 2141 -351 2284 1049 1049 1577 0 111394256
451 2210 -313 2275 820 1418 1591 0 0 0 2261 1049 1049 1577 2 111514296
464 2232 -319 2275 782 1380 1629 785 2182 -352 2336 1049 1086 1577 0 111635244
431 2189 -341 2237 820 1418 1629 803 2169 -292 2298 1011 1011 1540 0 111752888
463 2194 -300 2275 857 1418 1554 751 2124 -331 2261 1049 1086 1540 0 111873048
442 2173 -361 2237 857 1418 1629 802 2138 -394 2298 1086 1049 1615 0 111991864
456 2274 -375 2350 811 1455 1666 710 2129 -351 2247 1011 1114 1577 0 112111960
452 2180 -271 2223 811 1380 1554 726 2114 -367 2247 1049 1114 1577 0 112230800