515 2213 -371 2303 886 1380 1624 753 2185 -475 2355 1086 1179 1685 0 1016516
490 2280 -419 2359 829 1418 1718 714 2177 -462 2336 1067 1217 1657 0 1054320
450 2217 -447 2303 867 1455 1718 760 2199 -463 2373 1105 1198 1657 0 1141000
454 2283 -359 2378 829 1493 1624 719 2144 -506 2317 1105 1217 1695 0 1249132
495 2253 -441 2341 867 1418 1718 697 2197 -477 2355 1067 1254 1676 0 1286924
479 2228 -439 2322 886 1437 1699 788 2184 -424 2355 1086 1123 1638 0 1380728
472 2225 -340 2303 848 1418 1605 729 2184 -424 2336 1049 1179 1638 0 1488828
463 2254 -449 2359 884 1484 1699 709 2217 -413 2369 1034 1236 1620 0 1526620
460 2240 -412 2322 848 1446 1681 730 2201 -412 2350 1034 1179 1634 0 1619228
454 2235 -422 2341 886 1484 1662 751 2216 -419 2388 1091 1236 1596 0 1728472
453 2237 -436 2341 886 1484 1681 709 2189 -473 2350 1072 1236 1671 0 1766276
465 2234 -437 2322 867 1446 1699 712 2194 -473 2350 1053 1217 1690 0 1857684
448 2261 -393 2341 829 1465 1681 709 2192 -456 2350 1072 1236 1652 0 1964556
506 2250 -394 2341 867 1408 1662 705 2217 -434 2369 1034 1236 1652 0 2003552
484 2264 -379 2345 829 1423 1662 784 2200 -439 2373 1086 1146 1652 0 2096068
486 2240 -383 2327 867 1423 1643 742 2141 -485 2317 1105 1184 1676 0 2204136
447 2245 -454 2364 903 1516 1681 0 0 0 2355 1086 1184 1638 2 2243116
496 2279 -392 2383 867 1460 1643 769 2170 -412 2336 1086 1146 1601 0 2338976
513 2227 -346 2327 886 1404 1587 772 2227 -379 2392 1067 1184 1582 0 2449440
443 2192 -381 2270 867 1441 1643 744 2175 -360 2317 1030 1128 1582 0 2487236
452 2217 -442 2308 886 1460 1699 754 2147 -436 2317 1105 1165 1620 0 2576312
478 2270 -464 2378 886 1479 1718 759 2187 -395 2355 1086 1184 1582 0 2683232
467 2269 -453 2359 848 1460 1737 730 2181 -409 2336 1049 1184 1615 0 2722248
440 2256 -371 2341 829 1479 1643 763 2170 -457 2336 1086 1146 1671 0 2812524
464 2240 -416 2322 848 1441 1681 748 2184 -463 2355 1105 1203 1652 0 2921756
468 2259 -411 2341 829 1441 1699 745 2220 -433 2373 1030 1165 1671 0 2960720
446 2236 -407 2303 829 1441 1699 714 2162 -445 2317 1067 1203 1634 0 3052140
460 2227 -472 2322 886 1460 1737 766 2208 -471 2392 1114 1221 1652 0 3163784
448 2259 -439 2345 848 1474 1718 718 2208 -467 2369 1067 1236 1671 0 3201596
468 2276 -414 2383 867 1493 1662 708 2193 -458 2350 1067 1236 1657 0 3290588
492 2211 -427 2308 903 1418 1681 741 2188 -426 2350 1086 1198 1620 0 3397480
452 2228 -447 2327 886 1474 1699 709 2172 -403 2312 1030 1179 1620 0 3435260
474 2286 -413 2383 848 1474 1681 716 2157 -512 2331 1114 1236 1695 0 3530268
853 2962 216 2383 884 1512 1643 736 2153 -500 2331 1132 1217 1676 0 3639608
465 2214 -468 2327 922 1474 1699 725 2206 -430 2369 1067 1236 1620 0 3678604
489 2240 -414 2341 886 1441 1662 726 2150 -466 2317 1091 1198 1657 0 3768840
478 2261 -457 2359 886 1460 1718 708 2185 -419 2336 1053 1217 1620 0 3878228
413 2247 -418 2341 848 1516 1681 745 2232 -397 2392 1053 1217 1601 0 3917248
509 2260 -438 2359 886 1423 1699 747 2198 -462 2355 1053 1161 1695 0 4008600
529 2282 -439 2397 903 1441 1681 666 2174 -459 2317 1034 1254 1657 0 4117852
507 2286 -426 2378 848 1423 1699 752 2219 -408 2373 1034 1161 1638 0 4156860
533 2313 -461 2416 867 1423 1737 699 2165 -438 2317 1053 1217 1638 0 4248220
450 2223 -433 2322 886 1474 1681 697 2175 -426 2336 1072 1254 1601 0 4356340
0 0 0 2359 811 1418 1681 735 2213 -466 2373 1053 1198 1690 1 4396512
437 2272 -404 2359 829 1493 1681 726 2152 -469 2317 1091 1198 1652 0 4486480
467 2251 -417 2341 867 1455 1681 699 2152 -444 2298 1053 1198 1652 0 4595816
517 2279 -442 2378 867 1418 1718 690 2160 -434 2298 1034 1198 1652 0 4636008
449 2251 -397 2341 848 1474 1662 738 2191 -454 2355 1072 1198 1652 0 4723880
490 2268 -376 2359 848 1437 1643 727 2202 -388 2336 997 1142 1634 0 4830728
482 2267 -421 2378 884 1479 1662 805 2206 -431 2388 1105 1142 1634 0 4868500
553 2305 -393 2416 886 1423 1643 664 2185 -459 2331 1049 1273 1657 0 4964632
447 2219 -403 2322 884 1479 1643 763 2191 -452 2369 1105 1198 1638 0 5073916
519 2265 -425 2378 903 1441 1662 760 2190 -433 2369 1114 1217 1601 0 5111696
530 2242 -420 2341 886 1385 1681 688 2196 -467 2350 1049 1254 1676 0 5200824
475 2217 -415 2303 867 1423 1681 735 2195 -437 2350 1049 1179 1657 0 5307652
850 2927 147 2303 867 1498 1638 780 2172 -419 2350 1114 1161 1601 0 5347812
443 2273 -468 2364 853 1493 1751 749 2196 -398 2355 1067 1179 1601 0 5443984
427 2201 -417 2270 853 1455 1695 741 2163 -463 2336 1105 1198 1657 0 5553264
494 2295 -438 2402 872 1474 1695 736 2187 -468 2355 1067 1198 1676 0 5591048
422 2218 -422 2327 889 1512 1657 720 2215 -454 2373 1067 1236 1657 0 5680100
413 2254 -406 2327 815 1493 1695 695 2192 -453 2336 1030 1217 1676 0 5789328
435 2238 -354 2308 815 1455 1638 764 2194 -483 2373 1114 1198 1676 0 5827176
501 2254 -388 2345 872 1418 1648 759 2199 -427 2355 1049 1142 1657 0 5918600
474 2254 -425 2341 848 1441 1704 756 2208 -455 2378 1086 1198 1657 0 6027884
430 2219 -424 2322 884 1498 1666 742 2219 -404 2378 1049 1198 1624 0 6065668
514 2256 -399 2359 884 1423 1648 729 2186 -407 2341 1067 1198 1605 0 6157028
488 2255 -366 2341 848 1423 1648 1035 2705 -41 2341 1030 1198 1605 0 6266316
486 2281 -369 2378 848 1460 1629 735 2182 -380 2341 1067 1198 1568 0 6306468
442 2272 -300 2341 792 1460 1591 739 2203 -403 2359 1067 1198 1605 0 6395568
495 2253 -400 2322 829 1385 1699 744 2198 -393 2359 1067 1198 1587 0 6503692
444 2244 -376 2322 834 1460 1662 785 2204 -426 2378 1105 1165 1624 0 6541452
494 2285 -413 2378 853 1441 1699 721 2136 -457 2303 1105 1203 1643 0 6634092
438 2250 -350 2322 815 1460 1643 713 2147 -421 2303 1086 1203 1605 0 6739740
449 2239 -395 2322 853 1460 1662 676 2120 -418 2266 1067 1221 1605 0 6778724
499 2269 -407 2359 853 1423 1681 728 2169 -493 2341 1105 1221 1681 0 6873728
464 2250 -434 2341 870 1460 1699 707 2150 -409 2303 1067 1203 1605 0 6983096
453 2260 -388 2341 834 1460 1666 784 2142 -435 2322 1114 1128 1624 0 7022092
429 2274 -355 2345 797 1479 1648 750 2187 -403 2355 1086 1198 1587 0 7112296
412 2216 -374 2308 853 1498 1629 768 2218 -455 2392 1067 1179 1671 0 7219136
819 2865 -7 2308 815 1460 1685 754 2170 -461 2336 1086 1161 1671 0 7259312
436 2202 -370 2270 834 1441 1648 714 2169 -487 2336 1105 1236 1671 0 7352964
461 2230 -381 2327 870 1460 1629 697 2158 -466 2317 1086 1236 1652 0 7461024
452 2233 -375 2308 834 1441 1648 700 2177 -473 2336 1067 1236 1671 0 7498872
439 2206 -433 2289 870 1460 1699 716 2232 -448 2392 1049 1254 1652 0 7590300
482 2215 -382 2284 848 1390 1662 755 2136 -470 2317 1132 1179 1652 0 7700768
520 2247 -411 2341 867 1390 1681 768 2179 -449 2355 1086 1161 1652 0 7739720
472 2235 -375 2303 829 1408 1662 740 2204 -471 2373 1086 1217 1671 0 7829972
506 2286 -418 2397 884 1465 1662 694 2119 -482 2280 1086 1217 1671 0 7939224
481 2243 -470 2341 884 1446 1737 734 2163 -443 2336 1105 1217 1615 0 7977044
476 2221 -384 2322 886 1446 1624 751 2210 -398 2373 1067 1198 1596 0 8068448
506 2260 -438 2359 886 1427 1699 740 2177 -391 2336 1067 1179 1596 0 8176584
492 2216 -400 2303 872 1404 1662 768 2197 -440 2369 1105 1184 1634 0 8215540
417 2228 -370 2303 834 1479 1643 769 2166 -471 2331 1086 1128 1695 0 8305776
484 2282 -450 2378 872 1460 1718 760 2197 -458 2369 1086 1184 1657 0 8415040
467 2281 -431 2378 853 1479 1699 773 2197 -412 2369 1086 1165 1620 0 8454048
484 2260 -391 2341 834 1423 1662 760 2191 -454 2369 1105 1203 1638 0 8545428
448 2264 -405 2341 815 1460 1699 793 2190 -418 2369 1105 1146 1620 0 8654692
470 2249 -409 2322 834 1423 1699 764 2225 -409 2388 1067 1184 1620 0 8693696
482 2250 -433 2341 867 1437 1699 737 2188 -449 2341 1049 1165 1676 0 8783880
477 2257 -374 2341 848 1437 1643 736 2144 -454 2303 1086 1165 1657 0 8889628
463 2236 -420 2341 886 1474 1662 747 2144 -449 2303 1086 1146 1657 0 8927404
513 2290 -369 2378 848 1418 1643 747 2130 -473 2284 1086 1128 1695 0 9023592
440 2245 -476 2341 886 1493 1737 722 2152 -449 2284 1030 1128 1695 0 9132828
471 2270 -414 2359 848 1455 1699 725 2172 -397 2303 1011 1128 1638 0 9173008
477 2255 -385 2341 848 1437 1666 674 2159 -425 2303 1049 1240 1620 0 9262064
488 2241 -416 2341 884 1441 1666 727 2173 -455 2336 1067 1198 1657 0 9371304
506 2336 -357 2434 829 1479 1629 742 2238 -416 2392 1030 1198 1634 0 9409124
490 2228 -426 2322 886 1423 1685 721 2154 -404 2298 1049 1161 1615 0 9500608
474 2231 -412 2322 884 1441 1666 677 2184 -441 2317 1011 1217 1671 0 9607460
522 2274 -427 2378 884 1423 1685 764 2172 -492 2355 1105 1179 1690 0 9645232
435 2234 -385 2322 848 1479 1648 745 2144 -464 2317 1105 1179 1652 0 9740200
423 2224 -428 2303 848 1479 1699 723 2177 -462 2336 1067 1198 1671 0 9850668
478 2232 -434 2327 886 1441 1699 786 2227 -452 2406 1072 1165 1671 0 9890820
496 2250 -444 2345 867 1423 1718 730 2207 -455 2369 1072 1221 1657 0 9977452
394 2219 -398 2289 829 1498 1681 750 2202 -476 2369 1072 1184 1695 0 10084396
511 2264 -438 2364 886 1423 1699 713 2179 -447 2331 1053 1203 1657 0 10123424
491 2226 -425 2345 922 1460 1643 750 2228 -415 2388 1034 1184 1638 0 10216064
504 2297 -422 2402 867 1460 1681 755 2209 -433 2369 1053 1165 1657 0 10322988
520 2289 -388 2402 886 1460 1624 695 2170 -424 2312 1034 1203 1638 0 10362064
482 2279 -426 2383 870 1474 1681 740 2169 -431 2317 1049 1142 1657 0 10456044
469 2263 -441 2364 872 1474 1699 723 2177 -466 2336 1067 1198 1676 0 10563036
436 2279 -381 2364 815 1493 1662 748 2139 -435 2298 1086 1142 1638 0 10602136
492 2251 -377 2327 834 1399 1662 747 2202 -433 2373 1086 1217 1620 0 10696056
441 2249 -455 2345 870 1493 1718 740 2208 -490 2373 1067 1198 1713 0 10804220
455 2260 -431 2364 872 1493 1681 743 2170 -470 2336 1086 1179 1676 0 10842076
471 2261 -415 2364 870 1474 1666 730 2197 -428 2355 1049 1198 1638 0 10934768
489 2256 -352 2322 811 1390 1648 755 2177 -438 2336 1067 1146 1657 0 11044124
505 2289 -391 2378 848 1427 1666 715 2177 -414 2336 1067 1221 1601 0 11082020
465 2242 -381 2341 867 1465 1629 721 2158 -433 2317 1086 1203 1620 0 11173528
461 2272 -374 2359 829 1465 1648 741 2147 -452 2317 1105 1184 1638 0 11281728
465 2242 -381 2341 867 1465 1629 784 2184 -440 2355 1086 1128 1657 0 11319600
518 2240 -349 2341 884 1408 1591 737 2147 -427 2298 1067 1146 1638 0 11412300
475 2265 -407 2341 829 1427 1699 769 2170 -412 2336 1086 1146 1601 0 11521680
508 2315 -394 2416 848 1460 1662 766 2205 -417 2369 1067 1165 1620 0 11559560
498 2256 -429 2359 886 1441 1681 755 2195 -414 2350 1049 1146 1638 0 11651060
477 2288 -422 2378 848 1460 1699 771 2188 -447 2350 1067 1128 1676 0 11759176
495 2270 -432 2378 884 1460 1681 741 2176 -432 2350 1105 1221 1601 0 11798244
472 2230 -387 2322 867 1441 1643 721 2173 -416 2331 1067 1203 1620 0 11890872
436 2198 -371 2284 867 1460 1624 774 2165 -414 2331 1086 1128 1620 0 11999056
502 2278 -418 2378 867 1441 1681 751 2179 -458 2350 1086 1184 1657 0 12036932
476 2205 -435 2289 886 1418 1699 762 2163 -474 2336 1105 1161 1676 0 12128420
459 2284 -417 2383 848 1493 1681 760 2200 -494 2373 1086 1179 1713 0 12237700
496 2292 -462 2402 884 1474 1718 736 2193 -433 2355 1067 1198 1638 0 12276748
485 2264 -406 2364 867 1455 1662 690 2165 -446 2317 1067 1236 1638 0 12367044
464 2283 -439 2364 829 1455 1737 730 2169 -421 2317 1049 1161 1638 0 12476412
473 2260 -379 2364 867 1474 1624 784 2182 -365 2355 1105 1161 1544 0 12515452
469 2255 -421 2345 867 1455 1685 737 2151 -445 2317 1086 1179 1638 0 12605752
434 2210 -380 2270 829 1437 1666 761 2161 -406 2317 1067 1123 1620 0 12716356
426 2204 -392 2308 884 1493 1629 766 2206 -419 2373 1086 1179 1620 0 12755468
448 2197 -402 2289 886 1455 1648 764 2215 -393 2373 1049 1161 1601 0 12844604
455 2244 -410 2327 848 1455 1685 753 2147 -475 2317 1105 1161 1676 0 12953956
500 2228 -383 2327 886 1418 1629 721 2175 -448 2336 1086 1217 1638 0 12991812
445 2171 -411 2252 886 1437 1666 759 2214 -415 2373 1049 1161 1638 0 13084568
413 2191 -384 2270 867 1474 1643 721 2159 -500 2336 1114 1236 1676 0 13193876
517 2309 -436 2416 872 1455 1699 0 0 0 2369 1072 1203 1676 2 13234144
524 2315 -444 2416 872 1437 1718 731 2196 -406 2350 1034 1184 1620 0 13325348
478 2254 -407 2341 853 1437 1681 723 2168 -458 2331 1072 1203 1657 0 13432248
462 2229 -407 2322 872 1455 1662 748 2216 -372 2369 1053 1184 1582 0 13470084
422 2246 -407 2359 872 1530 1643 751 2200 -377 2350 1034 1146 1601 0 13562708
477 2265 -398 2359 853 1455 1662 748 2237 -413 2388 1016 1165 1657 0 13672076
436 2266 -360 2341 815 1474 1643 782 2194 -460 2369 1091 1146 1676 0 13709968
407 2232 -404 2327 853 1516 1662 709 2176 -403 2317 1030 1184 1620 0 13799064
474 2270 -413 2364 853 1460 1681 741 2150 -437 2317 1105 1184 1620 0 13906108
452 2243 -411 2327 853 1460 1681 776 2157 -444 2336 1105 1146 1638 0 13945148
447 2233 -396 2289 815 1423 1699 769 2213 -396 2373 1049 1146 1620 0 14039016
376 2216 -386 2289 834 1516 1662 1061 2735 -73 2373 1067 1203 1657 0 14148356
486 2254 -406 2327 834 1404 1699 756 2170 -402 2336 1086 1165 1601 0 14188572
449 2252 -404 2345 853 1479 1666 733 2198 -419 2355 1067 1203 1620 0 14277656
418 2202 -350 2284 848 1474 1610 771 2252 -399 2411 1030 1161 1638 0 14387068
475 2250 -410 2359 886 1474 1648 722 2178 -476 2336 1067 1198 1690 0 14427296
453 2272 -389 2359 829 1474 1666 713 2219 -443 2373 1049 1236 1652 0 14517556
465 2276 -396 2359 829 1455 1685 721 2178 -490 2336 1067 1198 1709 0 14626932
478 2273 -431 2397 903 1512 1648 749 2236 -419 2392 1030 1179 1652 0 14665972
459 2248 -413 2359 884 1493 1648 701 2174 -488 2336 1067 1236 1690 0 14756280
484 2273 -349 2359 829 1437 1624 752 2211 -402 2355 1011 1123 1652 0 14865724
506 2258 -383 2364 884 1441 1624 765 2219 -443 2388 1072 1184 1652 0 14905996
481 2253 -428 2345 867 1441 1699 769 2231 -398 2388 1034 1146 1634 0 14995096
490 2244 -429 2345 886 1441 1681 777 2210 -501 2388 1091 1165 1727 0 15104488
904 2903 70 2345 903 1441 1662 753 2187 -455 2350 1072 1165 1671 0 15142368
480 2280 -397 2364 829 1441 1681 787 2192 -430 2369 1091 1146 1634 0 15235016
449 2212 -406 2289 848 1441 1681 745 2178 -443 2331 1053 1146 1671 0 15341928
0 0 0 2345 867 1441 1699 734 2186 -462 2331 1034 1146 1709 1 15380964
475 2273 -398 2345 815 1423 1699 781 2179 -431 2355 1086 1142 1634 0 15473364
434 2269 -412 2345 815 1479 1699 799 2218 -474 2411 1132 1198 1657 0 15582708
450 2261 -445 2364 872 1498 1699 745 2162 -473 2336 1114 1198 1657 0 15620552
466 2252 -383 2345 853 1460 1643 740 2177 -399 2336 1067 1179 1601 0 15712048
481 2264 -423 2364 870 1460 1681 1073 2685 -91 2336 1086 1161 1620 0 15820164
448 2221 -434 2308 872 1460 1699 734 2155 -457 2317 1086 1179 1657 0 15861572
459 2226 -409 2308 853 1441 1681 754 2163 -445 2336 1105 1179 1638 0 15948284
498 2285 -436 2397 886 1474 1681 726 2192 -424 2378 1105 1259 1582 0 16056436
467 2281 -444 2397 884 1512 1681 695 2147 -462 2303 1067 1221 1657 0 16095536
430 2231 -426 2341 886 1512 1662 776 2214 -360 2378 1067 1165 1563 0 16190624
460 2265 -398 2359 848 1474 1662 735 2169 -379 2322 1049 1165 1582 0 16298820
447 2245 -380 2322 829 1455 1662 714 2151 -411 2284 1030 1146 1638 0 16337896
424 2197 -373 2303 886 1493 1605 736 2181 -448 2341 1067 1184 1657 0 16427044
478 2275 -425 2378 867 1474 1681 766 2162 -463 2341 1105 1165 1657 0 16533996
527 2252 -430 2355 903 1404 1681 686 2194 -420 2350 1053 1273 1601 0 16571864
462 2279 -427 2373 848 1479 1699 717 2201 -435 2350 1034 1198 1657 0 16665756
499 2250 -400 2355 886 1441 1643 1108 2819 37 2350 1110 1254 1638 0 16773948
480 2273 -466 2392 903 1498 1699 720 2207 -421 2350 1016 1179 1657 0 16814240
460 2246 -433 2336 867 1460 1699 742 2185 -394 2331 1034 1142 1620 0 16904516
542 2288 -433 2392 886 1404 1699 793 2253 -405 2425 1072 1179 1620 0 17010316
486 2235 -402 2336 884 1441 1648 738 2206 -444 2369 1053 1198 1657 0 17049396
449 2237 -427 2345 886 1493 1666 773 2163 -423 2336 1091 1142 1620 0 17144460
464 2232 -378 2327 867 1455 1629 763 2181 -412 2336 1053 1123 1638 0 17255048
442 2238 -385 2327 848 1474 1648 761 2197 -429 2355 1053 1142 1657 0 17292928
464 2250 -352 2327 829 1437 1629 725 2236 -445 2392 1053 1236 1657 0 17382016
400 2183 -376 2270 867 1493 1629 719 2154 -459 2317 1072 1198 1657 0 17489048
425 2197 -378 2252 829 1437 1666 728 2183 -454 2336 1053 1179 1676 0 17528108
410 2238 -417 2345 867 1530 1662 692 2212 -424 2355 1016 1236 1638 0 17621988
483 2257 -417 2327 829 1404 1718 729 2213 -399 2369 1049 1217 1601 0 17731388
447 2223 -435 2308 867 1460 1699 786 2213 -431 2388 1086 1161 1638 0 17770464
468 2217 -444 2308 886 1441 1699 780 2202 -490 2388 1105 1179 1695 0 17859564
445 2209 -459 2327 922 1498 1681 685 2173 -473 2331 1067 1254 1676 0 17966568
485 2285 -486 2383 867 1460 1756 818 2179 -450 2369 1132 1123 1638 0 18005644
487 2236 -429 2327 867 1423 1699 706 2129 -436 2275 1067 1179 1638 0 18098316
453 2207 -400 2289 867 1441 1662 721 2192 -439 2350 1067 1217 1638 0 18205340
429 2228 -401 2308 848 1474 1681 704 2174 -412 2322 1034 1203 1620 0 18245612
365 2186 -436 2289 886 1549 1681 750 2194 -438 2359 1072 1184 1638 0 18338300
469 2264 -424 2364 867 1474 1681 756 2138 -500 2322 1137 1184 1676 0 18447664
434 2264 -471 2364 867 1512 1737 751 2186 -431 2341 1053 1146 1657 0 18485528
458 2257 -435 2327 829 1437 1737 753 2173 -435 2341 1072 1165 1638 0 18578244
419 2251 -417 2345 848 1512 1681 698 2176 -405 2322 1053 1221 1601 0 18687636
494 2271 -418 2364 867 1437 1685 704 2182 -359 2322 1034 1203 1563 0 18726716
419 2238 -347 2308 815 1474 1629 707 2184 -410 2336 1049 1217 1620 0 18814600
405 2206 -387 2308 872 1512 1629 688 2173 -510 2336 1067 1254 1713 0 18922704
484 2279 -405 2364 834 1437 1685 728 2184 -438 2336 1049 1179 1657 0 18960556
472 2223 -392 2327 889 1455 1629 703 2154 -429 2317 1086 1236 1601 0 19055628
476 2246 -398 2345 872 1455 1648 726 2186 -389 2336 1030 1179 1601 0 19166152
405 2228 -317 2308 815 1493 1591 749 2162 -425 2317 1067 1142 1638 0 19205252
472 2241 -423 2327 853 1437 1699 702 2139 -449 2298 1086 1217 1638 0 19295644
441 2248 -443 2359 886 1512 1681 733 2162 -459 2317 1067 1165 1676 0 19402572
413 2230 -443 2341 886 1530 1681 760 2190 -489 2373 1114 1203 1690 0 19441628
373 2200 -397 2247 811 1493 1699 728 2181 -507 2355 1086 1221 1709 0 19531992
436 2240 -421 2322 848 1474 1699 746 2162 -436 2317 1067 1146 1652 0 19640140
401 2213 -438 2303 867 1512 1699 743 2170 -441 2336 1086 1184 1634 0 19678020
472 2244 -390 2341 867 1455 1643 740 2227 -461 2392 1067 1221 1671 0 19771896
463 2229 -442 2322 886 1455 1699 722 2162 -460 2317 1067 1184 1671 0 19880124
433 2270 -334 2359 815 1498 1605 774 2235 -471 2416 1091 1203 1690 0 19920428
441 2306 -372 2378 778 1479 1681 736 2199 -400 2341 1016 1146 1638 0 20009552
425 2217 -383 2303 853 1479 1643 717 2149 -399 2284 1034 1146 1620 0 20115308
478 2259 -424 2359 872 1460 1681 715 2185 -406 2322 1016 1165 1638 0 20153172
499 2259 -364 2341 834 1404 1643 708 2171 -447 2322 1053 1203 1657 0 20249436
430 2234 -374 2303 815 1460 1662 748 2169 -461 2341 1091 1184 1657 0 20359876
475 2302 -394 2397 834 1479 1666 770 2187 -444 2359 1091 1165 1638 0 20398920
454 2266 -370 2345 829 1460 1648 697 2195 -411 2355 1067 1273 1582 0 20487996
509 2278 -379 2364 829 1404 1666 755 2170 -451 2336 1086 1161 1657 0 20598576
447 2254 -401 2345 848 1479 1666 697 2174 -386 2317 1049 1217 1582 0 20638864
465 2269 -374 2345 811 1441 1666 754 2170 -465 2336 1086 1161 1676 0 20727940
427 2223 -384 2308 848 1479 1648 734 2155 -457 2317 1086 1179 1657 0 20837352
530 2275 -350 2364 848 1385 1629 1098 2727 -75 2317 1105 1179 1657 0 20877628
481 2255 -404 2345 867 1441 1666 747 2165 -459 2336 1086 1179 1657 0 20967908
471 2261 -388 2341 829 1437 1666 761 2203 -420 2369 1086 1184 1620 0 21076092
517 2295 -420 2397 867 1437 1685 741 2176 -432 2350 1105 1221 1601 0 21113992
518 2284 -399 2378 867 1418 1666 738 2182 -458 2350 1086 1203 1657 0 21204292
507 2278 -406 2378 867 1437 1666 763 2178 -438 2350 1086 1165 1638 0 21313696
447 2233 -411 2341 884 1493 1648 813 2189 -374 2369 1114 1128 1563 0 21351592
442 2238 -385 2341 867 1493 1629 740 2173 -458 2331 1067 1165 1676 0 21443064
426 2250 -389 2322 811 1474 1681 735 2159 -463 2331 1105 1203 1657 0 21552368
495 2299 -395 2397 848 1460 1662 781 2196 -443 2369 1086 1146 1657 0 21590256
461 2244 -433 2322 848 1441 1718 721 2173 -422 2331 1067 1203 1624 0 21681712
493 2259 -477 2359 884 1441 1737 747 2206 -393 2369 1067 1203 1587 0 21788688
494 2259 -446 2359 886 1441 1718 778 2189 -426 2369 1114 1184 1605 0 21827728
512 2271 -414 2378 886 1441 1662 764 2228 -394 2388 1067 1184 1605 0 21921596
462 2224 -431 2322 886 1460 1681 771 2172 -391 2331 1067 1119 1605 0 22029816
532 2270 -364 2378 886 1423 1605 779 2208 -359 2369 1067 1146 1568 0 22067700
452 2254 -415 2345 853 1474 1681 695 2161 -423 2317 1067 1236 1605 0 22160364
476 2237 -411 2327 870 1437 1681 745 2180 -445 2355 1105 1217 1620 0 22269716
469 2263 -441 2364 872 1474 1699 715 2170 -428 2336 1086 1236 1601 0 22307580
512 2295 -408 2402 872 1455 1662 679 2138 -412 2280 1049 1217 1601 0 22399032
461 2238 -420 2327 872 1455 1681 732 2190 -396 2336 1030 1161 1620 0 22508340
439 2243 -412 2327 853 1474 1681 727 2177 -417 2336 1067 1198 1620 0 22546224
475 2275 -413 2364 853 1455 1685 711 2163 -434 2317 1049 1198 1638 0 22637724
482 2268 -425 2378 884 1479 1666 704 2184 -462 2336 1049 1217 1676 0 22747112
503 2292 -410 2397 867 1460 1666 723 2193 -452 2355 1067 1217 1657 0 22785028
504 2306 -407 2397 848 1441 1685 785 2222 -445 2392 1067 1142 1676 0 22875292
433 2230 -393 2303 829 1460 1666 776 2208 -384 2373 1049 1142 1601 0 22982300
474 2219 -371 2303 867 1423 1629 744 2186 -458 2355 1086 1198 1657 0 23021388
499 2234 -386 2322 867 1404 1648 751 2170 -492 2336 1086 1161 1713 0 23115248
517 2292 -355 2378 829 1404 1643 701 2185 -489 2336 1049 1217 1713 0 23224628
425 2244 -429 2345 867 1512 1681 751 2164 -488 2350 1132 1217 1657 0 23263716
432 2203 -444 2308 903 1493 1681 696 2165 -477 2331 1086 1254 1657 0 23354004
382 2192 -432 2270 867 1512 1699 744 2163 -443 2331 1086 1179 1638 0 23464596
470 2235 -445 2345 903 1474 1681 744 2205 -426 2369 1067 1198 1638 0 23502480
454 2232 -448 2345 903 1493 1681 740 2207 -392 2369 1067 1217 1582 0 23592848
429 2228 -401 2308 848 1474 1681 752 2204 -458 2369 1067 1179 1676 0 23702248
447 2271 -466 2364 867 1493 1737 744 2210 -415 2369 1067 1198 1620 0 23740080
465 2227 -417 2327 886 1460 1662 692 2138 -394 2280 1049 1198 1582 0 23831540
522 2279 -424 2364 848 1385 1718 742 2193 -426 2355 1049 1179 1638 0 23940928
485 2259 -446 2364 886 1460 1699 723 2207 -387 2355 1030 1198 1601 0 23978812
521 2270 -395 2364 867 1404 1662 738 2182 -486 2355 1105 1217 1676 0 24070304
444 2220 -431 2289 848 1441 1718 724 2197 -438 2355 1067 1217 1638 0 24180808
485 2276 -406 2364 848 1441 1681 781 2232 -471 2411 1105 1198 1676 0 24218664
468 2287 -428 2383 848 1479 1699 723 2231 -454 2392 1049 1236 1676 0 24311304
512 2273 -413 2359 848 1399 1699 737 2217 -391 2369 1049 1198 1601 0 24419464
450 2258 -427 2359 867 1493 1681 695 2154 -467 2312 1086 1236 1652 0 24457344
439 2243 -426 2341 867 1493 1681 761 2219 -448 2388 1086 1198 1652 0 24547644
436 2240 -421 2322 848 1474 1699 752 2204 -454 2369 1067 1179 1671 0 24655788
477 2240 -431 2341 886 1455 1681 789 2182 -441 2369 1132 1179 1615 0 24694844
436 2283 -461 2378 848 1512 1737 752 2130 -482 2294 1105 1142 1690 0 24789904
512 2300 -428 2397 867 1437 1699 783 2196 -419 2369 1105 1161 1615 0 24895688
510 2221 -417 2308 884 1385 1681 743 2209 -449 2369 1053 1184 1671 0 24934712
847 2882 18 2308 848 1460 1681 754 2209 -444 2369 1053 1165 1671 0 25026192
418 2234 -367 2308 829 1479 1643 732 2232 -457 2388 1034 1203 1690 0 25135536
449 2216 -374 2308 867 1460 1624 728 2225 -485 2388 1053 1221 1709 0 25174560
428 2193 -401 2289 886 1479 1643 758 2232 -403 2388 1034 1165 1634 0 25264952
439 2224 -393 2289 829 1441 1681 732 2193 -417 2350 1072 1203 1615 0 25374284
411 2188 -387 2289 886 1498 1624 723 2143 -472 2294 1072 1165 1690 0 25413336
466 2232 -454 2327 886 1455 1718 760 2193 -495 2373 1105 1198 1690 0 25503632
410 2264 -447 2345 829 1512 1737 769 2189 -403 2355 1086 1161 1601 0 25613000
470 2226 -401 2327 886 1455 1643 706 2169 -444 2317 1049 1198 1657 0 25650864
423 2254 -419 2364 867 1530 1662 749 2186 -449 2355 1067 1179 1657 0 25743524
469 2245 -374 2327 848 1437 1643 714 2207 -376 2355 1030 1217 1582 0 25852904
461 2225 -460 2345 922 1493 1681 731 2178 -392 2336 1067 1198 1582 0 25892000
451 2212 -390 2289 848 1437 1662 752 2183 -400 2336 1049 1142 1620 0 25982252
442 2266 -429 2359 848 1493 1699 797 2178 -406 2355 1105 1128 1601 0 26091660
446 2272 -445 2378 867 1512 1699 709 2163 -545 2336 1105 1240 1746 0 26129512
444 2223 -422 2303 848 1455 1699 747 2220 -418 2373 1030 1165 1652 0 26222216
486 2270 -398 2359 848 1437 1681 725 2166 -485 2336 1105 1221 1671 0 26331608
468 2287 -426 2359 811 1437 1737 714 2147 -433 2298 1067 1184 1634 0 26370696
407 2235 -452 2322 867 1512 1718 735 2199 -434 2355 1049 1184 1652 0 26460992
507 2292 -406 2397 867 1455 1662 1097 2769 -132 2355 1105 1221 1709 0 26567892
498 2313 -416 2416 853 1474 1681 749 2173 -437 2322 1049 1128 1671 0 26609388
421 2248 -422 2359 872 1530 1662 751 2166 -407 2322 1067 1146 1615 0 26699656
424 2266 -396 2359 834 1512 1662 753 2159 -486 2322 1086 1146 1709 0 26810144
409 2195 -408 2284 872 1493 1662 737 2166 -440 2322 1067 1165 1652 0 26850352
446 2307 -339 2378 778 1474 1643 714 2152 -474 2303 1067 1184 1690 0 26935948
488 2244 -390 2341 872 1437 1643 778 2209 -411 2378 1086 1165 1615 0 27042980
473 2290 -459 2397 872 1493 1718 734 2181 -458 2341 1067 1184 1671 0 27082044
422 2231 -427 2308 839 1479 1699 751 2210 -398 2373 1067 1198 1596 0 27178308
429 2221 -400 2308 857 1479 1662 760 2148 -387 2317 1105 1161 1563 0 27285204
411 2223 -444 2289 839 1479 1737 718 2169 -440 2317 1049 1179 1657 0 27325420
467 2267 -379 2345 820 1441 1662 770 2209 -459 2392 1114 1217 1638 0 27413332
397 2215 -417 2270 820 1479 1718 738 2209 -424 2373 1067 1217 1620 0 27521516
518 2274 -373 2364 857 1404 1643 740 2172 -436 2336 1067 1179 1638 0 27560596
410 2247 -396 2308 801 1479 1699 756 2229 -427 2392 1067 1198 1638 0 27653260
463 2262 -368 2359 848 1474 1624 730 2206 -375 2355 1049 1198 1582 0 27762656
493 2291 -410 2397 867 1474 1662 724 2149 -434 2280 1030 1123 1676 0 27800556
411 2224 -418 2303 848 1493 1699 764 2182 -446 2355 1105 1179 1638 0 27892064
483 2298 -413 2397 848 1474 1681 768 2179 -453 2355 1086 1161 1657 0 28002604
418 2244 -388 2341 848 1512 1643 749 2196 -398 2355 1067 1179 1601 0 28040504
449 2269 -418 2378 867 1512 1662 726 2170 -463 2317 1049 1161 1695 0 28130796
476 2289 -425 2397 867 1493 1676 754 2232 -390 2392 1049 1198 1601 0 28242572
391 2207 -475 2303 886 1530 1732 736 2200 -426 2350 1034 1165 1657 0 28281656
395 2222 -435 2284 829 1493 1732 758 2187 -398 2350 1072 1165 1601 0 28369576
429 2198 -440 2303 903 1493 1676 781 2254 -412 2425 1072 1203 1620 0 28478972
463 2229 -439 2322 886 1455 1695 704 2194 -426 2350 1053 1240 1620 0 28518036
423 2264 -464 2397 903 1568 1676 748 2216 -372 2369 1053 1184 1582 0 28608320
477 2267 -429 2359 867 1455 1695 740 2225 -451 2388 1072 1221 1657 0 28717732
492 2280 -352 2378 848 1455 1610 761 2216 -374 2369 1034 1146 1601 0 28756804
431 2227 -436 2308 853 1474 1704 709 2183 -400 2359 1086 1259 1563 0 28847084
482 2307 -393 2402 834 1474 1666 725 2130 -403 2266 1049 1128 1620 0 28955284
445 2281 -426 2383 853 1512 1685 773 2189 -411 2359 1067 1146 1620 0 28993172
457 2258 -404 2364 870 1493 1648 741 2173 -417 2322 1049 1146 1638 0 29085848
447 2258 -378 2345 834 1474 1648 705 2107 -433 2266 1114 1203 1601 0 29192840
412 2253 -366 2327 815 1493 1648 679 2150 -424 2284 1030 1203 1638 0 29233124
414 2217 -368 2289 834 1474 1643 736 2158 -427 2322 1086 1184 1620 0 29325872
466 2297 -431 2397 848 1493 1699 770 2193 -480 2373 1105 1184 1676 0 29435184
447 2271 -414 2341 811 1455 1718 721 2195 -451 2355 1067 1221 1652 0 29473072
457 2285 -415 2359 811 1455 1718 734 2238 -420 2392 1049 1221 1634 0 29564588
415 2245 -412 2322 829 1493 1699 742 2144 -496 2317 1114 1184 1690 0 29673976
466 2265 -371 2341 811 1437 1662 757 2161 -418 2317 1067 1128 1634 0 29711836
413 2224 -454 2303 848 1493 1737 804 2207 -446 2392 1105 1146 1652 0 29804524
500 2308 -409 2397 829 1437 1699 719 2202 -471 2373 1086 1259 1652 0 29913912
462 2224 -431 2322 886 1460 1681 750 2186 -442 2341 1053 1146 1671 0 29954208
458 2231 -484 2322 886 1460 1756 731 2149 -423 2303 1072 1165 1624 0 30040916
469 2245 -458 2341 886 1460 1718 708 2113 -398 2247 1053 1146 1605 0 30150288
468 2247 -441 2341 884 1460 1699 723 2204 -427 2359 1034 1203 1643 0 30189376
463 2251 -433 2341 867 1460 1699 734 2148 -402 2303 1072 1165 1587 0 30282048
457 2237 -435 2341 886 1479 1681 683 2139 -428 2303 1091 1259 1587 0 30390216
447 2251 -450 2341 867 1479 1718 731 2171 -427 2322 1053 1165 1643 0 30429316
446 2249 -413 2327 829 1460 1699 729 2222 -380 2373 1030 1203 1605 0 30518436
430 2223 -433 2308 867 1479 1699 771 2186 -412 2355 1067 1146 1620 0 30625448
455 2232 -418 2308 848 1441 1699 722 2187 -389 2336 1030 1184 1601 0 30663316
482 2229 -449 2327 903 1441 1699 764 2181 -450 2355 1114 1184 1638 0 30758348
442 2228 -422 2308 848 1460 1699 800 2225 -445 2411 1114 1184 1638 0 30867672
433 2224 -437 2327 886 1498 1681 800 2205 -357 2373 1086 1128 1563 0 30907912
496 2253 -412 2345 867 1423 1681 720 2177 -467 2336 1067 1203 1676 0 30996988
445 2245 -393 2327 848 1465 1662 760 2143 -435 2317 1114 1161 1620 0 31107516
474 2249 -431 2327 848 1427 1718 697 2177 -446 2317 1030 1198 1671 0 31146580
488 2216 -435 2289 867 1390 1718 670 2145 -508 2317 1105 1292 1671 0 31236804
458 2223 -416 2308 867 1446 1681 718 2170 -504 2336 1086 1217 1709 0 31346228
470 2270 -396 2364 848 1465 1662 733 2214 -464 2373 1049 1198 1690 0 31386504
482 2248 -451 2345 884 1446 1718 741 2191 -417 2336 1030 1142 1652 0 31475528
456 2220 -415 2289 848 1427 1699 688 2154 -473 2317 1086 1254 1652 0 31586020
481 2244 -396 2327 848 1423 1662 754 2174 -462 2341 1086 1165 1671 0 31625096
461 2184 -407 2233 848 1385 1699 693 2137 -480 2284 1067 1203 1690 0 31715452
478 2221 -415 2308 867 1423 1681 714 2179 -469 2341 1067 1221 1671 0 31824872
448 2253 -398 2345 848 1479 1662 776 2211 -444 2378 1067 1146 1671 0 31863972
425 2228 -425 2308 848 1479 1699 695 2158 -457 2303 1049 1203 1671 0 31954292
446 2234 -394 2289 811 1423 1699 736 2158 -420 2322 1086 1184 1615 0 32063644
477 2249 -430 2327 848 1423 1718 747 2181 -439 2341 1067 1165 1652 0 32101536
457 2249 -438 2345 870 1474 1699 771 2185 -470 2355 1086 1146 1690 0 32190624
430 2253 -406 2327 815 1474 1699 727 2159 -423 2317 1067 1184 1620 0 32297620
475 2296 -473 2402 872 1493 1737 759 2199 -399 2355 1049 1146 1620 0 32335500
484 2277 -413 2364 834 1437 1699 695 2154 -432 2298 1049 1203 1638 0 32430576
431 2257 -392 2345 834 1493 1662 740 2155 -421 2317 1067 1165 1620 0 32538788
444 2238 -435 2327 870 1474 1699 767 2203 -427 2373 1067 1165 1638 0 32576672
451 2248 -377 2327 834 1455 1662 723 2173 -455 2336 1067 1203 1657 0 32668092
455 2219 -444 2327 903 1479 1681 738 2186 -470 2355 1072 1198 1676 0 32774988
494 2277 -459 2383 884 1460 1718 0 0 0 2336 1110 1198 1690 2 32812860
484 2315 -373 2402 811 1460 1662 698 2153 -458 2298 1053 1198 1671 0 32909988
836 2874 -9 2402 848 1460 1699 758 2179 -470 2355 1091 1179 1671 0 33016988
500 2265 -327 2345 829 1404 1605 742 2167 -429 2317 1053 1142 1652 0 33057176
502 2246 -454 2345 886 1423 1718 737 2200 -453 2373 1091 1236 1634 0 33147516
870 2854 0 2345 867 1423 1681 729 2169 -469 2336 1072 1198 1671 0 33255748
518 2287 -414 2383 872 1423 1681 761 2216 -442 2378 1053 1161 1671 0 33295932
445 2258 -427 2345 853 1479 1699 705 2164 -419 2303 1034 1179 1638 0 33386212
473 2237 -436 2327 872 1441 1699 696 2185 -414 2322 1016 1198 1638 0 33494344
850 2850 -97 2327 853 1423 1737 757 2192 -403 2341 1034 1123 1638 0 33533424
483 2241 -407 2327 853 1423 1681 743 2171 -446 2322 1053 1142 1676 0 33626100
430 2225 -399 2327 872 1498 1643 666 2164 -427 2303 1016 1236 1638 0 33732972
454 2247 -426 2345 870 1479 1681 699 2202 -443 2359 1053 1254 1638 0 33772020
484 2269 -337 2345 815 1418 1624 753 2151 -421 2303 1067 1123 1638 0 33864720
407 2258 -351 2327 797 1493 1643 732 2195 -425 2341 1030 1161 1657 0 33972880
454 2228 -353 2289 815 1418 1643 742 2166 -415 2322 1067 1161 1620 0 34011972
476 2246 -394 2345 872 1455 1643 700 2158 -431 2303 1049 1198 1638 0 34101088
530 2309 -329 2402 834 1418 1605 720 2173 -439 2322 1049 1179 1657 0 34208044
478 2283 -402 2383 853 1474 1662 727 2156 -464 2322 1086 1198 1657 0 34247096
459 2284 -433 2383 853 1493 1699 702 2153 -456 2284 1030 1161 1695 0 34340996
452 2228 -418 2303 848 1441 1699 730 2173 -448 2331 1067 1184 1657 0 34450316
502 2278 -418 2378 867 1441 1681 812 2208 -403 2388 1086 1119 1615 0 34489384
407 2255 -406 2341 829 1516 1681 743 2159 -517 2331 1105 1184 1727 0 34579668
441 2262 -402 2359 848 1498 1662 855 2234 -373 2425 1114 1100 1596 0 34689000
539 2289 -393 2397 884 1423 1643 745 2220 -469 2388 1086 1221 1671 0 34726880
880 2885 51 2397 886 1441 1666 754 2210 -427 2369 1049 1165 1652 0 34818368
481 2284 -413 2378 848 1460 1685 769 2225 -463 2388 1049 1146 1709 0 34928896
441 2235 -441 2341 886 1498 1685 768 2189 -439 2359 1086 1165 1634 0 34967912
833 2801 4 2341 829 1404 1629 762 2179 -480 2359 1105 1184 1676 0 35058188
475 2263 -353 2359 848 1460 1610 766 2185 -449 2359 1114 1184 1638 0 35167456
473 2304 -391 2397 829 1479 1666 745 2159 -453 2322 1086 1165 1657 0 35205320
462 2239 -411 2359 903 1498 1629 775 2166 -455 2341 1105 1146 1657 0 35297996
525 2294 -352 2378 811 1385 1648 733 2159 -472 2322 1086 1184 1676 0 35407344
510 2286 -422 2397 886 1460 1666 757 2158 -448 2322 1086 1146 1657 0 35447624
463 2226 -381 2322 872 1455 1629 721 2170 -457 2336 1086 1217 1657 0 35534328
529 2315 -381 2416 853 1437 1648 681 2146 -442 2298 1067 1236 1638 0 35642524
459 2239 -385 2341 872 1474 1629 764 2171 -398 2336 1067 1142 1601 0 35680404
430 2255 -433 2341 853 1493 1704 732 2168 -392 2317 1049 1161 1601 0 35775464
463 2244 -370 2322 834 1437 1648 698 2184 -409 2336 1049 1236 1601 0 35883588
443 2284 -434 2359 815 1474 1737 742 2157 -403 2317 1067 1161 1601 0 35922624
448 2261 -376 2322 797 1437 1681 801 2247 -441 2430 1105 1198 1638 0 36011656
451 2245 -424 2341 867 1479 1681 680 2121 -489 2280 1086 1236 1676 0 36118684
450 2254 -466 2359 884 1498 1718 690 2153 -449 2317 1086 1254 1620 0 36156552
502 2268 -358 2359 848 1423 1624 766 2206 -419 2373 1086 1179 1620 0 36251616
869 2901 78 2359 884 1460 1662 716 2187 -431 2355 1086 1254 1601 0 36361028
543 2279 -408 2378 867 1385 1681 776 2221 -431 2392 1086 1179 1638 0 36401272
489 2240 -414 2341 886 1441 1662 690 2186 -458 2355 1086 1292 1620 0 36490272
451 2246 -459 2341 884 1479 1718 725 2170 -438 2336 1086 1217 1620 0 36600808
471 2257 -436 2364 884 1479 1681 733 2157 -405 2322 1091 1198 1582 0 36641072
460 2240 -436 2345 886 1479 1681 692 2150 -451 2303 1053 1217 1652 0 36730160
495 2239 -452 2345 903 1441 1699 688 2157 -462 2303 1053 1217 1671 0 36839580
469 2276 -423 2364 848 1460 1699 687 2212 -442 2359 1034 1254 1652 0 36879848
452 2249 -437 2345 867 1479 1699 709 2172 -470 2322 1053 1198 1690 0 36968928
489 2218 -382 2327 903 1441 1610 754 2165 -505 2341 1110 1179 1709 0 37079428
422 2209 -438 2308 886 1498 1685 717 2165 -479 2322 1072 1198 1690 0 37119632
456 2270 -337 2327 778 1423 1648 997 2670 -234 2322 1030 1198 1727 0 37206372
492 2270 -384 2364 853 1441 1648 731 2197 -445 2359 1049 1198 1657 0 37318040
449 2211 -381 2289 853 1441 1648 752 2152 -442 2322 1086 1161 1638 0 37357100
507 2267 -436 2364 872 1423 1704 736 2176 -445 2341 1086 1198 1638 0 37445036
497 2277 -399 2383 872 1460 1648 724 2140 -441 2303 1105 1198 1620 0 37550792
487 2270 -454 2364 853 1441 1737 776 2151 -478 2322 1105 1123 1695 0 37591048
468 2241 -424 2327 853 1441 1699 747 2159 -466 2322 1086 1161 1676 0 37683704
457 2257 -392 2341 848 1460 1662 649 2137 -445 2266 1030 1236 1657 0 37790684
512 2271 -414 2378 886 1441 1662 786 2219 -416 2388 1067 1142 1638 0 37829792
524 2295 -399 2378 829 1385 1699 705 2165 -430 2312 1049 1198 1638 0 37923648
454 2251 -422 2322 829 1441 1718 766 2217 -443 2388 1067 1179 1657 0 38035436
473 2314 -445 2416 848 1498 1718 775 2181 -466 2369 1132 1198 1638 0 38073324
483 2317 -440 2397 811 1441 1756 747 2195 -418 2350 1049 1161 1638 0 38162420
440 2224 -422 2303 848 1460 1699 737 2180 -420 2331 1049 1161 1638 0 38271780
503 2328 -431 2420 815 1441 1737 784 2185 -416 2350 1072 1114 1638 0 38309664
480 2246 -419 2327 853 1423 1699 741 2241 -427 2392 1016 1179 1671 0 38401180
462 2240 -422 2308 834 1423 1718 725 2187 -485 2355 1072 1217 1690 0 38511688
520 2297 -420 2402 872 1441 1681 754 2221 -418 2392 1091 1236 1596 0 38549544
426 2222 -411 2289 834 1460 1699 739 2160 -442 2317 1072 1161 1652 0 38641004
503 2237 -404 2327 870 1404 1662 738 2198 -449 2355 1053 1179 1671 0 38749128
488 2237 -420 2327 872 1423 1681 713 2160 -426 2298 1034 1161 1652 0 38786992
429 2249 -386 2327 834 1479 1662 721 2173 -461 2336 1086 1217 1652 0 38880816
461 2267 -402 2364 853 1479 1662 719 2169 -425 2317 1049 1179 1638 0 38988952
487 2247 -391 2345 872 1441 1643 773 2210 -444 2392 1114 1217 1620 0 39026848
464 2275 -433 2383 872 1498 1681 732 2190 -396 2336 1030 1161 1620 0 39117136
471 2238 -364 2327 853 1441 1624 740 2172 -436 2336 1067 1179 1638 0 39225316
450 2201 -353 2270 834 1423 1629 765 2211 -364 2373 1067 1179 1563 0 39263212
436 2207 -391 2289 870 1460 1648 714 2177 -433 2336 1067 1217 1638 0 39355900
446 2251 -438 2341 867 1479 1704 720 2226 -440 2392 1072 1273 1620 0 39462888
477 2288 -373 2378 829 1460 1648 724 2183 -432 2341 1053 1198 1638 0 39500772
481 2210 -415 2341 941 1479 1610 763 2200 -428 2359 1053 1142 1657 0 39594652
488 2295 -367 2378 829 1441 1648 735 2230 -418 2378 1016 1179 1657 0 39701648
462 2213 -359 2303 867 1441 1610 728 2178 -384 2322 1034 1161 1601 0 39740740
484 2246 -439 2341 884 1441 1699 716 2157 -464 2322 1091 1217 1657 0 39834648
458 2245 -390 2322 829 1441 1662 725 2193 -416 2341 1034 1179 1638 0 39944000
487 2222 -423 2327 903 1441 1662 715 2178 -418 2322 1034 1179 1638 0 39983068
460 2240 -420 2345 884 1479 1662 702 2160 -430 2298 1034 1179 1652 0 40073380
478 2232 -464 2327 886 1441 1718 733 2211 -413 2355 1016 1161 1652 0 40182752
470 2223 -454 2327 903 1460 1699 746 2213 -413 2373 1034 1179 1634 0 40220644
489 2236 -465 2327 886 1423 1737 741 2189 -433 2336 1034 1142 1671 0 40312116
471 2249 -458 2345 886 1460 1718 751 2219 -419 2373 1034 1161 1652 0 40421504
492 2253 -456 2364 903 1460 1699 746 2184 -478 2355 1091 1198 1671 0 40459432
467 2296 -407 2378 815 1460 1699 727 2187 -482 2355 1067 1212 1690 0 40550904
514 2258 -413 2341 853 1385 1699 712 2182 -416 2341 1067 1231 1601 0 40659084
489 2293 -381 2378 834 1441 1662 700 2203 -440 2359 1049 1250 1638 0 40698168
468 2226 -405 2303 853 1423 1681 702 2136 -492 2303 1105 1231 1676 0 40790880
504 2330 -384 2416 815 1441 1681 726 2183 -469 2359 1105 1250 1638 0 40899036
495 2298 -413 2397 853 1460 1681 728 2167 -451 2341 1105 1231 1620 0 40936908
440 2264 -433 2359 853 1498 1699 733 2182 -492 2359 1105 1231 1676 0 41028408
443 2259 -405 2341 839 1474 1681 751 2181 -404 2341 1067 1165 1601 0 41139048
454 2282 -396 2378 839 1493 1662 774 2176 -432 2350 1114 1165 1620 0 41176892
447 2271 -464 2378 875 1512 1718 807 2209 -409 2388 1086 1128 1620 0 41267204
465 2252 -442 2341 857 1455 1718 768 2207 -446 2388 1114 1221 1620 0 41376580
431 2279 -424 2359 820 1493 1718 786 2204 -450 2388 1114 1184 1638 0 41415648
459 2259 -391 2341 839 1455 1666 766 2210 -375 2369 1067 1165 1582 0 41505896
457 2274 -327 2341 782 1437 1629 783 2177 -408 2350 1105 1146 1601 0 41615332
438 2270 -393 2359 829 1493 1666 733 2182 -436 2350 1086 1217 1620 0 41654436
0 0 0 2378 848 1455 1666 751 2176 -495 2355 1105 1198 1690 1 41745880
486 2261 -373 2341 829 1418 1648 759 2165 -436 2336 1086 1161 1634 0 41854908
553 2295 -350 2397 867 1399 1610 733 2208 -464 2373 1067 1217 1671 0 41893920
481 2224 -402 2322 886 1437 1648 727 2180 -417 2336 1067 1198 1615 0 41984216
869 2823 5 2322 867 1399 1643 762 2200 -477 2373 1086 1179 1690 0 42093580
401 2247 -433 2341 848 1530 1699 681 2161 -450 2317 1067 1254 1634 0 42133740
442 2202 -441 2289 884 1460 1699 731 2191 -457 2355 1086 1217 1652 0 42224020
459 2234 -405 2327 867 1460 1662 759 2234 -446 2397 1049 1179 1676 0 42330980
460 2278 -443 2383 867 1498 1699 688 2137 -502 2303 1114 1254 1676 0 42370024
461 2234 -442 2327 886 1460 1699 705 2187 -407 2322 1011 1179 1638 0 42462684
448 2239 -407 2308 829 1441 1699 745 2183 -459 2359 1105 1217 1638 0 42571996
459 2234 -405 2327 867 1460 1662 736 2174 -465 2341 1086 1198 1657 0 42609848
460 2191 -398 2270 867 1423 1662 736 2174 -465 2341 1086 1198 1657 0 42701276
467 2272 -408 2359 848 1460 1681 690 2187 -462 2341 1067 1254 1657 0 42809472
480 2213 -430 2303 886 1423 1681 733 2189 -474 2359 1086 1217 1676 0 42848556
456 2239 -448 2341 886 1479 1699 788 2204 -441 2378 1086 1142 1657 0 42938872
479 2251 -416 2341 867 1441 1681 759 2193 -422 2359 1086 1179 1620 0 43048188
413 2211 -408 2303 867 1498 1662 732 2201 -428 2359 1049 1198 1638 0 43087208
514 2270 -400 2378 886 1441 1643 727 2158 -447 2322 1086 1198 1638 0 43177516
512 2271 -414 2378 886 1441 1662 717 2143 -457 2303 1086 1198 1638 0 43284464
380 2227 -444 2308 853 1530 1718 705 2163 -391 2303 1034 1184 1601 0 43322344
421 2249 -421 2345 853 1512 1681 739 2175 -445 2317 1034 1128 1690 0 43417424
457 2247 -354 2345 853 1474 1605 770 2168 -403 2336 1091 1146 1596 0 43526860
411 2233 -404 2327 853 1512 1662 733 2176 -475 2336 1072 1184 1690 0 43565908
445 2254 -351 2327 815 1455 1643 715 2198 -445 2355 1053 1221 1652 0 43655040
449 2267 -419 2364 853 1493 1681 742 2184 -475 2355 1091 1203 1671 0 43761996
831 2940 0 2364 834 1512 1737 732 2153 -485 2317 1091 1184 1690 0 43799868
480 2207 -382 2289 867 1408 1643 768 2183 -433 2355 1086 1161 1634 0 43898428
496 2276 -391 2345 811 1390 1699 746 2202 -445 2373 1086 1217 1634 0 44007760
493 2234 -398 2308 848 1390 1681 761 2190 -409 2355 1067 1161 1615 0 44045620
466 2264 -404 2345 829 1446 1681 751 2160 -427 2336 1114 1198 1596 0 44132332
476 2282 -380 2364 829 1446 1662 699 2128 -511 2298 1114 1236 1690 0 44238148
539 2277 -443 2383 903 1408 1699 718 2156 -453 2317 1067 1198 1652 0 44277232
857 2919 94 2383 867 1484 1662 748 2176 -461 2355 1114 1217 1634 0 44372296
514 2244 -463 2359 922 1437 1699 732 2147 -466 2317 1105 1198 1652 0 44482768
456 2246 -459 2341 886 1474 1718 727 2158 -412 2312 1067 1179 1601 0 44520616
452 2240 -392 2322 848 1455 1662 754 2188 -406 2350 1086 1179 1601 0 44610888
476 2290 -429 2397 867 1493 1681 732 2176 -436 2350 1105 1236 1601 0 44720280
452 2283 -444 2378 848 1493 1718 756 2199 -447 2369 1067 1179 1657 0 44759368
883 2910 -58 2378 886 1455 1756 737 2168 -436 2331 1067 1179 1638 0 44849648
511 2273 -442 2378 886 1437 1699 754 2187 -477 2369 1114 1217 1657 0 44961312
459 2244 -396 2322 829 1441 1681 776 2207 -439 2388 1110 1203 1620 0 44999152
483 2271 -406 2359 848 1441 1681 739 2203 -478 2373 1091 1221 1676 0 45088240
504 2277 -403 2378 867 1441 1662 754 2212 -461 2373 1053 1165 1695 0 45193940
440 2243 -414 2359 886 1516 1643 699 2187 -429 2336 1034 1221 1638 0 45234196
447 2241 -392 2322 848 1460 1662 731 2227 -366 2373 1034 1203 1582 0 45328016
520 2315 -329 2416 848 1460 1587 748 2175 -431 2336 1072 1165 1638 0 45437428
446 2248 -383 2341 848 1479 1643 711 2187 -410 2336 1034 1203 1620 0 45477676
450 2250 -386 2345 853 1479 1643 732 2136 -490 2317 1132 1217 1657 0 45566780
497 2290 -422 2383 853 1441 1699 690 2207 -402 2355 1030 1254 1601 0 45676180
444 2266 -420 2364 853 1498 1681 741 2179 -474 2355 1105 1217 1657 0 45714060
477 2259 -393 2345 853 1441 1662 725 2229 -353 2373 1011 1198 1582 0 45805544
453 2218 -376 2327 889 1479 1605 727 2182 -404 2336 1067 1198 1601 0 45916068
820 2843 -27 2327 815 1441 1681 705 2169 -458 2317 1049 1198 1676 0 45955120
434 2223 -357 2270 797 1423 1662 740 2221 -410 2373 1030 1179 1638 0 46046560
442 2238 -381 2327 848 1474 1643 733 2163 -433 2336 1105 1221 1601 0 46154732
460 2238 -428 2327 867 1455 1699 789 2180 -409 2350 1086 1119 1620 0 46192604
441 2276 -441 2364 848 1493 1718 725 2152 -440 2312 1067 1184 1638 0 46281884
446 2254 -424 2327 829 1455 1718 708 2158 -469 2312 1067 1203 1676 0 46390096
431 2201 -462 2289 886 1474 1718 704 2187 -421 2331 1030 1203 1638 0 46430348
445 2228 -384 2308 848 1455 1662 724 2221 -480 2388 1067 1240 1695 0 46524236
489 2250 -425 2345 884 1437 1681 758 2171 -481 2350 1105 1184 1676 0 46631288
478 2272 -429 2359 834 1441 1718 779 2237 -415 2406 1053 1165 1638 0 46670352
451 2270 -390 2359 834 1479 1662 763 2198 -476 2355 1053 1128 1727 0 46760616
525 2288 -370 2378 853 1404 1643 758 2165 -439 2336 1091 1165 1634 0 46869984
516 2321 -419 2416 853 1441 1699 784 2211 -403 2373 1053 1119 1634 0 46909060
505 2253 -389 2341 853 1404 1662 751 2197 -487 2373 1091 1203 1690 0 46999364
457 2292 -417 2378 834 1479 1699 752 2191 -482 2355 1072 1165 1709 0 47108752
454 2260 -423 2341 834 1460 1699 762 2183 -445 2355 1110 1184 1634 0 47149036
485 2231 -402 2308 853 1404 1681 728 2181 -454 2336 1058 1184 1671 0 47238124
441 2222 -396 2289 834 1441 1681 705 2206 -431 2341 1002 1184 1676 0 47345088
512 2254 -381 2345 870 1404 1643 739 2198 -388 2341 1020 1146 1620 0 47382952
510 2277 -379 2364 834 1404 1662 714 2176 -421 2322 1039 1184 1638 0 47477976
461 2190 -401 2270 872 1423 1662 694 2128 -443 2284 1095 1221 1620 0 47587312
468 2241 -424 2327 853 1441 1699 703 2183 -389 2303 983 1146 1638 0 47626376
875 2909 17 2327 870 1460 1699 692 2162 -442 2303 1039 1203 1657 0 47716620
503 2229 -462 2341 922 1437 1699 689 2122 -441 2266 1067 1198 1638 0 47827056
478 2229 -439 2322 884 1437 1699 739 2151 -413 2322 1105 1198 1582 0 47867252
431 2257 -373 2359 848 1512 1624 719 2169 -407 2322 1067 1198 1601 0 47953940
399 2235 -388 2284 792 1474 1699 757 2167 -442 2341 1105 1179 1638 0 48062112
481 2288 -422 2378 848 1455 1699 790 2182 -425 2359 1105 1142 1620 0 48099976
471 2262 -347 2341 829 1437 1624 677 2157 -444 2303 1049 1236 1638 0 48192668
401 2209 -409 2303 867 1512 1662 723 2174 -484 2341 1086 1217 1676 0 48299656
415 2219 -434 2303 867 1493 1699 759 2141 -437 2322 1132 1184 1601 0 48337556
521 2302 -418 2397 848 1418 1699 719 2132 -481 2298 1105 1203 1657 0 48432632
381 2245 -432 2322 829 1530 1718 756 2165 -441 2336 1086 1165 1638 0 48541972
509 2303 -449 2416 886 1474 1699 752 2193 -408 2355 1049 1165 1620 0 48579812
437 2239 -439 2322 848 1474 1718 750 2194 -386 2355 1067 1184 1582 0 48671340
457 2235 -417 2322 867 1455 1681 0 0 0 2298 1086 1184 1582 2 48783160
439 2218 -473 2322 903 1493 1718 732 2201 -365 2355 1049 1203 1563 0 48823156
443 2264 -429 2345 829 1474 1718 759 2183 -397 2336 1049 1128 1620 0 48909812
489 2249 -439 2345 884 1437 1699 765 2195 -450 2359 1067 1146 1676 0 49016776
471 2273 -452 2383 884 1493 1699 755 2212 -495 2397 1114 1240 1676 0 49055876
447 2241 -450 2345 884 1493 1699 715 2188 -458 2341 1049 1203 1676 0 49149748
484 2254 -416 2345 867 1437 1681 738 2188 -434 2341 1049 1165 1657 0 49257956
431 2223 -379 2308 848 1474 1643 780 2189 -399 2359 1086 1146 1601 0 49295852
469 2244 -386 2327 848 1437 1662 760 2190 -430 2359 1067 1165 1638 0 49388528
493 2237 -425 2322 867 1408 1699 739 2173 -446 2322 1049 1146 1676 0 49496724
529 2302 -397 2397 848 1408 1681 735 2191 -468 2359 1067 1203 1676 0 49534616
516 2293 -389 2397 867 1446 1643 690 2179 -392 2322 1030 1221 1601 0 49627268
505 2240 -362 2322 848 1390 1624 754 2162 -383 2322 1067 1146 1582 0 49735484
493 2284 -396 2378 848 1446 1666 762 2155 -407 2322 1086 1146 1601 0 49773396
560 2261 -414 2359 886 1352 1685 729 2172 -369 2322 1067 1184 1563 0 49864904
875 2882 132 2359 886 1446 1610 701 2142 -400 2284 1049 1184 1601 0 49973056
502 2272 -408 2373 870 1441 1666 766 2174 -474 2341 1086 1142 1695 0 50014512
515 2292 -351 2392 853 1441 1610 679 2170 -495 2317 1049 1236 1713 0 50106060
465 2304 -382 2392 815 1479 1666 721 2162 -378 2317 1067 1198 1563 0 50214216
495 2251 -380 2373 908 1479 1591 785 2199 -423 2373 1105 1161 1620 0 50252080
468 2228 -442 2317 872 1441 1699 702 2154 -444 2317 1086 1236 1620 0 50343576
503 2271 -406 2373 872 1441 1662 717 2190 -482 2355 1086 1236 1676 0 50451760
488 2261 -433 2355 872 1441 1699 766 2201 -430 2373 1086 1179 1638 0 50489640
470 2253 -434 2345 870 1455 1699 691 2173 -413 2317 1030 1217 1620 0 50582304
439 2228 -370 2289 815 1437 1662 0 0 0 2322 1067 1217 1620 2 50690452
496 2270 -417 2364 872 1437 1681 739 2164 -465 2341 1114 1217 1638 0 50729196
442 2274 -407 2364 834 1493 1681 723 2167 -466 2341 1105 1236 1638 0 50820664
476 2298 -405 2402 853 1493 1662 721 2154 -474 2322 1105 1217 1657 0 50927668
431 2227 -428 2308 853 1474 1699 697 2197 -423 2378 1086 1292 1582 0 50966720
485 2289 -461 2383 853 1455 1737 668 2141 -468 2303 1086 1273 1638 0 51060596
503 2264 -418 2359 876 1427 1681 0 0 0 2303 1067 1240 1638 2 51169924
493 2262 -409 2341 839 1408 1699 0 0 0 2359 1086 1203 1638 2 51209928
460 2273 -439 2359 839 1465 1718 749 2228 -354 2378 1011 1165 1582 0 51299924
431 2237 -443 2322 857 1484 1718 807 2214 -429 2397 1105 1146 1638 0 51406880
450 2230 -374 2322 857 1465 1629 727 2197 -427 2359 1067 1221 1620 0 51444756
455 2252 -364 2341 839 1465 1629 706 2173 -445 2322 1049 1203 1657 0 51539804
419 2248 -367 2322 820 1484 1648 742 2172 -403 2322 1049 1146 1620 0 51647988
463 2203 -317 2270 829 1404 1591 741 2198 -390 2359 1067 1203 1582 0 51685876
460 2231 -379 2327 867 1460 1629 742 2155 -468 2317 1086 1165 1676 0 51778572
516 2274 -348 2345 811 1366 1648 776 2207 -419 2373 1067 1146 1638 0 51885580
422 2197 -362 2289 867 1479 1610 760 2176 -480 2355 1105 1184 1676 0 51924620
511 2252 -412 2345 867 1404 1681 784 2192 -385 2355 1067 1119 1601 0 52014912
432 2213 -407 2289 848 1460 1681 718 2132 -404 2280 1067 1165 1601 0 52124324
0 0 0 2308 848 1460 1624 725 2154 -405 2317 1086 1203 1582 1 52163388
462 2222 -428 2289 848 1418 1718 784 2176 -440 2355 1100 1146 1638 0 52253456
458 2247 -409 2345 867 1474 1662 738 2178 -473 2359 1119 1240 1638 0 52360380
438 2259 -431 2364 867 1512 1681 745 2132 -450 2303 1100 1165 1638 0 52399416
458 2275 -459 2364 848 1474 1737 754 2159 -397 2322 1100 1165 1582 0 52492116
485 2264 -406 2364 867 1455 1662 733 2123 -447 2284 1100 1165 1638 0 52599092
384 2219 -429 2289 829 1512 1718 757 2176 -400 2341 1081 1165 1601 0 52639372
490 2263 -430 2345 848 1418 1718 782 2168 -462 2341 1100 1128 1676 0 52732064
478 2275 -425 2378 867 1474 1681 743 2182 -372 2341 1067 1184 1563 0 52841456
506 2253 -384 2359 886 1437 1624 778 2162 -444 2341 1105 1146 1638 0 52879344
464 2297 -463 2416 886 1530 1699 762 2165 -392 2322 1067 1128 1601 0 52970812
507 2278 -402 2378 867 1437 1662 761 2196 -394 2359 1067 1165 1601 0 53081404
445 2237 -451 2341 886 1493 1699 712 2143 -410 2284 1049 1165 1620 0 53120492
476 2277 -438 2378 867 1474 1699 790 2200 -430 2378 1086 1146 1638 0 53210756
434 2255 -431 2359 867 1512 1681 728 2203 -406 2359 1049 1203 1620 0 53320120
519 2297 -419 2402 870 1441 1681 699 2167 -454 2322 1053 1221 1657 0 53359156
479 2237 -377 2308 834 1404 1662 663 2155 -407 2284 1016 1221 1620 0 53449464
523 2271 -381 2364 872 1404 1643 734 2164 -422 2303 1034 1128 1657 0 53559944
492 2233 -372 2327 872 1423 1624 702 2150 -438 2303 1053 1203 1638 0 53599040
467 2244 -381 2327 853 1441 1648 724 2171 -379 2322 1053 1184 1582 0 53688160
452 2258 -421 2364 872 1498 1666 704 2178 -401 2322 1034 1203 1601 0 53796272
411 2217 -387 2289 834 1479 1666 696 2148 -447 2303 1072 1221 1638 0 53834108
463 2263 -371 2359 848 1474 1629 737 2143 -440 2303 1086 1165 1638 0 53925672
832 2792 24 2359 829 1399 1610 791 2185 -409 2355 1086 1119 1620 0 54033880
395 2242 -351 2322 811 1512 1629 717 2181 -432 2336 1049 1203 1638 0 54074092
446 2225 -381 2322 867 1474 1629 726 2195 -446 2355 1049 1203 1657 0 54166720
480 2276 -402 2359 829 1437 1681 1064 2659 -137 2355 1086 1146 1638 0 54273672
435 2228 -464 2341 903 1512 1699 753 2183 -457 2355 1086 1184 1657 0 54315188
481 2313 -417 2416 848 1493 1681 732 2175 -380 2317 1030 1146 1601 0 54403236
433 2266 -420 2378 867 1530 1662 804 2171 -425 2355 1114 1123 1620 0 54510240
452 2256 -413 2359 867 1493 1662 718 2164 -482 2331 1086 1217 1676 0 54549308
900 2942 121 2359 903 1474 1662 746 2195 -429 2350 1049 1161 1652 0 54643180
444 2302 -423 2397 829 1512 1699 762 2187 -494 2369 1114 1198 1690 0 54752552
430 2246 -387 2322 829 1474 1666 712 2207 -518 2388 1105 1292 1690 0 54791624
470 2282 -416 2378 848 1474 1685 726 2174 -491 2350 1105 1236 1671 0 54880756
503 2269 -407 2378 886 1455 1648 742 2215 -462 2388 1086 1236 1652 0 54988948
522 2334 -399 2430 834 1441 1685 716 2179 -442 2331 1053 1198 1652 0 55028024
490 2298 -360 2392 834 1460 1629 731 2210 -500 2392 1110 1273 1671 0 55120704
500 2324 -380 2411 815 1441 1685 790 2244 -465 2430 1110 1217 1657 0 55231292
425 2292 -419 2392 834 1535 1685 737 2145 -431 2317 1110 1198 1601 0 55271560
480 2277 -413 2373 853 1460 1681 734 2215 -401 2373 1053 1217 1601 0 55358232
464 2292 -381 2373 815 1460 1681 702 2186 -428 2336 1034 1217 1638 0 55467572
459 2246 -398 2336 853 1460 1662 732 2205 -415 2355 1034 1179 1638 0 55506632
454 2231 -399 2308 834 1441 1681 731 2190 -427 2336 1034 1161 1657 0 55598060
492 2269 -433 2364 872 1441 1699 717 2152 -427 2317 1091 1217 1601 0 55707460
441 2253 -391 2327 815 1460 1681 737 2183 -464 2336 1053 1161 1695 0 55745372
462 2237 -356 2308 815 1423 1643 770 2168 -434 2336 1091 1142 1638 0 55835648
422 2237 -417 2327 853 1498 1681 721 2220 -421 2373 1034 1217 1638 0 55942708
420 2202 -383 2270 834 1460 1662 712 2173 -367 2317 1053 1198 1563 0 55981796
468 2241 -424 2327 853 1441 1699 0 0 0 2373 1034 1236 1563 2 56075596
464 2235 -405 2341 886 1474 1643 730 2202 -469 2373 1086 1240 1657 0 56185816
485 2297 -395 2378 811 1437 1681 744 2158 -426 2312 1067 1146 1638 0 56224836
432 2272 -431 2341 811 1474 1737 757 2159 -475 2331 1105 1165 1676 0 56314012
451 2251 -434 2341 867 1474 1699 761 2176 -451 2350 1114 1184 1638 0 56421008
427 2264 -432 2359 848 1512 1699 764 2173 -420 2331 1067 1128 1638 0 56460104
493 2239 -399 2341 886 1437 1643 776 2221 -406 2388 1067 1165 1620 0 56553996
474 2280 -383 2378 848 1474 1643 783 2210 -448 2388 1086 1165 1657 0 56663340
437 2247 -457 2345 872 1498 1718 731 2182 -450 2350 1086 1217 1638 0 56701224
438 2232 -415 2308 834 1460 1699 690 2147 -455 2303 1086 1236 1638 0 56792740
458 2237 -454 2327 872 1460 1718 736 2183 -451 2359 1105 1236 1620 0 56903256
443 2254 -442 2327 834 1460 1737 763 2193 -413 2359 1067 1161 1620 0 56942308
468 2257 -373 2327 815 1423 1666 695 2158 -434 2322 1086 1254 1601 0 57031392
423 2198 -380 2289 870 1479 1629 723 2183 -470 2359 1105 1254 1638 0 57141992
496 2279 -384 2364 834 1423 1666 711 2140 -460 2303 1105 1217 1638 0 57179832
466 2253 -439 2345 872 1460 1704 734 2150 -475 2322 1114 1203 1657 0 57268884
494 2246 -406 2327 853 1404 1685 699 2143 -428 2284 1049 1184 1638 0 57377076
418 2206 -370 2308 872 1498 1610 700 2132 -466 2266 1049 1165 1695 0 57417356
416 2211 -398 2289 853 1479 1666 727 2139 -448 2303 1086 1184 1638 0 57511236
440 2224 -409 2289 834 1441 1699 739 2137 -451 2284 1067 1128 1676 0 57618240
454 2247 -440 2345 872 1479 1699 717 2137 -394 2266 1030 1128 1620 0 57658524
476 2285 -356 2364 815 1441 1643 739 2143 -419 2303 1086 1165 1601 0 57747672
491 2226 -454 2322 886 1423 1718 731 2151 -430 2303 1067 1161 1638 0 57855840
452 2280 -418 2378 848 1498 1681 791 2225 -410 2397 1086 1161 1620 0 57896084
467 2244 -379 2303 811 1404 1681 744 2166 -360 2322 1067 1161 1563 0 57986348
508 2259 -429 2359 884 1423 1699 716 2174 -443 2341 1086 1236 1620 0 58095728
434 2230 -397 2303 829 1460 1681 726 2168 -437 2341 1105 1236 1601 0 58135964
522 2286 -410 2378 848 1404 1681 751 2152 -407 2322 1105 1179 1582 0 58225056
468 2260 -396 2341 829 1441 1681 737 2152 -458 2322 1114 1198 1638 0 58335568
489 2260 -445 2364 886 1455 1699 678 2154 -457 2303 1049 1236 1657 0 58374616
481 2252 -459 2364 903 1474 1699 691 2162 -461 2317 1067 1236 1657 0 58463736
870 2970 99 2364 886 1512 1699 725 2151 -464 2317 1086 1198 1657 0 58570732
504 2271 -483 2383 903 1455 1737 725 2164 -422 2336 1105 1236 1582 0 58610948
499 2238 -441 2345 903 1437 1685 771 2192 -442 2373 1114 1198 1620 0 58703604
393 2203 -426 2308 884 1530 1666 721 2175 -448 2336 1086 1217 1638 0 58814104
490 2287 -398 2383 848 1455 1666 669 2176 -449 2336 1067 1292 1620 0 58853192
500 2277 -375 2364 848 1423 1648 736 2177 -424 2336 1067 1184 1620 0 58941124
435 2244 -423 2327 848 1479 1704 749 2186 -484 2355 1086 1184 1695 0 59048092
515 2261 -444 2383 922 1460 1666 745 2226 -452 2392 1049 1203 1671 0 59085980
475 2226 -430 2308 867 1423 1704 779 2156 -444 2336 1114 1146 1634 0 59183436
486 2250 -425 2345 884 1441 1681 766 2229 -424 2392 1049 1165 1652 0 59289244
0 0 0 2345 867 1460 1681 711 2112 -487 2280 1105 1203 1671 1 59328316
493 2247 -400 2327 848 1404 1681 701 2200 -465 2355 1049 1240 1671 0 59420872
437 2230 -390 2303 829 1455 1662 709 2200 -486 2355 1049 1221 1709 0 59529028
481 2273 -395 2378 867 1474 1643 780 2193 -437 2369 1105 1165 1634 0 59566924
474 2251 -421 2359 886 1474 1662 743 2189 -417 2350 1067 1184 1620 0 59658400
480 2235 -387 2341 886 1455 1624 755 2211 -416 2369 1049 1165 1638 0 59767724
447 2254 -454 2341 848 1474 1737 749 2196 -375 2350 1049 1165 1582 0 59806772
459 2276 -456 2378 867 1493 1718 693 2159 -454 2312 1049 1221 1657 0 59895916
851 2836 -65 2378 848 1418 1699 776 2221 -406 2388 1067 1165 1620 0 60002932
476 2257 -436 2364 886 1474 1681 738 2182 -458 2350 1086 1203 1657 0 60043116
448 2219 -416 2289 848 1437 1699 716 2191 -431 2336 1030 1184 1657 0 60135800
442 2249 -476 2345 886 1493 1737 740 2186 -455 2355 1086 1203 1657 0 60246324
472 2261 -395 2364 867 1474 1643 748 2124 -456 2298 1114 1165 1638 0 60284212
504 2262 -413 2345 848 1399 1699 760 2183 -447 2355 1105 1184 1638 0 60375720
469 2236 -458 2345 903 1474 1699 746 2191 -433 2355 1067 1184 1638 0 60483888
494 2298 -378 2383 829 1437 1662 803 2209 -412 2392 1114 1165 1601 0 60521788
446 2274 -431 2345 815 1460 1737 735 2214 -454 2373 1049 1198 1676 0 60614468
463 2239 -408 2308 834 1423 1699 709 2155 -495 2317 1086 1217 1695 0 60723852
458 2270 -430 2364 853 1479 1699 747 2202 -433 2373 1086 1217 1620 0 60761744
485 2241 -443 2327 870 1423 1718 712 2208 -464 2373 1067 1254 1657 0 60852056
460 2225 -424 2308 853 1441 1699 747 2118 -444 2280 1105 1142 1638 0 60960228
465 2304 -394 2402 834 1498 1662 803 2231 -408 2411 1105 1179 1601 0 60998124
452 2258 -416 2364 870 1498 1662 737 2184 -448 2336 1049 1161 1676 0 61090804
452 2251 -453 2359 886 1498 1699 711 2125 -429 2280 1072 1184 1620 0 61200128
499 2246 -423 2341 884 1423 1681 685 2173 -441 2322 1053 1240 1638 0 61239180
467 2245 -406 2341 867 1460 1662 775 2228 -400 2397 1072 1184 1605 0 61329436
452 2251 -453 2359 886 1498 1699 723 2178 -418 2322 1034 1165 1643 0 61436352
434 2229 -401 2303 829 1460 1685 748 2149 -430 2322 1110 1184 1605 0 61475396
479 2259 -396 2359 867 1460 1648 750 2199 -403 2359 1072 1184 1605 0 61568144
472 2281 -379 2359 811 1441 1666 685 2144 -388 2284 1034 1203 1587 0 61675164
542 2263 -399 2364 886 1385 1666 711 2171 -402 2322 1053 1203 1605 0 61714244
498 2217 -417 2308 886 1404 1666 733 2200 -408 2355 1034 1184 1624 0 61808080
503 2272 -408 2383 886 1460 1648 729 2205 -416 2355 1034 1184 1638 0 61917452
553 2271 -390 2383 903 1404 1629 736 2160 -447 2317 1072 1165 1657 0 61955288
482 2217 -434 2308 884 1423 1685 753 2182 -388 2336 1053 1146 1601 0 62047944
488 2202 -371 2289 884 1404 1629 729 2146 -421 2280 1034 1119 1657 0 62157284
522 2272 -326 2364 848 1404 1591 696 2167 -417 2317 1053 1221 1620 0 62196388
453 2207 -378 2289 867 1441 1648 691 2162 -461 2317 1067 1236 1657 0 62285512
495 2266 -407 2364 867 1441 1666 745 2199 -434 2369 1086 1217 1620 0 62394848
485 2272 -425 2383 884 1479 1666 833 2261 -393 2444 1105 1161 1601 0 62432752
449 2216 -378 2308 867 1460 1629 786 2169 -441 2350 1105 1142 1638 0 62526628
487 2238 -392 2327 867 1423 1662 720 2199 -406 2350 1030 1198 1620 0 62634816
466 2251 -348 2345 848 1460 1605 741 2188 -426 2350 1086 1198 1620 0 62672716
430 2262 -390 2364 848 1516 1643 793 2209 -436 2388 1105 1161 1638 0 62763048
490 2276 -426 2359 839 1423 1718 765 2219 -422 2388 1072 1184 1638 0 62872388
485 2308 -416 2397 839 1460 1699 739 2201 -439 2359 1053 1184 1657 0 62910292
522 2329 -413 2434 857 1460 1681 782 2187 -427 2359 1091 1146 1620 0 63001792
475 2301 -409 2397 839 1479 1681 717 2173 -393 2322 1034 1184 1601 0 63109944
461 2243 -394 2322 839 1441 1666 718 2156 -415 2284 1016 1128 1657 0 63147840
561 2325 -388 2434 876 1423 1648 742 2165 -486 2341 1110 1203 1676 0 63240512
480 2273 -404 2359 839 1441 1685 711 2201 -459 2359 1072 1240 1657 0 63347428
521 2311 -412 2420 872 1460 1666 773 2179 -489 2359 1110 1165 1695 0 63386480
497 2264 -409 2364 872 1441 1666 750 2189 -419 2336 1034 1128 1657 0 63480332
494 2221 -392 2308 872 1404 1648 756 2191 -444 2355 1072 1165 1657 0 63589680
456 2244 -401 2345 870 1479 1648 732 2168 -464 2336 1091 1203 1657 0 63628760
483 2241 -407 2327 853 1423 1681 762 2202 -400 2373 1091 1203 1582 0 63719052
420 2230 -400 2289 815 1460 1699 774 2227 -454 2392 1053 1146 1695 0 63828380
463 2247 -399 2327 834 1441 1681 718 2180 -434 2336 1053 1203 1638 0 63866228
451 2257 -444 2359 872 1493 1699 750 2183 -414 2336 1049 1142 1638 0 63957832
457 2260 -385 2341 834 1455 1662 748 2199 -432 2355 1049 1161 1657 0 64068412
832 2886 -5 2341 834 1474 1699 711 2163 -430 2317 1049 1198 1634 0 64108696
466 2301 -356 2378 797 1455 1662 736 2177 -443 2336 1067 1179 1652 0 64197720
816 2877 -13 2378 815 1474 1699 704 2159 -455 2317 1067 1217 1652 0 64307048
479 2274 -427 2378 870 1474 1681 695 2146 -497 2317 1105 1254 1671 0 64347260
477 2288 -445 2378 834 1455 1737 719 2169 -422 2317 1049 1179 1634 0 64437492
467 2298 -397 2397 839 1493 1662 697 2168 -413 2317 1049 1217 1615 0 64546784
446 2291 -437 2378 839 1493 1718 731 2139 -444 2303 1086 1179 1634 0 64585860
436 2206 -395 2284 857 1455 1662 727 2137 -445 2303 1114 1198 1620 0 64675000
484 2296 -432 2397 857 1474 1699 748 2206 -447 2378 1086 1217 1638 0 64783156
826 2906 133 2397 839 1493 1629 730 2214 -428 2378 1067 1236 1620 0 64822240
861 2888 63 2397 876 1455 1666 743 2209 -408 2359 1030 1161 1638 0 64916100
411 2192 -398 2266 857 1474 1666 752 2208 -417 2378 1086 1217 1601 0 65025404
518 2290 -397 2397 875 1446 1648 749 2174 -447 2341 1086 1179 1638 0 65064440
440 2269 -375 2341 801 1465 1666 705 2158 -444 2322 1086 1236 1620 0 65151192
467 2277 -409 2378 857 1484 1666 737 2163 -480 2341 1114 1217 1657 0 65258140
512 2281 -383 2378 857 1427 1648 723 2188 -418 2341 1049 1198 1620 0 65297192
476 2273 -394 2359 839 1446 1681 721 2103 -472 2266 1114 1179 1657 0 65389880
491 2273 -377 2359 839 1427 1662 725 2124 -476 2303 1132 1217 1638 0 65496848
485 2278 -387 2378 857 1465 1643 703 2167 -486 2322 1067 1217 1695 0 65534668
411 2215 -385 2270 815 1460 1681 723 2163 -399 2303 1034 1151 1620 0 65629756
849 2886 82 2270 853 1460 1643 750 2152 -413 2298 1053 1114 1638 0 65739104
455 2274 -443 2364 853 1479 1718 695 2175 -436 2317 1034 1207 1652 0 65779312
465 2261 -408 2327 815 1423 1713 757 2160 -421 2317 1072 1132 1634 0 65868344
482 2266 -406 2345 834 1423 1695 776 2211 -420 2373 1053 1132 1652 0 65978840
775 2758 -141 2345 797 1423 1695 735 2190 -449 2336 1034 1151 1690 0 66019092
419 2200 -417 2252 834 1446 1713 722 2185 -443 2355 1091 1245 1615 0 66111788
426 2184 -386 2233 834 1427 1676 737 2154 -425 2317 1086 1179 1615 0 66221124
466 2247 -421 2345 872 1465 1676 712 2158 -423 2303 1049 1179 1634 0 66258980
442 2217 -431 2289 853 1446 1713 775 2143 -446 2322 1114 1142 1634 0 66345720
434 2203 -419 2270 853 1446 1699 744 2173 -448 2341 1105 1198 1634 0 66455192
492 2245 -403 2327 853 1408 1681 723 2135 -399 2284 1067 1161 1596 0 66494280
485 2260 -434 2345 853 1427 1718 682 2115 -488 2284 1114 1254 1652 0 66584616
485 2264 -424 2364 872 1455 1681 776 2171 -506 2359 1132 1179 1690 0 66693956
443 2215 -487 2308 886 1474 1756 727 2180 -478 2341 1072 1198 1690 0 66731856
444 2239 -434 2327 867 1474 1699 714 2213 -456 2373 1053 1236 1671 0 66823308
404 2186 -441 2270 886 1493 1699 671 2174 -452 2336 1072 1292 1620 0 66929116
391 2204 -400 2270 829 1493 1685 716 2172 -476 2336 1072 1217 1676 0 66968176
481 2233 -429 2327 886 1437 1685 683 2144 -470 2298 1072 1236 1657 0 67062060
396 2162 -385 2252 886 1493 1629 749 2174 -466 2355 1118 1217 1638 0 67169068
447 2231 -383 2345 886 1498 1610 736 2168 -467 2336 1091 1198 1657 0 67209376
497 2251 -434 2345 870 1423 1704 709 2173 -450 2317 1039 1184 1676 0 67300836
429 2253 -366 2345 834 1498 1629 748 2196 -451 2355 1058 1165 1676 0 67407852
458 2260 -376 2345 834 1460 1648 735 2158 -410 2298 1039 1128 1638 0 67448132
461 2257 -344 2345 834 1460 1610 739 2216 -412 2373 1058 1203 1620 0 67540792
447 2212 -348 2289 853 1441 1610 743 2196 -416 2355 1058 1184 1620 0 67650196
481 2279 -402 2364 834 1441 1685 703 2172 -374 2317 1039 1203 1582 0 67688084
481 2247 -370 2327 834 1418 1648 743 2162 -372 2317 1077 1165 1563 0 67779564
445 2202 -413 2289 884 1455 1666 744 2177 -443 2336 1067 1165 1657 0 67887760
422 2203 -368 2270 829 1455 1648 759 2181 -423 2341 1067 1146 1638 0 67926844
451 2232 -369 2289 811 1418 1666 764 2176 -401 2341 1067 1146 1605 0 68017120
397 2228 -432 2308 848 1512 1718 724 2156 -469 2322 1086 1203 1662 0 68125304
412 2223 -424 2270 811 1455 1737 700 2157 -413 2303 1049 1203 1605 0 68164376
437 2218 -406 2308 867 1474 1662 748 2196 -418 2359 1067 1184 1624 0 68257064
439 2234 -359 2308 829 1455 1643 752 2140 -397 2303 1086 1146 1587 0 68367572
438 2229 -484 2327 903 1493 1737 663 2134 -350 2247 997 1184 1568 0 68405464
0 0 0 2289 867 1493 1681 748 2189 -439 2355 1072 1184 1643 1 68494568
392 2237 -434 2345 867 1549 1681 757 2160 -448 2317 1072 1128 1671 0 68603604
479 2271 -436 2364 867 1455 1704 788 2205 -413 2373 1072 1128 1634 0 68643848
454 2225 -422 2327 886 1474 1666 708 2152 -427 2298 1053 1184 1634 0 68734108
435 2186 -398 2270 886 1455 1648 755 2175 -465 2336 1072 1146 1690 0 68843492
498 2247 -441 2345 886 1427 1704 738 2219 -425 2373 1034 1184 1652 0 68883780
853 2825 57 2345 853 1408 1610 744 2183 -471 2355 1086 1198 1671 0 68972900
498 2249 -392 2345 872 1427 1648 724 2153 -473 2322 1114 1217 1652 0 69083392
479 2242 -398 2327 853 1427 1666 726 2201 -437 2359 1067 1217 1638 0 69122384
508 2265 -404 2364 872 1427 1662 719 2188 -443 2341 1049 1198 1657 0 69211468
460 2253 -399 2345 853 1465 1662 749 2181 -442 2341 1067 1161 1657 0 69318484
485 2299 -346 2364 778 1408 1662 670 2196 -456 2341 1011 1254 1676 0 69356352
486 2313 -414 2402 834 1460 1699 744 2167 -490 2341 1105 1198 1676 0 69451396
501 2277 -371 2364 848 1423 1643 711 2201 -459 2359 1072 1240 1657 0 69560796
443 2234 -423 2327 867 1479 1681 732 2157 -434 2303 1053 1146 1657 0 69598672
461 2224 -384 2308 867 1441 1643 692 2163 -411 2303 1034 1203 1620 0 69691276
460 2258 -438 2345 848 1460 1718 717 2163 -372 2303 1034 1165 1582 0 69800552
491 2235 -407 2327 884 1423 1662 735 2178 -396 2322 1034 1146 1620 0 69840780
439 2226 -406 2289 829 1441 1699 733 2178 -425 2322 1034 1146 1657 0 69927468
855 2915 58 2289 867 1479 1681 724 2166 -417 2322 1053 1184 1620 0 70034408
465 2253 -365 2345 848 1460 1624 731 2182 -423 2341 1072 1198 1620 0 70074648
487 2236 -429 2327 867 1423 1699 695 2158 -388 2298 1034 1198 1582 0 70167364
452 2217 -462 2308 884 1460 1718 686 2167 -465 2317 1053 1236 1657 0 70276752
457 2202 -394 2289 886 1441 1643 734 2167 -394 2317 1053 1161 1601 0 70314644
464 2237 -473 2345 903 1479 1718 669 2181 -437 2317 1016 1236 1657 0 70406160
449 2212 -406 2289 848 1441 1681 699 2165 -438 2317 1053 1217 1638 0 70517848
488 2258 -418 2364 884 1460 1662 738 2196 -420 2355 1072 1198 1620 0 70555708
507 2269 -416 2364 872 1423 1681 733 2193 -460 2355 1067 1203 1657 0 70644784
450 2255 -400 2322 815 1441 1699 756 2148 -450 2322 1105 1165 1638 0 70751760
489 2276 -438 2378 872 1460 1699 755 2151 -417 2303 1067 1119 1634 0 70790824
480 2258 -410 2359 872 1460 1662 724 2188 -501 2359 1105 1240 1690 0 70884676
437 2277 -438 2378 853 1516 1699 726 2224 -423 2378 1049 1221 1634 0 70992784
488 2277 -437 2378 870 1460 1699 731 2151 -460 2322 1105 1203 1652 0 71030628
462 2287 -442 2378 853 1479 1718 739 2173 -442 2322 1049 1146 1671 0 71122104
426 2219 -419 2303 867 1479 1681 744 2208 -392 2359 1034 1165 1615 0 71229076
505 2258 -400 2364 886 1441 1643 712 2178 -416 2322 1034 1184 1634 0 71266972
479 2239 -454 2308 848 1404 1756 758 2232 -449 2397 1053 1184 1676 0 71362028
469 2270 -442 2383 886 1498 1681 764 2151 -426 2322 1091 1146 1620 0 71470236
521 2269 -414 2364 867 1404 1681 735 2172 -461 2341 1091 1203 1657 0 71508108
458 2243 -448 2345 884 1479 1699 753 2171 -414 2322 1053 1128 1638 0 71599620
498 2217 -411 2308 886 1404 1662 744 2162 -346 2303 1034 1119 1563 0 71707808
466 2267 -389 2345 815 1441 1681 743 2164 -431 2322 1072 1161 1638 0 71745696
422 2232 -416 2308 834 1479 1699 717 2183 -459 2336 1053 1198 1676 0 71841976
475 2273 -398 2345 815 1423 1699 757 2190 -457 2355 1072 1161 1676 0 71947824
434 2249 -404 2345 853 1498 1662 716 2152 -442 2317 1091 1217 1620 0 71986888
457 2238 -421 2327 872 1460 1681 723 2171 -467 2336 1091 1217 1657 0 72077296
409 2254 -408 2327 815 1498 1699 737 2202 -387 2355 1034 1179 1601 0 72184304
486 2263 -359 2345 834 1423 1643 724 2199 -388 2355 1053 1217 1582 0 72223380
424 2205 -450 2289 872 1479 1718 760 2183 -425 2336 1049 1123 1657 0 72317316
475 2317 -394 2416 834 1498 1662 730 2197 -428 2355 1049 1198 1638 0 72426684
877 2860 2 2416 872 1423 1681 717 2195 -460 2355 1049 1217 1671 0 72465728
499 2315 -425 2397 815 1423 1737 758 2163 -417 2336 1105 1179 1596 0 72558312
422 2223 -396 2303 853 1479 1662 748 2177 -424 2336 1067 1161 1634 0 72665368
478 2259 -424 2359 872 1460 1681 733 2212 -447 2373 1067 1217 1652 0 72705596
499 2298 -412 2397 853 1455 1681 770 2203 -423 2373 1067 1161 1634 0 72794744
481 2286 -434 2378 848 1455 1718 759 2207 -478 2373 1067 1165 1709 0 72905320
475 2240 -448 2364 922 1493 1662 735 2167 -468 2322 1067 1165 1690 0 72944384
420 2254 -468 2345 867 1512 1737 746 2144 -463 2303 1086 1146 1676 0 73034732
481 2232 -436 2327 886 1437 1699 729 2159 -447 2303 1049 1146 1676 0 73144076
475 2249 -442 2345 886 1455 1699 704 2166 -467 2322 1067 1221 1657 0 73184348
475 2249 -442 2345 886 1455 1699 690 2151 -434 2284 1030 1184 1657 0 73273424
441 2223 -402 2308 867 1465 1662 742 2189 -453 2359 1086 1203 1657 0 73382728
453 2238 -435 2327 872 1465 1699 748 2199 -452 2378 1110 1240 1620 0 73420604
473 2225 -444 2308 872 1427 1718 717 2127 -394 2266 1053 1146 1601 0 73513264
837 2858 -17 2308 834 1446 1685 734 2156 -406 2303 1053 1146 1620 0 73620280
443 2212 -348 2289 853 1446 1610 687 2144 -438 2266 1016 1165 1676 0 73661720
513 2273 -365 2345 815 1371 1666 713 2186 -435 2322 1016 1165 1676 0 73750744
836 2803 -49 2345 834 1408 1666 709 2148 -430 2303 1072 1203 1620 0 73861260
417 2220 -373 2327 870 1512 1610 659 2147 -462 2303 1072 1278 1638 0 73901512
426 2238 -419 2327 853 1493 1685 723 2184 -431 2341 1049 1198 1638 0 73988212
446 2281 -379 2359 815 1474 1666 688 2180 -454 2322 1030 1217 1676 0 74095156
433 2270 -433 2341 815 1474 1737 684 2172 -413 2303 1011 1198 1638 0 74134180
476 2280 -346 2359 815 1437 1643 714 2203 -474 2359 1049 1217 1695 0 74228012
444 2242 -399 2303 815 1437 1699 709 2181 -459 2322 1030 1179 1695 0 74337340
446 2297 -429 2416 870 1549 1662 676 2187 -482 2341 1067 1273 1676 0 74377576
467 2286 -390 2378 834 1474 1662 678 2178 -375 2303 992 1198 1601 0 74466692
457 2260 -412 2341 829 1455 1699 717 2152 -401 2303 1049 1179 1601 0 74577156
474 2276 -422 2364 848 1455 1699 693 2169 -446 2322 1067 1236 1638 0 74616164
477 2284 -386 2364 811 1437 1681 696 2188 -445 2341 1049 1236 1652 0 74706416
426 2265 -416 2345 829 1493 1699 736 2217 -446 2378 1067 1217 1652 0 74814564
446 2298 -431 2383 829 1493 1718 746 2174 -466 2341 1086 1179 1671 0 74852432
435 2263 -458 2364 867 1512 1718 689 2180 -436 2322 1030 1217 1652 0 74945072
479 2260 -390 2345 848 1437 1662 740 2153 -457 2322 1086 1179 1652 0 75054400
485 2265 -457 2364 886 1455 1718 773 2166 -480 2341 1105 1146 1690 0 75092272
452 2228 -432 2327 884 1474 1681 757 2193 -492 2373 1105 1203 1690 0 75184944
454 2251 -371 2345 848 1474 1629 728 2147 -471 2317 1105 1203 1657 0 75293120
453 2262 -431 2364 867 1493 1685 731 2170 -465 2336 1086 1203 1657 0 75330988
433 2263 -394 2364 848 1512 1648 753 2170 -452 2336 1086 1165 1657 0 75423604
455 2244 -410 2327 848 1455 1685 805 2214 -416 2392 1105 1146 1620 0 75534148
497 2265 -444 2364 886 1441 1704 711 2174 -474 2336 1067 1221 1676 0 75573224
483 2241 -411 2327 853 1423 1685 745 2226 -436 2392 1067 1221 1638 0 75659948
438 2250 -358 2322 815 1460 1648 731 2151 -468 2322 1105 1203 1657 0 75766952
449 2238 -402 2322 853 1460 1681 703 2151 -469 2303 1067 1203 1676 0 75804836
416 2239 -428 2322 853 1498 1699 748 2191 -449 2359 1067 1184 1657 0 75898716
406 2240 -365 2284 778 1460 1681 743 2172 -388 2322 1049 1146 1601 0 76005684
470 2234 -403 2322 872 1441 1662 713 2142 -395 2284 1049 1165 1601 0 76045960
452 2265 -390 2341 815 1455 1681 768 2183 -454 2359 1086 1165 1657 0 76137492
434 2255 -431 2359 867 1512 1681 703 2108 -500 2266 1105 1198 1695 0 76244460
476 2257 -436 2364 886 1474 1681 719 2172 -413 2312 1030 1161 1638 0 76282356
432 2187 -340 2289 884 1474 1573 732 2151 -454 2312 1086 1179 1652 0 76377412
468 2219 -375 2308 867 1437 1629 754 2210 -441 2369 1049 1161 1671 0 76489060
480 2224 -370 2308 867 1418 1629 711 2158 -464 2312 1067 1198 1671 0 76526916
415 2221 -386 2308 848 1493 1648 768 2216 -421 2388 1086 1198 1615 0 76616040
465 2239 -408 2345 884 1474 1648 752 2175 -451 2350 1105 1198 1634 0 76726592
428 2196 -382 2270 853 1455 1648 741 2175 -488 2350 1086 1198 1690 0 76766868
419 2248 -416 2327 834 1493 1704 774 2162 -465 2336 1105 1142 1671 0 76854804
453 2252 -400 2345 853 1474 1662 767 2175 -461 2355 1114 1179 1657 0 76962980
427 2176 -417 2252 872 1455 1681 749 2190 -432 2355 1067 1179 1638 0 77002044
449 2258 -427 2345 853 1474 1699 1087 2740 -90 2355 1086 1198 1676 0 77093560
485 2266 -351 2364 853 1455 1605 771 2176 -439 2355 1114 1179 1620 0 77202916
429 2237 -403 2345 872 1512 1643 693 2177 -438 2336 1067 1254 1620 0 77242016
438 2250 -403 2345 853 1493 1662 755 2177 -411 2336 1067 1151 1620 0 77333524
422 2243 -374 2359 870 1530 1605 791 2189 -455 2373 1105 1151 1657 0 77444084
392 2267 -432 2378 853 1568 1681 757 2170 -487 2336 1086 1151 1709 0 77481964
829 2910 22 2378 834 1493 1699 740 2164 -472 2336 1086 1189 1671 0 77571048
471 2291 -473 2397 872 1493 1737 730 2193 -450 2355 1067 1207 1652 0 77682804
493 2315 -443 2416 853 1474 1718 732 2184 -447 2336 1049 1170 1671 0 77720640
437 2264 -422 2341 815 1474 1718 775 2213 -404 2373 1049 1132 1634 0 77810932
465 2288 -439 2378 848 1474 1718 709 2167 -443 2317 1053 1198 1652 0 77920292
424 2262 -416 2341 829 1493 1699 725 2223 -458 2369 1016 1179 1709 0 77959348
498 2276 -417 2341 811 1380 1737 746 2193 -445 2350 1053 1161 1671 0 78049612
435 2247 -385 2341 848 1493 1643 768 2219 -419 2388 1072 1179 1634 0 78158984
480 2313 -401 2397 811 1455 1699 758 2193 -426 2350 1053 1142 1652 0 78198088
498 2274 -376 2378 867 1455 1624 699 2192 -424 2331 1016 1198 1652 0 78288492
490 2268 -376 2359 848 1437 1643 787 2205 -462 2388 1091 1161 1671 0 78399028
475 2267 -395 2359 848 1455 1662 777 2174 -479 2350 1105 1146 1690 0 78436880
470 2226 -401 2327 886 1455 1643 769 2190 -490 2373 1105 1184 1690 0 78527148
530 2292 -412 2402 884 1437 1662 760 2163 -471 2336 1105 1165 1671 0 78637716
537 2337 -402 2439 848 1437 1681 773 2174 -488 2355 1114 1165 1690 0 78677996
459 2256 -453 2364 886 1493 1699 730 2178 -473 2336 1067 1184 1690 0 78767080
506 2245 -453 2345 886 1418 1718 778 2186 -448 2373 1132 1203 1615 0 78877656
486 2248 -455 2345 884 1441 1718 748 2178 -502 2355 1105 1203 1690 0 78916768
445 2259 -363 2308 778 1423 1681 750 2147 -425 2317 1105 1170 1615 0 79004632
480 2254 -380 2345 853 1441 1643 790 2199 -449 2373 1086 1132 1671 0 79115160
420 2229 -390 2289 815 1460 1685 799 2224 -373 2392 1067 1132 1587 0 79153004
496 2280 -368 2364 834 1423 1648 691 2184 -430 2336 1049 1245 1624 0 79243308
450 2228 -357 2289 815 1423 1648 728 2172 -451 2336 1086 1207 1643 0 79352716
450 2228 -357 2289 815 1423 1648 730 2161 -400 2317 1086 1189 1587 0 79391792
418 2202 -353 2270 834 1460 1629 753 2165 -445 2336 1086 1170 1643 0 79482084
443 2260 -429 2345 848 1479 1704 746 2173 -422 2336 1067 1170 1624 0 79587808
512 2256 -444 2378 922 1460 1666 744 2179 -365 2322 1030 1132 1587 0 79625740
517 2279 -399 2378 867 1423 1662 734 2143 -441 2303 1086 1170 1638 0 79720808
449 2229 -381 2303 829 1441 1662 728 2180 -424 2322 1030 1151 1657 0 79830148
503 2265 -404 2359 867 1423 1681 743 2205 -384 2359 1030 1170 1601 0 79870440
418 2269 -407 2359 829 1516 1681 750 2136 -406 2284 1067 1114 1620 0 79959604
480 2261 -420 2359 867 1455 1681 783 2166 -451 2341 1105 1132 1657 0 80065516
481 2288 -368 2378 829 1455 1643 749 2169 -458 2341 1086 1179 1657 0 80103408
488 2262 -394 2345 829 1418 1681 688 2154 -477 2317 1086 1254 1657 0 80198480
462 2220 -414 2289 848 1418 1699 730 2169 -421 2317 1049 1161 1638 0 80305448
883 2911 -2 2289 886 1455 1718 725 2151 -464 2317 1086 1198 1657 0 80343340
431 2232 -425 2327 867 1493 1681 701 2154 -458 2317 1086 1236 1638 0 80441916
499 2229 -395 2327 886 1418 1643 753 2201 -448 2373 1086 1198 1657 0 80552420
481 2254 -416 2345 867 1441 1681 766 2147 -442 2317 1105 1142 1638 0 80591480
499 2241 -424 2327 867 1404 1699 770 2154 -442 2317 1086 1119 1657 0 80675800
507 2284 -433 2378 848 1423 1718 670 2194 -432 2336 1030 1259 1638 0 80782712
451 2270 -465 2359 848 1479 1741 786 2190 -452 2373 1114 1165 1652 0 80820580
481 2219 -356 2322 886 1441 1591 703 2201 -505 2373 1086 1278 1690 0 80914480
484 2266 -412 2378 886 1479 1648 706 2186 -487 2355 1086 1259 1671 0 81022608
537 2304 -416 2416 886 1441 1666 786 2190 -452 2373 1114 1165 1652 0 81060516
436 2235 -423 2322 867 1479 1685 775 2192 -428 2355 1067 1128 1652 0 81154376
470 2335 -386 2416 801 1479 1685 743 2185 -494 2373 1132 1254 1652 0 81264784
508 2296 -369 2383 839 1423 1648 729 2214 -440 2378 1067 1236 1634 0 81302680
547 2316 -378 2402 820 1366 1685 742 2201 -503 2378 1086 1217 1709 0 81392972
410 2241 -323 2308 801 1479 1610 710 2174 -495 2341 1086 1236 1690 0 81504724
483 2279 -389 2364 839 1441 1666 772 2181 -496 2359 1105 1161 1709 0 81542592
487 2260 -403 2345 839 1423 1685 728 2132 -471 2303 1114 1198 1652 0 81631732
477 2232 -396 2327 875 1441 1648 677 2157 -438 2303 1049 1236 1634 0 81741124
490 2274 -324 2364 834 1441 1591 747 2193 -375 2341 1034 1146 1596 0 81779012
504 2273 -367 2345 815 1385 1666 692 2139 -482 2266 1034 1165 1727 0 81871696
467 2252 -444 2345 872 1460 1718 701 2164 -435 2303 1034 1184 1657 0 81983440
435 2243 -412 2327 853 1479 1681 742 2141 -372 2284 1053 1119 1582 0 82023724
481 2280 -382 2364 834 1441 1662 668 2151 -419 2266 997 1184 1657 0 82110472
468 2232 -366 2308 834 1423 1643 711 2171 -425 2322 1053 1203 1620 0 82219812
400 2224 -433 2327 872 1530 1681 684 2113 -417 2247 1053 1184 1620 0 82257636
421 2241 -439 2308 829 1474 1737 704 2153 -420 2303 1049 1198 1620 0 82349044
450 2223 -433 2322 886 1474 1681 735 2177 -487 2350 1105 1217 1676 0 82458408
435 2247 -385 2341 848 1493 1643 778 2221 -380 2388 1067 1161 1601 0 82496316
427 2256 -388 2341 829 1493 1662 724 2189 -427 2350 1067 1217 1620 0 82586680
451 2265 -403 2341 811 1455 1699 766 2226 -427 2388 1049 1161 1657 0 82694828
490 2266 -390 2378 884 1474 1624 718 2170 -449 2331 1086 1217 1638 0 82732684
477 2240 -431 2341 886 1455 1681 720 2225 -478 2388 1049 1236 1695 0 82827752
419 2252 -433 2359 867 1530 1681 759 2209 -417 2369 1053 1161 1638 0 82935924
462 2263 -468 2383 903 1512 1699 741 2191 -412 2350 1053 1179 1620 0 82973856
487 2263 -391 2364 867 1455 1643 687 2201 -420 2350 1034 1254 1620 0 83065320
441 2240 -396 2327 848 1474 1662 775 2192 -408 2350 1053 1114 1638 0 83174620
436 2261 -444 2364 867 1512 1699 716 2210 -437 2369 1053 1236 1638 0 83213676
445 2237 -464 2327 867 1474 1737 699 2177 -446 2331 1072 1236 1638 0 83303936
451 2244 -400 2327 848 1460 1681 758 2203 -435 2369 1072 1179 1638 0 83413240
466 2254 -434 2345 870 1460 1699 750 2228 -394 2388 1053 1203 1601 0 83452288
437 2241 -457 2327 853 1479 1737 766 2192 -390 2355 1053 1146 1601 0 83542552
457 2245 -384 2308 815 1423 1681 735 2198 -454 2355 1053 1184 1676 0 83651888
477 2272 -384 2345 815 1423 1681 737 2217 -410 2373 1053 1203 1620 0 83689764
423 2264 -419 2345 834 1498 1699 761 2203 -402 2355 1034 1128 1638 0 83781212
451 2212 -361 2308 872 1460 1605 773 2229 -379 2392 1053 1165 1601 0 83888152
514 2263 -372 2364 872 1423 1624 686 2166 -413 2317 1053 1240 1601 0 83926032
457 2228 -360 2308 853 1441 1624 742 2168 -402 2317 1049 1142 1620 0 84021136
463 2256 -398 2322 815 1423 1699 740 2186 -392 2331 1030 1142 1620 0 84130480
528 2296 -341 2378 815 1385 1624 757 2173 -409 2331 1067 1142 1620 0 84168344
529 2294 -416 2397 872 1423 1681 1045 2689 -44 2331 1049 1179 1601 0 84261028
462 2276 -345 2359 815 1460 1624 779 2216 -404 2388 1086 1179 1601 0 84372720
460 2271 -433 2378 872 1498 1681 786 2220 -394 2388 1086 1161 1601 0 84410584
478 2264 -471 2359 870 1455 1737 767 2228 -390 2388 1067 1179 1601 0 84499672
486 2260 -378 2341 829 1418 1662 712 2144 -402 2294 1049 1179 1601 0 84606660
434 2276 -422 2359 829 1493 1718 771 2190 -456 2369 1105 1179 1657 0 84645712
499 2260 -372 2359 867 1437 1624 752 2204 -495 2388 1114 1236 1676 0 84735980
512 2316 -393 2416 848 1455 1662 751 2164 -488 2350 1132 1217 1657 0 84842944
503 2283 -407 2397 886 1474 1643 735 2181 -470 2350 1105 1217 1657 0 84881972
464 2283 -472 2397 886 1512 1718 725 2174 -494 2350 1105 1236 1676 0 84975768
477 2256 -390 2341 848 1437 1662 741 2178 -476 2350 1086 1198 1676 0 85087500
894 2931 141 2341 908 1474 1643 695 2178 -412 2331 1053 1240 1601 0 85125388
451 2248 -406 2327 834 1455 1681 752 2209 -390 2373 1072 1203 1582 0 85215672
490 2286 -448 2383 870 1455 1718 743 2225 -386 2373 1016 1165 1620 0 85325040
443 2275 -444 2364 853 1493 1718 730 2190 -464 2355 1091 1221 1657 0 85364060
422 2218 -426 2327 889 1512 1662 695 2180 -380 2317 1016 1203 1582 0 85453148
501 2252 -414 2345 872 1418 1681 716 2204 -416 2355 1053 1221 1620 0 85560092
413 2227 -412 2308 853 1493 1681 730 2186 -481 2355 1091 1221 1676 0 85599124
409 2233 -418 2308 834 1493 1699 760 2176 -444 2355 1114 1198 1620 0 85693044
448 2244 -409 2322 834 1455 1681 749 2231 -418 2392 1049 1198 1638 0 85802460
827 2884 113 2322 834 1474 1624 742 2196 -410 2355 1049 1179 1620 0 85840332
465 2261 -371 2359 853 1474 1624 749 2193 -417 2355 1067 1179 1620 0 85933028
476 2280 -375 2359 815 1437 1662 749 2184 -429 2336 1049 1142 1657 0 86041144
383 2233 -377 2303 815 1512 1662 736 2139 -439 2298 1086 1161 1638 0 86079020
444 2223 -415 2303 853 1455 1681 737 2154 -433 2317 1086 1179 1620 0 86171708
466 2260 -424 2359 867 1474 1681 740 2177 -427 2336 1067 1179 1620 0 86278672
474 2258 -449 2364 886 1474 1699 749 2167 -418 2331 1067 1161 1620 0 86316524
419 2227 -465 2327 884 1512 1718 744 2195 -443 2350 1049 1161 1671 0 86410400
473 2232 -402 2308 848 1418 1681 788 2199 -340 2350 1030 1077 1577 0 86520964
423 2217 -459 2308 886 1493 1718 737 2180 -416 2331 1049 1161 1634 0 86560020
408 2204 -396 2270 829 1474 1681 811 2193 -482 2388 1151 1161 1671 0 86646728
398 2220 -399 2308 848 1512 1662 761 2181 -426 2350 1105 1179 1615 0 86753732
425 2212 -446 2308 884 1493 1699 774 2234 -433 2406 1072 1184 1652 0 86792760
472 2265 -414 2378 884 1493 1648 769 2146 -487 2322 1118 1146 1690 0 86886640
482 2260 -409 2359 867 1455 1666 744 2148 -400 2303 1072 1146 1601 0 86995948
470 2266 -427 2378 884 1493 1666 724 2166 -417 2322 1053 1184 1620 0 87036224
451 2296 -438 2397 848 1512 1704 732 2154 -457 2322 1110 1203 1638 0 87125304
520 2255 -384 2359 886 1418 1629 763 2167 -393 2341 1110 1184 1563 0 87234716
445 2223 -435 2322 884 1479 1685 703 2185 -425 2322 1016 1184 1657 0 87272616
447 2254 -365 2359 857 1498 1610 737 2139 -430 2303 1086 1170 1620 0 87364080
493 2273 -412 2378 875 1460 1662 739 2184 -352 2336 1049 1170 1563 0 87474672
480 2297 -418 2378 820 1441 1718 732 2162 -431 2317 1067 1170 1638 0 87513740
431 2248 -434 2341 857 1498 1699 760 2165 -432 2336 1105 1170 1620 0 87602872
487 2279 -401 2378 857 1460 1662 759 2201 -453 2373 1086 1189 1657 0 87713424
469 2269 -427 2359 857 1460 1699 759 2205 -437 2373 1086 1189 1638 0 87751316
460 2254 -413 2341 857 1460 1681 760 2159 -465 2336 1105 1170 1657 0 87841636
426 2246 -384 2322 829 1479 1662 759 2175 -426 2336 1072 1146 1638 0 87948608
442 2229 -459 2322 886 1479 1718 685 2184 -395 2322 1016 1221 1601 0 87986492
483 2256 -361 2359 867 1460 1605 755 2169 -451 2341 1110 1184 1638 0 88080320
490 2254 -455 2341 867 1423 1737 725 2188 -459 2359 1091 1240 1638 0 88188412
469 2251 -421 2359 884 1479 1662 687 2165 -467 2303 1034 1203 1695 0 88226296
440 2230 -422 2322 867 1479 1681 743 2197 -427 2359 1053 1184 1638 0 88319028
443 2288 -419 2378 829 1498 1699 771 2178 -421 2341 1072 1128 1638 0 88425924
392 2180 -388 2284 886 1516 1624 703 2157 -410 2303 1049 1198 1601 0 88464952
855 2933 158 2284 884 1498 1643 763 2170 -474 2336 1086 1142 1695 0 88558780
506 2282 -417 2392 884 1460 1662 749 2196 -398 2355 1067 1179 1601 0 88668176
511 2278 -413 2373 867 1423 1681 707 2162 -486 2336 1105 1254 1657 0 88707236
488 2282 -450 2392 884 1479 1699 739 2162 -415 2317 1067 1161 1620 0 88797464
427 2216 -436 2317 886 1498 1681 789 2212 -428 2392 1105 1179 1620 0 88906808
492 2258 -440 2355 886 1441 1699 734 2155 -457 2317 1086 1179 1657 0 88947072
480 2302 -426 2392 834 1460 1718 722 2225 -476 2392 1067 1254 1676 0 89036136
486 2269 -441 2392 908 1498 1662 766 2212 -454 2392 1105 1217 1638 0 89146700
483 2309 -414 2397 834 1460 1699 747 2170 -450 2336 1086 1179 1638 0 89185764
498 2307 -436 2397 834 1441 1718 753 2207 -438 2373 1086 1198 1638 0 89274860
504 2319 -325 2397 797 1423 1624 700 2179 -460 2336 1067 1236 1657 0 89385356
482 2294 -403 2378 815 1441 1699 726 2162 -448 2317 1067 1179 1657 0 89424404
455 2270 -389 2359 834 1474 1662 794 2205 -470 2392 1105 1161 1676 0 89514668
477 2304 -418 2416 867 1512 1662 760 2222 -452 2392 1086 1203 1657 0 89624052
470 2310 -417 2397 829 1474 1704 0 0 0 2359 1086 1184 1676 2 89661940
443 2243 -401 2345 867 1493 1648 725 2191 -389 2341 1030 1184 1601 0 89755512
490 2222 -323 2327 886 1437 1554 796 2163 -437 2341 1114 1119 1638 0 89863652
413 2224 -413 2289 829 1474 1704 783 2173 -425 2341 1086 1119 1638 0 89901532
491 2228 -359 2308 848 1399 1629 771 2174 -409 2341 1086 1146 1601 0 89993024
454 2245 -380 2327 848 1455 1648 705 2122 -468 2284 1086 1203 1657 0 90102396
426 2238 -419 2327 853 1493 1685 748 2203 -385 2359 1034 1165 1601 0 90140288
502 2264 -389 2364 870 1437 1643 751 2182 -403 2336 1053 1146 1620 0 90229396
426 2276 -366 2341 778 1474 1662 693 2190 -470 2336 1034 1221 1695 0 90338776
494 2254 -390 2341 853 1418 1662 749 2198 -420 2355 1053 1165 1638 0 90379064
463 2227 -392 2322 872 1455 1643 696 2175 -453 2317 1034 1203 1676 0 90468160
468 2251 -419 2341 870 1455 1681 716 2160 -423 2317 1072 1203 1620 0 90578708
484 2249 -418 2341 872 1437 1681 0 0 0 2317 1072 1203 1620 2 90617740
435 2240 -401 2322 848 1474 1671 727 2193 -426 2355 1067 1217 1620 0 90708920
447 2229 -459 2322 884 1474 1727 700 2140 -442 2280 1049 1179 1657 0 90818248
505 2259 -436 2355 867 1418 1709 733 2215 -430 2373 1067 1217 1634 0 90857272
453 2269 -417 2355 848 1474 1690 723 2221 -469 2373 1030 1198 1709 0 90946376
430 2282 -473 2373 848 1512 1765 762 2168 -497 2355 1132 1198 1690 0 91053356
442 2263 -459 2355 867 1493 1727 733 2208 -464 2373 1067 1217 1671 0 91091272
478 2301 -449 2392 829 1460 1746 747 2166 -455 2336 1086 1179 1652 0 91185216
463 2209 -421 2298 886 1441 1681 794 2182 -435 2355 1091 1114 1652 0 91290944
448 2258 -326 2336 811 1460 1605 774 2186 -418 2350 1072 1132 1634 0 91328828
432 2251 -401 2345 848 1498 1662 747 2229 -484 2406 1091 1245 1676 0 91426292
475 2191 -381 2270 867 1404 1643 736 2222 -469 2388 1072 1226 1676 0 91535664
450 2250 -367 2345 848 1479 1624 735 2233 -418 2388 1034 1207 1638 0 91574744
475 2270 -448 2364 867 1460 1718 773 2208 -425 2369 1053 1132 1657 0 91663848
478 2227 -400 2327 886 1446 1643 760 2188 -391 2350 1053 1151 1601 0 91774372
478 2252 -424 2345 870 1446 1699 755 2200 -361 2350 1034 1142 1582 0 91813432
485 2252 -393 2327 834 1408 1681 660 2126 -436 2266 1053 1236 1620 0 91902512
430 2214 -410 2308 872 1484 1662 763 2168 -441 2341 1091 1161 1638 0 92013016
452 2223 -394 2289 834 1427 1681 722 2149 -437 2303 1072 1179 1638 0 92050920
492 2259 -365 2327 815 1390 1662 696 2149 -420 2284 1034 1179 1638 0 92141216
450 2232 -399 2308 834 1446 1681 708 2164 -468 2322 1072 1217 1657 0 92252904
440 2259 -354 2327 797 1455 1643 733 2149 -432 2303 1072 1161 1638 0 92290756
460 2263 -396 2345 834 1455 1681 691 2174 -464 2303 1011 1179 1713 0 92379816
407 2211 -441 2289 853 1493 1718 751 2175 -499 2355 1105 1198 1695 0 92489064
436 2256 -350 2308 778 1437 1662 761 2185 -487 2355 1086 1161 1709 0 92526916
456 2288 -394 2383 834 1493 1662 779 2157 -440 2336 1105 1142 1634 0 92619604
404 2238 -394 2308 815 1493 1681 724 2154 -443 2317 1086 1198 1634 0 92727772
464 2233 -408 2327 872 1455 1662 713 2200 -471 2355 1049 1217 1690 0 92765680
488 2226 -374 2308 853 1404 1643 737 2184 -444 2336 1049 1161 1671 0 92858344
480 2229 -413 2327 886 1441 1662 715 2195 -462 2355 1053 1221 1671 0 92966524
452 2249 -437 2345 867 1479 1699 769 2200 -436 2359 1053 1128 1671 0 93004432
542 2276 -442 2383 903 1404 1699 659 2147 -428 2284 1034 1240 1620 0 93097116
463 2222 -431 2308 867 1441 1699 725 2163 -412 2303 1034 1146 1638 0 93205272
450 2253 -462 2345 867 1479 1737 766 2179 -385 2341 1072 1146 1582 0 93243128
484 2232 -385 2308 848 1404 1662 737 2142 -471 2303 1091 1165 1676 0 93335828
449 2239 -380 2327 848 1465 1643 730 2149 -434 2303 1072 1165 1638 0 93445148
467 2240 -461 2327 872 1446 1737 790 2178 -440 2359 1105 1142 1638 0 93483052
479 2250 -463 2345 870 1446 1737 740 2172 -436 2336 1067 1179 1638 0 93575728
363 2206 -376 2252 797 1502 1681 706 2169 -444 2317 1049 1198 1657 0 93683924
437 2196 -392 2270 853 1446 1662 714 2182 -425 2336 1067 1217 1620 0 93721788
461 2254 -435 2345 870 1465 1699 754 2157 -482 2336 1105 1179 1676 0 93812028
460 2239 -408 2308 834 1427 1699 711 2157 -451 2317 1086 1217 1638 0 93918924
439 2243 -412 2327 853 1474 1681 731 2168 -407 2317 1049 1161 1620 0 93957972
465 2240 -420 2345 886 1474 1662 706 2169 -444 2317 1049 1198 1657 0 94051856
433 2250 -394 2327 829 1474 1681 705 2187 -434 2331 1030 1198 1657 0 94161204
831 2931 145 2327 848 1512 1643 737 2217 -391 2369 1049 1198 1601 0 94200296
424 2198 -388 2284 867 1474 1643 738 2180 -406 2331 1049 1161 1620 0 94292968
497 2300 -446 2397 867 1455 1718 747 2200 -418 2369 1086 1217 1601 0 94399964
501 2270 -417 2378 884 1455 1662 778 2205 -454 2388 1114 1198 1638 0 94440228
482 2224 -398 2322 886 1437 1643 713 2166 -413 2331 1086 1236 1582 0 94530548
419 2240 -425 2322 848 1493 1699 741 2166 -422 2331 1086 1184 1620 0 94639940
471 2207 -381 2303 886 1437 1624 748 2207 -388 2369 1067 1203 1582 0 94677840
489 2282 -380 2378 848 1455 1643 783 2240 -420 2406 1049 1146 1657 0 94769320
467 2251 -417 2341 867 1455 1681 740 2173 -458 2331 1067 1165 1676 0 94878692
507 2316 -459 2416 867 1455 1737 771 2181 -411 2350 1105 1165 1601 0 94917820
488 2293 -438 2397 867 1474 1699 702 2196 -424 2350 1049 1240 1620 0 95008208
485 2253 -420 2341 848 1427 1699 758 2178 -448 2350 1105 1184 1638 0 95117616
506 2271 -430 2378 886 1446 1681 741 2217 -358 2369 1034 1184 1582 0 95155520
484 2265 -447 2359 867 1446 1718 728 2164 -452 2322 1072 1184 1657 0 95247036
465 2234 -409 2322 867 1446 1681 728 2150 -462 2303 1072 1165 1676 0 95357580
445 2262 -443 2364 867 1502 1699 725 2157 -472 2322 1091 1203 1657 0 95396688
447 2185 -439 2270 886 1446 1699 734 2164 -422 2303 1034 1128 1657 0 95484648
451 2224 -377 2289 829 1427 1662 746 2180 -412 2341 1053 1165 1620 0 95594004
398 2192 -417 2270 867 1493 1681 702 2150 -438 2303 1053 1203 1638 0 95633068
512 2296 -364 2383 839 1418 1643 716 2174 -443 2341 1086 1236 1620 0 95723316
452 2225 -383 2327 876 1474 1624 771 2183 -418 2359 1105 1179 1601 0 95829108
466 2284 -377 2364 820 1455 1662 729 2197 -429 2359 1067 1217 1624 0 95867032
482 2296 -402 2383 839 1455 1681 723 2192 -384 2341 1049 1198 1587 0 95962100
432 2242 -351 2308 801 1455 1643 741 2166 -418 2322 1067 1161 1624 0 96069112
471 2306 -349 2383 801 1455 1643 724 2145 -428 2303 1067 1179 1624 0 96108172
472 2258 -397 2327 820 1418 1695 690 2188 -416 2341 1049 1254 1605 0 96202028
437 2246 -430 2327 839 1474 1713 760 2167 -424 2341 1105 1179 1605 0 96311352
458 2286 -393 2383 839 1493 1657 728 2168 -379 2331 1086 1217 1549 0 96350396
408 2267 -440 2345 820 1512 1732 725 2158 -431 2312 1067 1179 1634 0 96440676
425 2220 -357 2270 801 1437 1657 771 2196 -440 2369 1105 1179 1634 0 96550160
409 2258 -378 2327 801 1493 1676 780 2172 -415 2350 1114 1161 1596 0 96587992
394 2247 -333 2308 782 1493 1638 753 2175 -436 2350 1105 1198 1615 0 96680608
0 0 0 2270 876 1493 1756 774 2181 -476 2369 1132 1198 1652 1 96789992
458 2202 -410 2289 886 1441 1662 729 2189 -443 2350 1053 1198 1652 0 96828792
451 2218 -441 2308 884 1460 1699 701 2171 -438 2322 1053 1217 1634 0 96919028
436 2205 -415 2270 848 1441 1699 0 0 0 2303 1053 1198 1634 2 97028404
458 2236 -420 2341 884 1479 1662 683 2140 -463 2303 1091 1254 1634 0 97067196
458 2255 -438 2341 848 1460 1718 708 2193 -498 2359 1091 1254 1690 0 97158676
496 2295 -449 2397 867 1460 1718 718 2187 -469 2341 1053 1198 1690 0 97265632
494 2259 -446 2359 886 1441 1718 692 2164 -448 2303 1034 1198 1671 0 97304740
486 2294 -387 2397 853 1479 1643 762 2137 -478 2303 1105 1132 1690 0 97397388
468 2271 -411 2359 853 1460 1681 782 2217 -445 2392 1086 1170 1652 0 97507968
468 2270 -425 2359 853 1460 1699 770 2178 -461 2355 1105 1170 1652 0 97547016
439 2205 -434 2289 872 1460 1699 797 2169 -424 2355 1132 1151 1601 0 97633784
475 2293 -447 2402 872 1498 1699 793 2163 -485 2355 1132 1151 1676 0 97739548
467 2252 -444 2345 872 1460 1718 758 2170 -476 2336 1086 1151 1695 0 97777388
471 2263 -406 2345 834 1441 1681 752 2208 -429 2373 1067 1189 1638 0 97872444
421 2184 -412 2289 903 1493 1643 1070 2753 -56 2373 1072 1217 1657 0 97979372
466 2240 -391 2308 829 1418 1681 727 2204 -432 2369 1072 1236 1620 0 98019652
459 2254 -371 2327 811 1437 1662 762 2209 -488 2388 1091 1198 1695 0 98112324
496 2275 -391 2378 867 1455 1643 742 2194 -395 2350 1053 1179 1601 0 98221724
494 2301 -454 2416 886 1493 1699 734 2201 -467 2350 1034 1161 1713 0 98259608
450 2258 -427 2359 867 1493 1681 778 2196 -440 2369 1091 1161 1638 0 98352268
441 2267 -359 2359 829 1493 1624 730 2201 -415 2350 1034 1179 1638 0 98460352
507 2267 -397 2359 867 1418 1662 759 2189 -373 2350 1067 1161 1582 0 98498200
481 2271 -463 2378 886 1474 1718 764 2182 -446 2355 1105 1179 1638 0 98589704
440 2214 -446 2322 903 1493 1681 749 2160 -446 2336 1114 1198 1620 0 98700240
443 2253 -456 2364 886 1512 1699 728 2181 -505 2355 1114 1236 1690 0 98738168
465 2234 -441 2327 884 1455 1699 734 2172 -442 2336 1086 1198 1634 0 98828444
448 2240 -437 2345 884 1493 1681 725 2170 -434 2336 1086 1217 1615 0 98934248
447 2234 -422 2327 867 1474 1681 725 2149 -476 2317 1086 1198 1671 0 98973320
449 2236 -408 2345 884 1493 1643 760 2224 -448 2392 1086 1203 1652 0 99067176
424 2207 -418 2289 867 1474 1681 769 2209 -457 2392 1114 1221 1634 0 99175432
490 2259 -431 2364 884 1455 1681 740 2188 -455 2355 1086 1203 1652 0 99213288
404 2254 -483 2345 867 1530 1756 740 2186 -455 2355 1086 1203 1657 0 99306032
447 2234 -422 2327 867 1474 1681 723 2173 -455 2336 1067 1203 1657 0 99411784
449 2203 -427 2308 903 1474 1662 739 2168 -417 2317 1049 1146 1638 0 99450856
414 2219 -385 2289 829 1474 1662 761 2185 -464 2355 1086 1165 1676 0 99544728
470 2257 -450 2364 886 1479 1699 780 2222 -430 2392 1072 1165 1638 0 99651772
463 2265 -439 2364 867 1479 1699 709 2177 -395 2303 997 1146 1638 0 99690832
462 2237 -407 2345 886 1479 1643 786 2156 -424 2322 1091 1100 1638 0 99783436
478 2240 -398 2322 848 1423 1662 744 2162 -405 2322 1072 1165 1601 0 99890388
406 2214 -366 2284 829 1479 1643 703 2185 -425 2322 1016 1184 1657 0 99929468
443 2188 -399 2266 867 1441 1662 745 2193 -394 2341 1034 1146 1620 0 100023284
503 2292 -407 2397 867 1460 1662 761 2179 -425 2341 1072 1146 1638 0 100132728