Anchor0, 0x6e44, X: 0, Y: 0, Z: 0 
Anchor1, 0x6e7a, X: 0, Y: 5602, Z: 0 
Anchor2, 0x6e6c, X: 4099, Y: 4678, Z: 0 
Anchor3, 0x6939, X: 1936, Y: 3188, Z: 880 


#### UWB SETTINGS ####
Ranging protocol: FAST
Channel: 5
Bitrate: 850 kb/s
PRF: 64 MHz
Preamble length: 2048 symbols
Gain: 11.5
######################


Misure in [mm] e [ms]

X	Y		Z	Dt	A0		A1		A2		A3	
433	2938	312	1538993737240	2935	2664	4082	1596	
486	2936	49	104	2935	2664	4017	1671	
451	2955	92	138	2935	2626	4045	1671	
454	2955	157	109	2935	2626	4045	1634	
474	2963	145	107	2973	2664	4017	1634	
489	2936	114	41	2935	2664	4017	1634	
487	2902	172	100	2841	2650	4017	1605	
491	2933	79	104	2916	2650	4017	1643	
471	2934	154	37	2879	2612	4045	1605	
478	2916	165	101	2879	2650	4045	1605	
471	2934	154	106	2879	2612	4045	1605	
430	2976	182	112	2916	2575	4045	1643	
471	2934	154	36	2879	2612	4045	1605	
476	2908	121	105	2879	2664	4045	1634	
440	2909	192	108	2879	2664	4082	1634	
498	2908	43	107	2916	2701	4017	1671	
488	2944	88	37	2916	2626	4017	1634	
476	2908	121	108	2879	2664	4045	1634	
451	2914	167	107	2841	2626	4045	1634	
476	2925	133	108	2935	2701	4031	1643	
419	2938	325	37	2935	2664	4096	1605	
515	2937	121	108	2935	2664	3994	1605	
473	2937	126	106	2935	2664	4031	1643	
478	2937	193	109	2935	2664	4031	1605	
464	2964	228	35	2973	2664	4031	1605	
439	2938	278	109	2935	2664	4073	1605	
474	2937	201	108	2935	2664	4035	1605	
402	2945	415	107	2973	2701	4110	1605	
439	2938	278	37	2935	2664	4073	1605	
452	2961	94	105	2973	2664	4035	1681	
439	2938	278	111	2935	2664	4073	1605	
476	2940	92	107	2907	2626	4031	1643	
453	2942	209	37	2907	2626	4059	1605	
480	2941	155	104	2907	2626	4031	1605	
482	2922	102	106	2907	2664	4031	1643	
480	2941	155	36	2907	2626	4031	1605	
426	2923	297	100	2907	2664	4096	1605	
466	2922	104	107	2907	2664	4045	1657	
410	2947	56	108	2935	2640	4082	1732	
470	2967	30	39	2973	2640	4017	1695	
483	2947	68	208	2935	2640	4017	1657	
402	2987	218	37	2973	2603	4082	1657	
468	2986	130	205	2973	2603	4017	1634	
431	2895	199	37	2818	2640	4082	1634	
443	2908	163	97	2855	2640	4082	1634	
443	2915	124	110	2855	2640	4045	1671	
445	2931	173	107	2855	2603	4045	1634	
408	2913	121	40	2855	2640	4082	1709	
446	2914	189	102	2855	2640	4059	1634	
483	2926	99	104	2893	2640	4031	1634	
462	2920	158	35	2869	2640	4031	1634	
468	2953	142	102	2944	2640	4031	1634	
447	2933	99	108	2907	2640	4059	1671	
447	2933	99	108	2907	2640	4059	1671	
445	2952	152	38	2907	2603	4059	1634	
471	2916	149	104	2907	2678	4045	1634	
468	2935	186	101	2907	2640	4045	1605	
461	2949	212	37	2935	2640	4045	1605	
394	2950	424	103	2973	2678	4120	1605	
418	2969	326	109	2973	2640	4082	1605	
425	2931	234	106	2935	2678	4082	1643	
455	2949	146	36	2935	2640	4045	1643	
451	2969	250	108	2973	2640	4045	1605	
421	2968	272	109	2935	2603	4082	1605	
465	2955	285	108	2944	2640	4045	1568	
434	2935	259	37	2907	2640	4082	1605	
434	2935	259	103	2907	2640	4082	1605	
468	2935	186	104	2907	2640	4045	1605	
453	2953	154	39	2944	2640	4045	1643	
506	2961	133	98	2907	2603	3966	1605	
501	2876	37	104	2869	2715	4031	1671	
507	2950	34	38	2935	2650	3966	1671	
457	2971	169	98	2973	2650	4031	1634	
489	2988	105	103	2935	2575	3966	1634	
472	2944	137	36	2935	2650	4031	1634	
481	2980	40	102	2973	2612	4003	1671	
452	2968	110	106	2935	2612	4017	1671	
469	2945	280	110	2935	2650	4045	1568	
422	2953	180	36	2907	2603	4082	1643	
474	2936	249	106	2907	2640	4045	1568	
458	2951	111	108	2907	2603	4045	1643	
428	2954	245	109	2907	2603	4082	1605	
468	2958	192	37	2907	2603	4017	1605	
434	2956	160	105	2907	2603	4045	1657	
472	2904	115	137	2907	2701	4045	1657	
495	2921	51	102	2907	2664	4017	1657	
456	2927	74	105	2944	2701	4045	1695	
470	2923	169	38	2907	2664	4045	1620	
412	2928	131	99	2869	2626	4073	1695	
396	2922	164	106	2907	2664	4110	1695	
493	2940	-3	35	2944	2664	4008	1695	
427	2942	193	98	2944	2664	4073	1657	
480	2923	150	107	2907	2664	4035	1620	
419	2949	118	107	2944	2664	4073	1695	
387	2961	255	37	2944	2626	4110	1657	
466	2922	104	109	2907	2664	4045	1657	
489	2942	174	106	2944	2664	4017	1605	
450	2964	257	107	2973	2664	4045	1605	
464	2938	221	36	2935	2664	4045	1605	
488	2936	98	109	2935	2664	4017	1643	
453	2955	141	109	2935	2626	4045	1643	
451	2938	250	140	2935	2664	4059	1605	
497	2973	156	104	2982	2640	3994	1605	
465	2916	180	142	2869	2640	4059	1605	
439	2954	182	106	2944	2640	4059	1643	
392	2935	269	106	2907	2640	4120	1643	
383	2954	307	109	2944	2640	4120	1643	
461	2949	212	36	2935	2640	4045	1605	
464	2938	221	106	2935	2664	4045	1605	
425	2957	281	109	2935	2626	4082	1605	
461	2925	163	108	2935	2701	4045	1643	
476	2925	133	39	2935	2701	4031	1643	
509	2955	110	102	2935	2626	3994	1605	
448	2941	144	104	2907	2626	4059	1643	
492	2905	180	36	2907	2701	4031	1605	
486	2923	168	101	2907	2664	4031	1605	
464	2979	176	103	2944	2589	4031	1605	
510	2940	62	35	2944	2664	3994	1643	
478	2904	157	102	2944	2739	4031	1643	
453	2923	156	102	2907	2664	4059	1643	
495	2914	102	38	2879	2664	3994	1643	
494	2908	144	101	2879	2664	4031	1605	
466	2909	197	109	2879	2664	4059	1605	
500	2890	155	107	2879	2701	4031	1605	
488	2926	132	38	2879	2626	4031	1605	
505	2945	112	106	2916	2626	4003	1605	
526	2908	153	108	2879	2664	4003	1568	
491	2964	169	108	2973	2664	4003	1605	
504	2963	95	38	2935	2626	3966	1634	
488	2938	58	102	2973	2701	4003	1671	
503	2936	88	106	2935	2664	4003	1634	
496	2924	118	36	2898	2664	3994	1634	
430	2976	221	103	2973	2626	4059	1634	
442	2937	131	106	2935	2664	4059	1671	
465	2889	93	108	2879	2701	4059	1671	
463	2913	131	39	2879	2664	4031	1657	
478	2926	85	103	2916	2664	4031	1657	
410	2909	207	109	2879	2664	4110	1657	
446	2908	134	110	2879	2664	4073	1657	
410	2909	207	36	2879	2664	4110	1657	
434	2893	171	107	2841	2664	4073	1657	
414	2909	325	105	2916	2701	4110	1620	
486	2927	177	109	2879	2626	4035	1582	
510	2908	156	36	2879	2664	4017	1582	
449	2910	280	107	2879	2664	4082	1582	
510	2908	156	109	2879	2664	4017	1582	
501	2938	270	107	2935	2664	4017	1544	
456	2936	103	39	2935	2664	4045	1671	
474	2938	88	103	2973	2701	4017	1671	
451	2955	92	105	2935	2626	4045	1671	
403	2975	201	38	2973	2626	4082	1671	
489	2936	114	97	2935	2664	4017	1634	
413	2956	164	109	2935	2626	4082	1671	
419	2937	177	109	2935	2664	4082	1671	
410	2963	267	38	2973	2664	4082	1643	
468	2859	348	104	2935	2814	4073	1605	
392	2942	345	109	2973	2701	4110	1643	
407	2938	354	106	2935	2664	4110	1605	
448	2900	189	37	2898	2701	4073	1643	
402	2928	267	109	2916	2664	4110	1643	
414	2909	247	108	2879	2664	4110	1634	
481	2909	185	107	2879	2664	4045	1596	
476	2908	121	36	2879	2664	4045	1634	
498	2907	-25	108	2916	2701	4017	1709	
440	2909	192	108	2879	2664	4082	1634	
383	2937	257	107	2935	2664	4120	1671	
468	2917	72	36	2898	2664	4045	1671	
460	2963	174	108	2973	2664	4031	1634	
408	2924	219	108	2935	2701	4096	1671	
465	2954	65	108	2935	2626	4031	1671	
475	2961	79	36	2935	2626	3994	1671	
474	2925	81	106	2935	2701	4031	1671	
438	2948	123	103	2935	2640	4059	1671	
469	2967	188	37	2935	2603	4031	1596	
467	2929	129	102	2898	2640	4045	1634	
426	2929	135	106	2898	2640	4082	1671	
468	2986	130	107	2973	2603	4017	1634	
491	2930	119	39	2935	2678	4017	1634	
476	2908	121	105	2879	2664	4045	1634	
429	2947	262	104	2916	2626	4082	1605	
451	2891	256	37	2879	2701	4082	1605	
518	2891	191	100	2879	2701	4017	1568	
474	2927	158	109	2879	2626	4045	1605	
497	2927	149	109	2916	2664	4017	1605	
480	2909	170	38	2879	2664	4045	1605	
470	2928	203	103	2916	2664	4045	1605	
480	2909	170	110	2879	2664	4045	1605	
489	2909	189	107	2916	2701	4031	1605	
538	2889	86	37	2879	2701	3994	1605	
447	2932	103	106	2879	2626	4031	1681	
504	2914	153	141	2879	2664	3994	1605	
472	2956	180	99	2935	2626	4031	1605	
403	2975	201	108	2973	2626	4082	1671	
468	2927	249	142	2935	2701	4045	1596	
451	2955	92	111	2935	2626	4045	1671	
442	2961	135	106	2973	2664	4045	1671	
432	2923	218	108	2907	2664	4082	1634	
458	2942	178	36	2944	2664	4045	1634	
480	2910	139	107	2869	2664	4017	1634	
427	2922	151	110	2907	2664	4082	1671	
385	2942	214	108	2907	2626	4120	1671	
448	2960	99	37	2944	2626	4045	1671	
459	2942	166	104	2935	2654	4045	1634	
396	2942	283	109	2935	2654	4110	1643	
466	2947	249	109	2973	2692	4035	1605	
453	2968	162	39	2973	2654	4035	1643	
443	2924	290	103	2935	2692	4073	1605	
391	2947	341	108	2973	2692	4110	1643	
372	2919	384	108	2935	2701	4148	1643	
411	2963	283	37	2973	2664	4082	1634	
442	2961	135	106	2973	2664	4045	1671	
413	2974	216	103	2935	2589	4082	1634	
454	2955	157	138	2935	2626	4045	1634	
439	2975	125	106	2973	2626	4045	1671	
448	2965	86	109	2935	2603	4045	1671	
462	2950	228	36	2935	2640	4045	1596	
421	2949	236	107	2935	2640	4082	1634	
479	2966	97	109	2935	2603	4017	1634	
421	2949	236	107	2935	2640	4082	1634	
459	2930	107	40	2935	2678	4045	1671	
460	2937	170	104	2935	2664	4045	1634	
436	2900	139	109	2935	2739	4073	1695	
432	2924	196	106	2935	2701	4073	1657	
395	2937	261	39	2935	2664	4110	1657	
428	2923	124	104	2935	2701	4073	1695	
416	2962	221	110	2973	2664	4073	1657	
438	2923	159	110	2907	2664	4073	1657	
500	2923	141	37	2907	2664	4017	1605	
432	2942	253	104	2907	2626	4082	1605	
431	2923	202	108	2907	2664	4082	1643	
412	2905	363	107	2907	2701	4120	1605	
406	2924	345	37	2907	2664	4120	1605	
470	2928	203	103	2916	2664	4045	1605	
439	2908	176	100	2879	2664	4082	1643	
462	2908	147	37	2879	2664	4059	1634	
462	2908	147	106	2879	2664	4059	1634	
499	2914	116	110	2879	2664	3994	1634	
448	2927	114	107	2916	2664	4059	1671	
446	2949	124	38	2916	2626	4031	1671	
446	2937	198	104	2935	2664	4059	1634	
465	2935	14	104	2935	2664	4035	1709	
427	2956	212	37	2935	2626	4073	1634	
400	2938	303	98	2935	2664	4110	1634	
433	2937	227	105	2935	2664	4073	1634	
453	2962	113	37	2973	2664	4035	1671	
473	2900	103	98	2935	2739	4035	1671	
437	2935	191	103	2907	2640	4073	1634	
484	2915	106	37	2907	2678	4031	1643	
499	2953	139	101	2944	2640	4003	1605	
495	2979	89	109	2944	2603	3966	1643	
471	2954	193	107	2944	2640	4031	1605	
482	2935	160	37	2907	2640	4031	1605	
455	2928	147	107	2855	2612	4031	1643	
413	2945	208	109	2855	2575	4082	1634	
469	2941	180	107	2893	2612	4045	1596	
410	2927	168	37	2855	2612	4082	1671	
457	2908	173	107	2855	2650	4045	1634	
438	2922	154	109	2855	2612	4082	1634	
429	2935	209	108	2907	2640	4082	1634	
480	2915	113	37	2907	2678	4035	1643	
474	2934	103	103	2907	2640	4035	1643	
442	2935	241	102	2907	2640	4073	1605	
448	2917	256	37	2907	2678	4073	1605	
444	2957	167	103	2907	2603	4035	1643	
432	2967	217	107	2907	2575	4073	1605	
468	2954	201	107	2944	2640	4035	1605	
474	2977	136	37	2944	2603	3994	1634	
442	2943	209	108	2944	2678	4059	1634	
451	2939	121	108	2907	2640	4031	1671	
489	2941	125	110	2907	2640	3994	1634	
473	2954	209	37	2944	2640	4031	1596	
462	2908	147	105	2879	2664	4059	1634	
412	2928	334	108	2916	2664	4110	1605	
490	2908	151	108	2879	2664	4035	1605	
448	2908	158	38	2879	2664	4073	1643	
490	2908	151	106	2879	2664	4035	1605	
412	2928	334	105	2916	2664	4110	1605	
399	2957	396	38	2973	2664	4110	1605	
440	2927	293	94	2935	2701	4073	1605	
512	2942	30	110	2935	2664	3966	1671	
471	2936	75	107	2935	2664	4031	1671	
490	2976	176	39	2973	2626	4003	1596	
465	2954	65	104	2935	2626	4031	1671	
489	2922	130	108	2898	2664	4003	1634	
506	2945	126	107	2916	2626	4003	1596	
434	2927	178	37	2879	2626	4082	1634	
481	2909	185	107	2879	2664	4045	1596	
472	2909	165	104	2916	2701	4045	1634	
471	2928	219	37	2916	2664	4045	1596	
476	2908	121	99	2879	2664	4045	1634	
451	2889	159	108	2841	2664	4082	1634	
440	2909	192	108	2879	2664	4082	1634	
464	2946	190	37	2916	2626	4045	1605	
428	2928	210	107	2916	2664	4082	1643	
459	2891	319	108	2879	2701	4082	1568	
482	2890	116	109	2879	2701	4045	1643	
479	2928	218	36	2879	2626	4045	1568	
431	2938	297	106	2935	2664	4082	1605	
415	2900	281	102	2898	2701	4110	1634	
467	2936	83	36	2935	2664	4035	1671	
379	2962	275	101	2973	2664	4110	1671	
382	2938	291	102	2973	2701	4110	1671	
382	2938	291	36	2973	2701	4110	1671	
431	2924	170	102	2935	2701	4073	1671	
493	2923	123	108	2935	2692	4017	1634	
423	2948	350	108	2973	2692	4082	1605	
456	2948	270	36	2973	2692	4045	1605	
456	2948	270	108	2973	2692	4045	1605	
456	2948	270	107	2973	2692	4045	1605	
458	2942	150	111	2935	2654	4045	1643	
476	2940	92	39	2907	2626	4031	1643	
475	2942	202	102	2944	2664	4031	1605	
482	2922	102	108	2907	2664	4031	1643	
459	2943	270	109	2907	2626	4059	1568	
486	2923	168	37	2907	2664	4031	1605	
494	2893	190	106	2907	2739	4031	1605	
442	2975	176	109	2973	2626	4045	1643	
378	2964	366	107	2973	2664	4120	1634	
425	2937	245	40	2935	2664	4082	1634	
466	2938	237	102	2935	2664	4045	1596	
444	2976	193	105	2973	2626	4045	1634	
424	2957	353	36	2973	2664	4082	1596	
392	3068	224	101	2973	2575	4045	1671	
444	2935	283	105	2879	2612	4082	1568	
402	2970	205	109	2879	2547	4082	1643	
444	2957	210	36	2879	2575	4045	1605	
478	2916	165	108	2879	2650	4045	1605	
471	2953	201	109	2879	2575	4045	1568	
441	2921	232	108	2879	2640	4082	1605	
462	2921	188	38	2879	2640	4059	1605	
496	2902	148	105	2879	2678	4031	1605	
459	2926	150	108	2879	2640	4031	1643	
452	2940	222	109	2916	2640	4059	1605	
488	2928	104	37	2879	2640	3994	1643	
426	2928	254	105	2879	2626	4096	1605	
444	2910	382	106	2944	2739	4082	1582	
429	2942	228	37	2907	2626	4082	1620	
406	2942	367	98	2907	2626	4120	1582	
476	2924	234	107	2907	2664	4045	1582	
476	2924	234	109	2907	2664	4045	1582	
429	2942	228	37	2907	2626	4082	1620	
499	2935	172	105	2907	2640	4017	1582	
482	2920	181	110	2869	2640	4017	1605	
433	2916	207	107	2907	2678	4082	1643	
462	2953	174	37	2907	2603	4045	1605	
422	2953	180	106	2907	2603	4082	1643	
434	2955	359	108	2944	2640	4082	1568	
446	2924	331	109	2907	2664	4082	1568	
470	2927	97	38	2907	2664	4017	1671	
458	2942	178	105	2944	2664	4045	1634	
497	2922	91	108	2907	2664	4017	1634	
411	2960	172	107	2944	2626	4082	1671	
416	2942	186	38	2944	2664	4082	1671	
451	2955	92	105	2935	2626	4045	1671	
454	2955	157	110	2935	2626	4045	1634	
409	2976	268	107	2973	2626	4082	1634	
456	2936	103	37	2935	2664	4045	1671	
481	2953	40	107	2935	2626	4017	1671	
411	2963	283	105	2973	2664	4082	1634	
466	2927	152	37	2916	2664	4045	1634	
509	2908	133	98	2879	2664	4017	1596	
476	2929	267	107	2916	2664	4045	1568	
442	2910	293	109	2916	2701	4082	1605	
480	2909	170	40	2879	2664	4045	1605	
433	2927	163	103	2879	2626	4082	1643	
480	2909	170	107	2879	2664	4045	1605	
431	2923	202	110	2907	2664	4082	1643	
492	2905	180	37	2907	2701	4031	1605	
443	2961	244	105	2944	2626	4059	1605	
459	2923	222	106	2907	2664	4059	1605	
495	2980	151	110	2982	2626	3994	1605	
512	2941	129	37	2944	2664	3994	1605	
515	2937	121	107	2935	2664	3994	1605	
419	2937	177	107	2935	2664	4082	1671	
454	2955	157	108	2935	2626	4045	1634	
442	2961	135	39	2973	2664	4045	1671	
422	2924	189	206	2935	2701	4082	1671	
446	2963	204	37	2973	2664	4045	1634	
433	2938	312	101	2935	2664	4082	1596	
459	2937	153	109	2935	2664	4045	1643	
431	2985	239	109	2935	2664	4045	1643	
492	2937	166	36	2935	2664	4017	1605	
459	2937	153	106	2935	2664	4045	1643	
445	2962	187	108	2973	2664	4045	1643	
460	2929	172	108	2944	2701	4045	1643	
452	2960	165	37	2944	2626	4045	1634	
458	2942	178	105	2944	2664	4045	1634	
427	2922	151	104	2907	2664	4082	1671	
454	2941	111	36	2944	2664	4045	1671	
468	2923	144	99	2907	2664	4045	1634	
452	2960	165	109	2944	2626	4045	1634	
455	2936	33	108	2935	2664	4045	1709	
425	2937	245	38	2935	2664	4082	1634	
444	2976	193	107	2973	2626	4045	1634	
474	2963	145	107	2973	2664	4017	1634	
454	2955	157	109	2935	2626	4045	1634	
406	2961	214	37	2973	2664	4082	1671	
446	2963	204	103	2973	2664	4045	1634	
476	2976	204	105	2973	2626	4017	1596	
440	2961	62	36	2973	2664	4045	1709	
368	2976	280	100	2973	2626	4120	1671	
442	2961	135	102	2973	2664	4045	1671	
409	2976	268	37	2973	2626	4082	1634	
419	2956	230	100	2935	2626	4082	1634	
474	2963	145	103	2973	2664	4017	1634	
465	2936	125	37	2898	2626	4045	1634	
489	2936	114	102	2935	2664	4017	1634	
451	2955	92	108	2935	2626	4045	1671	
424	2957	353	107	2973	2664	4082	1596	
406	2961	214	37	2973	2664	4082	1671	
434	2972	189	105	2907	2575	4045	1634	
408	2949	383	104	2907	2612	4120	1568	
438	2950	309	37	2907	2612	4082	1568	
464	2949	177	99	2907	2612	4045	1605	
413	2968	218	103	2944	2612	4082	1643	
439	2930	213	37	2869	2612	4082	1605	
455	2987	259	99	2944	2575	4045	1568	
481	2953	99	103	2944	2640	4017	1643	
472	2936	301	37	2944	2678	4045	1568	
428	2954	245	100	2907	2603	4082	1605	
458	2954	221	104	2944	2640	4045	1605	
401	2935	335	38	2907	2640	4120	1605	
431	2936	312	98	2944	2678	4082	1605	
425	2954	296	102	2944	2640	4082	1605	
417	3056	372	42	2944	2603	4045	1605	
454	2954	170	93	2944	2640	4045	1634	
447	2933	99	106	2907	2640	4059	1671	
441	2951	89	37	2907	2603	4059	1671	
441	2958	125	100	2907	2603	4031	1671	
440	2954	198	107	2944	2640	4059	1634	
503	2971	127	110	2944	2603	3994	1596	
474	2977	136	38	2944	2603	3994	1634	
391	2968	277	105	2935	2603	4110	1634	
387	2969	333	108	2973	2640	4110	1634	
387	2969	333	108	2973	2640	4110	1634	
437	2950	284	36	2935	2640	4073	1596	
482	2930	175	105	2898	2640	4035	1596	
426	2938	160	105	2935	2678	4073	1671	
498	2927	138	34	2907	2654	4017	1605	
472	2909	137	99	2907	2692	4045	1643	
462	2936	238	104	2944	2692	4045	1605	
460	2947	226	39	2944	2654	4045	1605	
471	2914	255	99	2944	2729	4045	1605	
443	2929	383	110	2944	2692	4082	1568	
490	2936	179	111	2944	2692	4017	1605	
526	2907	56	36	2907	2692	3994	1634	
485	2908	60	104	2907	2692	4031	1671	
526	2907	56	109	2907	2692	3994	1634	
465	2910	249	106	2907	2692	4059	1596	
467	2946	80	37	2944	2654	4031	1671	
508	2945	76	109	2944	2654	3994	1634	
413	2972	230	102	2944	2603	4082	1634	
459	2952	126	31	2907	2603	4045	1634	
493	2933	85	103	2907	2640	4017	1634	
460	2954	237	110	2944	2640	4045	1596	
423	2953	195	109	2907	2603	4082	1634	
430	2958	141	40	2907	2603	4045	1671	
434	2994	213	102	2996	2626	4045	1634	
447	2974	299	108	2996	2664	4045	1596	
473	2974	239	108	2996	2664	4017	1596	
413	2988	361	36	2996	2626	4082	1596	
393	2993	222	106	2996	2626	4082	1671	
481	2949	136	103	2959	2664	4017	1634	
434	2994	213	38	2996	2626	4045	1634	
448	2933	178	101	2879	2626	4045	1634	
419	2946	147	107	2916	2626	4082	1671	
449	2914	126	109	2879	2664	4045	1671	
489	2871	144	41	2879	2739	4045	1634	
476	2908	121	101	2879	2664	4045	1634	
464	2934	137	146	2907	2640	4045	1634	
371	2953	185	95	2944	2640	4120	1709	
468	2954	235	109	2907	2603	4045	1568	
464	2934	121	108	2907	2640	4045	1643	
458	2951	111	35	2907	2603	4045	1643	
425	2954	296	108	2944	2640	4082	1605	
453	2953	154	106	2944	2640	4045	1643	
464	2949	177	110	2907	2612	4045	1605	
455	2968	226	39	2944	2612	4045	1596	
441	2983	86	102	2944	2575	4045	1671	
423	2972	143	104	2907	2575	4045	1671	
478	2966	107	38	2944	2612	4017	1634	
385	2967	259	99	2907	2575	4120	1634	
450	2990	167	111	2944	2575	4017	1634	
436	2975	53	115	2973	2640	4045	1709	
479	2954	76	111	2935	2640	3994	1671	
437	2967	176	36	2935	2603	4059	1634	
509	2947	65	104	2935	2640	3994	1634	
465	2966	123	104	2935	2603	4031	1634	
388	2975	234	38	2973	2640	4096	1671	
Percentuale di fallimenti nel positioning: 2.2%