Anchor0, 0x6e44, X: 0, Y: 0, Z: 0 
Anchor1, 0x6e7a, X: 0, Y: 5602, Z: 0 
Anchor2, 0x6e6c, X: 4099, Y: 4678, Z: 0 
Anchor3, 0x6939, X: 1936, Y: 3188, Z: 880 


#### UWB SETTINGS ####
Ranging protocol: FAST
Channel: 5
Bitrate: 6810 kb/s
PRF: 64 MHz
Preamble length: 1024 symbols
Gain: 11.5
######################


Misure in [mm] e [ms]

X	Y		Z	Dt	A0		A1		A2		A3	
402	2933	246	1538993949300	2921	2659	4106	1652	
491	2931	122	23	2902	2640	4022	1615	
425	2947	175	86	2959	2678	4068	1671	
441	2942	227	23	2921	2640	4068	1615	
467	2951	107	96	2940	2640	4031	1652	
420	2932	207	26	2921	2659	4087	1652	
418	2943	258	97	2940	2659	4087	1634	
475	2941	122	27	2921	2640	4031	1634	
497	2913	133	93	2902	2678	4022	1615	
472	2958	151	29	2940	2626	4027	1620	
480	2919	114	90	2902	2664	4035	1638	
479	2938	109	28	2921	2645	4027	1638	
491	2955	142	94	2921	2626	3989	1620	
492	2947	56	29	2940	2645	4008	1657	
454	2944	135	93	2902	2626	4027	1657	
418	2949	235	26	2902	2607	4092	1620	
430	2949	192	92	2921	2626	4073	1638	
425	2959	210	25	2940	2626	4073	1638	
470	2968	134	92	2959	2626	4022	1634	
480	2938	135	26	2902	2626	4031	1615	
439	2940	196	95	2921	2645	4068	1634	
468	2948	108	27	2940	2645	4031	1652	
475	2939	124	92	2921	2645	4031	1634	
455	2976	80	25	2959	2607	4031	1671	
457	2938	107	95	2902	2626	4050	1652	
423	2939	209	25	2902	2626	4087	1634	
456	2949	187	95	2921	2626	4050	1615	
426	2933	264	25	2921	2659	4087	1620	
461	2933	249	94	2940	2678	4050	1601	
460	2931	135	25	2902	2640	4050	1638	
417	2943	251	96	2940	2659	4087	1638	
440	2932	194	27	2921	2659	4068	1638	
473	2952	196	93	2940	2640	4031	1601	
458	2943	241	28	2940	2659	4050	1601	
455	2952	234	93	2940	2640	4050	1601	
469	2951	132	27	2940	2640	4031	1638	
476	2942	130	91	2940	2659	4027	1638	
449	2941	126	27	2921	2640	4054	1657	
441	2923	186	94	2902	2659	4073	1638	
475	2932	160	28	2921	2659	4035	1620	
472	2952	180	93	2959	2659	4027	1620	
437	2933	262	28	2940	2678	4073	1620	
443	2923	218	91	2902	2659	4073	1620	
424	2951	181	26	2940	2640	4073	1657	
495	2941	93	92	2940	2659	4008	1638	
473	2952	188	26	2959	2659	4027	1615	
477	2921	55	95	2902	2659	4035	1671	
468	2942	153	28	2940	2659	4035	1634	
473	2932	136	92	2921	2659	4035	1634	
462	2950	81	26	2940	2640	4035	1671	
447	2950	129	94	2921	2621	4054	1652	
421	2933	311	26	2940	2678	4092	1615	
422	2933	283	94	2921	2659	4092	1615	
470	2950	66	26	2940	2640	4027	1671	
456	2969	50	93	2959	2621	4031	1690	
476	2950	56	26	2940	2640	4022	1671	
476	2931	96	95	2921	2659	4031	1652	
473	2940	91	118	2921	2640	4031	1652	
476	2931	96	26	2921	2659	4031	1652	
445	2960	138	96	2940	2621	4050	1652	
451	2947	147	27	2902	2621	4031	1652	
464	2961	156	90	2959	2640	4031	1634	
451	2959	204	28	2940	2626	4050	1615	
457	2930	135	92	2921	2664	4050	1652	
469	2967	102	27	2959	2626	4022	1652	
475	2967	144	93	2940	2607	4022	1615	
435	2939	225	27	2940	2682	4068	1634	
479	2948	123	96	2940	2645	4022	1634	
459	2949	219	27	2921	2626	4050	1596	
413	2959	245	91	2940	2626	4087	1634	
453	2938	95	26	2921	2645	4050	1671	
458	2914	153	93	2921	2696	4054	1652	
452	2943	225	26	2940	2659	4054	1615	
435	2922	93	94	2902	2659	4073	1690	
444	2949	62	26	2921	2621	4054	1690	
472	2940	2	94	2940	2659	4027	1709	
489	2922	137	27	2902	2659	4027	1615	
458	2937	140	92	2902	2640	4027	1652	
446	2940	67	28	2921	2640	4054	1690	
468	2940	65	92	2921	2640	4035	1671	
482	2948	145	27	2902	2607	4027	1601	
469	2967	145	95	2940	2607	4027	1620	
468	2967	114	28	2940	2607	4027	1638	
446	2949	179	93	2940	2645	4054	1638	
485	2928	94	26	2902	2645	4027	1638	
457	2929	144	92	2902	2645	4054	1638	
475	2949	157	27	2940	2645	4027	1620	
435	2950	282	91	2940	2645	4073	1601	
454	2939	193	27	2921	2645	4054	1620	
390	2933	275	94	2921	2659	4120	1652	
407	2933	236	26	2921	2659	4101	1652	
407	2942	260	94	2921	2640	4101	1634	
445	2933	193	27	2921	2659	4064	1634	
454	2941	106	94	2940	2659	4045	1671	
465	2939	34	27	2921	2640	4036	1690	
410	2933	268	90	2921	2659	4101	1634	
453	2951	134	27	2940	2640	4045	1652	
446	2959	154	95	2959	2659	4045	1652	
511	2931	116	26	2907	2645	4003	1601	
461	2942	198	93	2907	2626	4050	1601	
472	2961	173	26	2926	2607	4031	1601	
485	2931	146	93	2888	2626	4031	1601	
403	2952	294	26	2926	2626	4106	1620	
442	2932	176	94	2907	2645	4068	1638	
463	2933	230	26	2926	2664	4050	1601	
446	2955	144	94	2907	2607	4031	1657	
477	2952	211	26	2926	2626	4031	1582	
475	2948	243	94	2954	2664	4031	1587	
454	2947	191	27	2935	2645	4050	1624	
472	2946	153	95	2935	2645	4031	1624	
414	2957	285	27	2954	2645	4087	1624	
469	2957	204	91	2954	2645	4031	1605	
447	2967	262	26	2973	2645	4050	1605	
466	2966	198	93	2954	2626	4031	1605	
461	2957	280	27	2935	2626	4050	1568	
452	2957	243	93	2954	2645	4050	1605	
432	2945	209	26	2926	2640	4073	1634	
461	2920	166	94	2869	2640	4035	1634	
518	2906	128	27	2888	2678	4008	1596	
481	2924	103	96	2888	2640	4035	1634	
474	2934	118	27	2907	2640	4035	1634	
465	2930	162	93	2888	2640	4027	1634	
481	2924	64	27	2926	2678	4027	1671	
432	2945	209	91	2926	2640	4073	1634	
468	2943	103	28	2926	2640	4035	1652	
452	2940	94	92	2921	2640	4050	1671	
438	2942	194	26	2921	2640	4068	1634	
482	2921	81	93	2902	2659	4031	1652	
484	2914	140	27	2921	2696	4031	1634	
470	2942	112	92	2940	2659	4031	1652	
461	2933	198	27	2921	2659	4050	1615	
458	2932	165	93	2921	2659	4050	1634	
470	2942	112	27	2940	2659	4031	1652	
474	2951	149	94	2921	2621	4031	1615	
465	2922	125	26	2888	2645	4050	1638	
437	2952	218	94	2926	2626	4068	1620	
437	2942	193	26	2926	2645	4068	1638	
469	2960	140	93	2926	2607	4031	1620	
490	2931	119	28	2907	2645	4022	1620	
446	2947	137	93	2888	2607	4031	1657	
456	2936	160	28	2888	2626	4031	1638	
429	2933	220	91	2888	2626	4087	1620	
479	2931	105	27	2907	2645	4031	1638	
457	2941	142	94	2907	2626	4050	1634	
469	2950	91	26	2926	2626	4031	1652	
421	2941	159	92	2888	2607	4087	1652	
449	2941	121	28	2944	2664	4050	1671	
414	2950	142	92	2907	2607	4087	1671	
445	2960	143	27	2944	2626	4050	1652	
477	2940	107	94	2907	2626	4031	1634	
435	2927	115	29	2888	2645	4050	1690	
436	2940	112	91	2907	2626	4068	1671	
457	2936	159	27	2883	2626	4031	1638	
479	2954	159	90	2921	2626	4003	1620	
474	2940	171	27	2940	2664	4031	1620	
481	2928	101	92	2902	2645	4031	1638	
458	2940	185	26	2921	2645	4050	1620	
466	2958	127	97	2940	2626	4031	1638	
480	2949	147	26	2940	2645	4022	1620	
419	2939	169	92	2902	2626	4087	1657	
411	2958	179	28	2921	2607	4087	1657	
452	2942	144	91	2935	2654	4050	1652	
421	2932	200	26	2916	2654	4087	1652	
481	2923	128	94	2916	2673	4031	1634	
446	2952	162	28	2954	2654	4050	1652	
432	2932	116	92	2935	2673	4068	1690	
482	2942	121	28	2935	2654	4022	1634	
467	2952	156	92	2954	2654	4031	1634	
439	2932	162	27	2916	2654	4068	1652	
470	2941	73	93	2935	2654	4031	1671	
444	2930	171	29	2902	2645	4068	1638	
484	2919	106	90	2902	2664	4031	1638	
484	2919	106	26	2902	2664	4031	1638	
415	2968	237	94	2921	2589	4087	1620	
474	2949	198	26	2940	2645	4031	1601	
447	2958	164	95	2940	2626	4050	1638	
422	2940	286	26	2940	2664	4087	1620	
477	2931	178	94	2940	2682	4031	1620	
475	2939	117	28	2921	2645	4031	1638	
453	2941	133	92	2926	2645	4050	1652	
400	2952	270	26	2926	2626	4106	1634	
483	2941	111	93	2926	2645	4022	1634	
456	2932	139	27	2926	2664	4050	1652	
473	2951	155	94	2926	2626	4031	1615	
434	2932	106	26	2926	2664	4068	1690	
482	2941	80	94	2926	2645	4022	1652	
452	2945	150	27	2907	2626	4031	1652	
440	2941	176	92	2907	2626	4068	1634	
461	2970	164	26	2944	2607	4035	1620	
499	2941	109	95	2926	2645	4008	1620	
454	2937	107	28	2907	2645	4027	1676	
440	2932	162	92	2888	2626	4073	1638	
508	2922	99	27	2907	2664	4008	1620	
440	2960	142	91	2944	2626	4054	1657	
469	2946	85	28	2926	2645	4008	1676	
472	2940	107	91	2907	2626	4035	1638	
453	2932	172	27	2926	2664	4054	1638	
447	2951	149	93	2944	2645	4050	1652	
443	2932	183	27	2907	2645	4068	1634	
483	2922	117	93	2907	2664	4031	1634	
451	2913	172	26	2888	2664	4068	1634	
432	2951	218	95	2944	2645	4068	1634	
470	2928	154	27	2888	2645	4022	1634	
470	2928	154	94	2888	2645	4022	1634	
458	2946	136	27	2907	2626	4022	1652	
450	2950	127	90	2926	2626	4050	1652	
471	2958	73	27	2959	2645	4022	1671	
407	2949	150	94	2940	2645	4087	1690	
436	2949	189	26	2921	2626	4068	1634	
467	2958	134	94	2940	2626	4031	1634	
456	2949	187	26	2921	2626	4050	1615	
454	2939	129	95	2921	2645	4050	1652	
431	2949	181	27	2940	2645	4068	1652	
469	2958	167	90	2940	2626	4031	1615	
431	2949	181	28	2940	2645	4068	1652	
451	2914	215	93	2902	2678	4068	1620	
480	2951	146	27	2940	2640	4022	1620	
473	2940	82	94	2921	2640	4031	1657	
472	2940	49	27	2921	2640	4031	1676	
406	2952	377	93	2959	2659	4106	1601	
460	2933	190	27	2921	2659	4050	1620	
470	2941	103	92	2940	2659	4031	1657	
431	2940	181	27	2940	2678	4068	1657	
433	2941	119	92	2921	2640	4068	1676	
424	2933	292	121	2940	2678	4087	1620	
455	2941	152	28	2921	2640	4050	1638	
422	2933	232	91	2921	2659	4087	1638	
453	2942	175	28	2940	2659	4050	1638	
455	2941	152	91	2921	2640	4050	1638	
476	2943	203	26	2940	2659	4031	1601	
460	2933	190	95	2921	2659	4050	1620	
471	2913	156	27	2883	2659	4050	1620	
413	2952	278	94	2959	2659	4087	1634	
420	2948	202	28	2902	2607	4087	1634	
472	2949	174	90	2940	2645	4031	1615	
473	2948	118	28	2921	2626	4031	1634	
474	2938	92	91	2921	2645	4031	1652	
443	2959	163	28	2959	2645	4050	1652	
415	2949	195	93	2921	2626	4087	1652	
421	2940	234	28	2921	2645	4087	1634	
439	2940	196	90	2921	2645	4068	1634	
450	2949	171	27	2940	2645	4050	1638	
402	2936	297	94	2940	2673	4106	1638	
457	2935	156	26	2921	2654	4050	1638	
460	2925	163	96	2921	2673	4050	1638	
478	2924	91	27	2921	2673	4031	1657	
468	2916	177	91	2902	2673	4050	1620	
469	2944	102	25	2940	2654	4031	1657	
445	2916	206	96	2921	2692	4068	1638	
402	2945	350	28	2959	2673	4106	1620	
444	2917	249	90	2921	2692	4073	1620	
467	2950	117	26	2921	2621	4035	1638	
427	2952	215	94	2940	2640	4073	1638	
526	2922	78	27	2921	2678	3989	1620	
439	2933	236	92	2921	2659	4073	1620	
473	2932	129	26	2921	2659	4035	1638	
476	2931	107	93	2902	2640	4035	1638	
459	2961	157	26	2959	2640	4035	1638	
449	2913	200	96	2883	2659	4073	1620	
448	2923	208	26	2902	2659	4068	1620	
476	2943	203	94	2940	2659	4031	1601	
423	2942	257	119	2921	2640	4087	1620	
481	2920	39	29	2902	2659	4031	1676	
457	2942	183	91	2921	2640	4050	1620	
452	2952	201	27	2940	2640	4050	1620	
433	2952	264	92	2959	2659	4068	1620	
443	2933	226	26	2921	2659	4068	1620	
419	2916	323	95	2907	2678	4106	1605	
489	2923	51	27	2907	2659	4022	1662	
474	2945	200	91	2944	2659	4031	1605	
458	2935	187	27	2926	2659	4050	1624	
416	2926	315	94	2907	2659	4106	1605	
446	2926	205	26	2907	2659	4068	1624	
494	2925	149	93	2907	2659	4022	1605	
448	2925	181	28	2888	2640	4068	1624	
424	2936	262	94	2926	2659	4087	1624	
492	2925	123	26	2907	2659	4022	1620	
459	2935	194	93	2926	2659	4050	1620	
479	2944	161	27	2907	2621	4031	1601	
462	2925	145	117	2907	2659	4050	1638	
456	2943	134	96	2907	2621	4050	1638	
436	3009	262	29	2907	2640	4031	1620	
408	2936	308	89	2926	2659	4106	1620	
473	2906	166	27	2888	2678	4050	1620	
488	2943	81	95	2944	2659	4013	1652	
472	2922	103	27	2907	2664	4040	1652	
481	2968	99	92	2944	2607	4013	1634	
443	2951	176	27	2926	2626	4059	1634	
457	2923	205	94	2907	2664	4059	1615	
460	2957	129	28	2907	2607	4013	1652	
461	2940	46	90	2926	2645	4040	1690	
492	2941	94	28	2926	2645	4013	1634	
477	2940	107	94	2907	2626	4031	1634	
457	2942	198	26	2926	2645	4050	1615	
474	2941	128	92	2926	2645	4031	1634	
435	2951	194	27	2926	2626	4068	1634	
453	2941	133	93	2926	2645	4050	1652	
480	2950	105	27	2926	2626	4022	1634	
479	2950	75	95	2926	2626	4022	1652	
463	2933	181	25	2907	2645	4050	1615	
422	2942	299	92	2944	2664	4087	1615	
480	2921	53	27	2907	2664	4031	1671	
418	2973	211	93	2973	2645	4068	1652	
404	2978	277	26	2973	2621	4087	1634	
407	2954	267	94	2973	2678	4087	1652	
467	2959	185	27	2954	2640	4031	1615	
449	2959	223	92	2954	2640	4050	1615	
431	2947	239	28	2954	2678	4068	1634	
405	2959	197	95	2954	2640	4087	1671	
472	2958	102	118	2954	2640	4022	1652	
509	2915	78	30	2907	2678	4008	1634	
437	2952	269	90	2926	2626	4073	1596	
464	2959	124	26	2926	2607	4035	1634	
425	2950	138	94	2926	2626	4073	1671	
470	2947	91	28	2926	2645	4008	1671	
446	2951	190	92	2944	2645	4054	1634	
470	2942	136	27	2926	2645	4035	1634	
481	2940	99	94	2907	2626	4027	1634	
480	2942	153	27	2926	2645	4027	1615	
459	2936	168	90	2888	2626	4031	1634	
438	2945	257	28	2944	2659	4068	1615	
432	2954	216	92	2944	2640	4068	1634	
465	2964	194	28	2963	2640	4031	1615	
471	2943	62	92	2926	2640	4031	1671	
468	2953	142	29	2944	2640	4031	1634	
442	2935	181	93	2907	2640	4068	1634	
430	2926	259	25	2907	2659	4087	1615	
472	2943	95	94	2926	2640	4031	1652	
427	2943	289	28	2921	2640	4087	1601	
465	2952	156	91	2959	2673	4031	1638	
456	2930	246	25	2959	2711	4050	1620	
478	2953	205	93	2959	2673	4022	1601	
404	2962	231	26	2959	2654	4087	1657	
422	2934	296	96	2940	2692	4087	1620	
473	2945	168	28	2940	2654	4031	1620	
476	2934	119	90	2921	2654	4031	1638	
429	2952	235	27	2959	2673	4068	1638	
414	2951	200	118	2926	2626	4087	1652	
463	2959	73	95	2944	2626	4031	1671	
425	2933	220	26	2907	2645	4087	1634	
453	2941	133	95	2926	2645	4050	1652	
420	2942	239	27	2926	2645	4087	1634	
436	2952	252	95	2944	2645	4068	1615	
440	2932	151	26	2907	2645	4068	1652	
484	2913	91	92	2907	2682	4031	1652	
477	2940	107	26	2907	2626	4031	1634	
480	2924	85	92	2907	2659	4031	1652	
449	2943	64	27	2926	2640	4050	1690	
434	2944	167	94	2926	2640	4068	1652	
405	2953	152	27	2944	2640	4087	1690	
476	2925	72	93	2926	2678	4031	1671	
432	2916	208	27	2888	2659	4087	1634	
413	2944	170	93	2926	2640	4087	1671	
474	2934	100	26	2926	2659	4031	1652	
469	2954	92	92	2973	2678	4022	1671	
442	2966	238	28	2973	2659	4050	1620	
388	2957	269	94	2954	2659	4106	1657	
465	2949	116	26	2954	2659	4031	1657	
440	2960	317	93	2954	2640	4068	1582	
407	2959	223	28	2954	2640	4087	1657	
455	2930	143	91	2935	2678	4050	1657	
431	2959	251	27	2954	2640	4068	1620	
467	2958	122	94	2935	2621	4031	1638	
495	2971	186	27	2959	2621	4003	1582	
442	2943	278	94	2940	2659	4068	1601	
413	2962	295	28	2959	2640	4087	1620	
427	2943	289	90	2921	2640	4087	1601	
430	2933	297	28	2921	2659	4087	1601	
494	2922	119	93	2902	2659	4022	1620	
471	2952	163	27	2940	2640	4031	1620	
408	2960	269	91	2959	2659	4087	1638	
437	2942	187	27	2921	2640	4068	1638	
444	2925	181	95	2907	2659	4068	1638	
415	2933	316	27	2907	2645	4106	1601	
472	2941	88	93	2926	2645	4031	1657	
414	2952	250	27	2944	2645	4087	1638	
449	2961	200	92	2944	2626	4050	1620	
418	2942	173	26	2907	2626	4087	1657	
475	2951	179	94	2926	2626	4031	1601	
471	2950	115	27	2926	2626	4031	1638	
490	2931	119	92	2907	2645	4022	1620	
471	2956	143	28	2926	2626	4008	1638	
472	2951	136	91	2944	2645	4027	1634	
437	2952	269	27	2926	2626	4073	1596	
470	2947	91	95	2926	2645	4008	1671	
477	2952	203	28	2944	2645	4027	1596	
425	2961	221	90	2944	2626	4073	1634	
433	2931	127	28	2907	2645	4073	1671	
480	2942	153	93	2926	2645	4027	1615	
474	2961	196	28	2944	2626	4027	1596	
483	2956	129	92	2926	2626	3994	1634	
480	2935	190	27	2926	2659	4031	1601	
482	2934	167	93	2907	2640	4031	1601	
493	2933	58	28	2926	2659	4013	1657	
459	2926	227	92	2907	2659	4059	1601	
494	2930	116	27	2907	2659	3994	1638	
486	2953	101	92	2944	2640	4013	1638	
467	2935	143	28	2926	2659	4040	1638	
469	2934	120	91	2907	2640	4040	1638	
498	2932	98	28	2940	2678	4008	1638	
477	2935	125	91	2940	2673	4027	1643	
457	2935	165	27	2902	2635	4054	1624	
455	2934	253	92	2940	2692	4054	1605	
417	2945	258	21	2921	2635	4092	1624	
491	2927	266	91	2940	2692	4027	1568	
479	2935	159	21	2940	2673	4027	1624	
446	2945	315	94	2921	2635	4073	1568	
476	2944	153	28	2940	2654	4027	1624	
453	2955	207	101	2959	2654	4045	1624	
459	2941	148	29	2926	2645	4045	1638	
415	2933	273	95	2907	2645	4101	1620	
471	2932	136	26	2926	2664	4036	1638	
436	2951	145	94	2926	2626	4064	1657	
414	2923	249	27	2907	2664	4101	1638	
390	2932	246	94	2907	2645	4120	1657	
418	2961	207	27	2926	2607	4082	1638	
456	2951	142	92	2926	2626	4045	1638	
483	2932	168	27	2907	2645	4031	1601	
455	2947	131	94	2907	2612	4050	1638	
441	2950	253	26	2926	2631	4068	1601	
439	2934	158	93	2888	2631	4050	1657	
451	2953	166	29	2907	2612	4031	1638	
482	2938	72	92	2926	2650	4022	1657	
438	2950	306	30	2963	2668	4068	1601	
425	2930	215	89	2907	2650	4087	1638	
465	2930	206	26	2907	2650	4050	1601	
486	2957	129	94	2944	2631	4013	1620	
496	2931	94	29	2921	2659	4013	1634	
468	2932	145	91	2921	2659	4040	1634	
496	2931	94	28	2921	2659	4013	1634	
415	2971	244	91	2959	2621	4078	1634	
465	2941	139	29	2921	2640	4040	1634	
477	2942	155	91	2921	2640	4031	1615	
445	2956	126	27	2921	2621	4031	1671	
507	2949	38	93	2940	2640	3994	1652	
449	2930	168	27	2940	2696	4054	1652	
434	2942	228	93	2926	2645	4073	1624	
483	2951	172	27	2907	2607	4027	1587	
473	2961	181	91	2944	2626	4027	1605	
472	2951	120	28	2944	2645	4027	1643	
422	2933	248	95	2907	2645	4092	1624	
448	2961	234	27	2944	2626	4054	1605	
463	2922	156	90	2888	2645	4054	1624	
525	2932	135	28	2926	2664	3989	1587	
481	2950	123	91	2926	2626	4022	1624	
419	2952	284	26	2940	2640	4087	1615	
477	2950	90	95	2940	2640	4022	1652	
439	2943	253	27	2940	2659	4068	1615	
467	2913	154	95	2902	2678	4050	1634	
470	2942	112	28	2940	2659	4031	1652	
423	2933	239	90	2921	2659	4087	1634	
469	2951	139	27	2940	2640	4031	1634	
456	2933	190	93	2940	2678	4050	1634	
412	2961	287	27	2940	2621	4092	1615	
485	2933	178	91	2921	2659	4027	1601	
467	2952	171	28	2940	2640	4035	1620	
494	2951	119	93	2940	2640	4008	1620	
475	2932	160	27	2921	2659	4035	1620	
497	2942	125	93	2940	2659	4008	1620	
481	2932	113	23	2921	2659	4027	1638	
480	2941	139	93	2921	2640	4027	1620	
465	2951	139	29	2940	2640	4035	1638	
447	2951	135	95	2940	2640	4050	1657	
415	2952	251	26	2940	2640	4087	1634	
480	2951	154	95	2940	2640	4022	1615	
470	2942	112	118	2940	2659	4031	1652	
455	2942	159	27	2921	2640	4050	1634	
428	2962	231	94	2959	2640	4068	1634	
470	2942	112	27	2940	2659	4031	1652	
476	2931	96	87	2921	2659	4031	1652	
448	2951	144	20	2940	2640	4050	1652	
481	2921	72	97	2902	2659	4031	1657	
462	2943	275	27	2940	2659	4050	1582	
418	2952	276	95	2940	2640	4087	1620	
481	2933	185	22	2921	2659	4031	1601	
456	2932	124	94	2921	2659	4050	1657	
477	2932	121	27	2921	2659	4031	1638	
440	2931	258	95	2940	2696	4068	1620	
435	2952	237	28	2940	2640	4068	1620	
462	2952	163	97	2959	2659	4035	1638	
499	2940	103	26	2921	2640	4008	1620	
469	2969	149	95	2944	2607	4027	1620	
477	2951	139	26	2926	2626	4027	1620	
439	2943	268	94	2926	2645	4073	1601	
505	2923	119	27	2926	2682	4008	1620	
469	2941	129	96	2926	2645	4035	1638	
446	2962	267	27	2963	2645	4054	1601	
427	2933	288	91	2907	2645	4092	1601	
408	2961	208	27	2944	2626	4087	1657	
472	2951	146	92	2926	2626	4031	1620	
454	2935	128	26	2926	2659	4050	1657	
429	2953	118	95	2926	2621	4068	1676	
485	2925	173	26	2907	2659	4031	1601	
Percentuale di fallimenti nel positioning: 1.4%