Anchor0, 0x6e44, X: 0, Y: 0, Z: 0 
Anchor1, 0x6e7a, X: 0, Y: 5602, Z: 0 
Anchor2, 0x6e6c, X: 4099, Y: 4678, Z: 0 
Anchor3, 0x6939, X: 1936, Y: 3188, Z: 880 


#### UWB SETTINGS ####
Ranging protocol: FAST
Channel: 5
Bitrate: 6810 kb/s
PRF: 64 MHz
Preamble length: 128 symbols
Gain: 11.5
######################


Misure in [mm] e [ms]

X	Y		Z	Dt	A0		A1		A2		A3	
463	2941	126	1538993872248	2959	2687	4040	1648	
458	2943	162	7	2930	2631	4087	1657	
412	2951	196	8	2930	2640	4078	1629	
427	2947	231	8	2940	2687	4031	1648	
471	2936	123	7	2921	2678	4087	1638	
425	2923	240	9	2930	2678	4031	1638	
477	2927	135	73	2959	2678	4040	1638	
457	2949	177	8	2940	2650	4031	1629	
471	2947	151	7	2940	2631	4031	1629	
468	2956	145	8	2930	2659	4059	1629	
448	2937	200	6	2940	2650	4031	1638	
470	2946	135	8	2893	2650	4031	1648	
484	2921	78	8	2949	2650	4078	1648	
424	2952	254	81	2949	2640	4013	1657	
477	2956	154	13	2940	2612	4022	1657	
405	2956	258	13	2949	2659	4059	1629	
443	2947	219	10	2912	2659	4003	1629	
513	2927	141	82	2930	2687	4031	1648	
478	2923	119	12	2949	2621	4050	1657	
442	2965	137	13	2968	2678	4059	1657	
434	2951	191	16	2949	2631	4059	1657	
435	2960	174	80	2902	2659	4040	1638	
474	2922	122	12	2959	2678	4031	1666	
464	2948	106	8	2940	2668	4031	1666	
486	2938	188	10	2949	2659	4022	1620	
480	2947	160	5	2921	2659	4022	1620	
427	2919	243	82	2921	2631	4003	1648	
475	2951	121	13	2930	2678	4068	1638	
441	2928	209	15	2883	2650	4068	1638	
450	2917	156	16	2930	2668	4068	1638	
431	2933	242	78	2930	2687	4050	1620	
462	2924	209	14	2968	2640	4068	1629	
426	2966	249	13	2912	2659	4022	1610	
492	2928	144	8	2912	2631	4068	1601	
444	2942	239	82	2949	2659	4059	1638	
441	2947	202	10	2883	2668	4078	1629	
444	2909	198	12	2930	2650	4022	1648	
482	2941	91	11	2902	2696	4106	1638	
416	2905	268	13	2930	2696	4106	1638	
428	2937	223	78	2893	2696	4040	1657	
481	2899	92	11	2912	2659	4068	1657	
440	2927	151	13	2883	2631	4022	1657	
460	2932	122	11	2921	2631	4087	1657	
415	2946	188	80	2944	2668	4045	1638	
458	2940	172	10	2944	2650	4036	1610	
467	2949	198	10	2944	2631	4073	1620	
428	2959	247	10	2935	2640	4073	1657	
426	2949	176	13	2944	2659	4073	1657	
496	2944	128	81	2935	2678	4017	1638	
491	2930	112	10	2954	2631	4027	1620	
469	2963	165	11	2926	2621	4054	1610	
451	2954	206	11	2944	2640	4082	1610	
423	2954	287	11	2944	2640	4082	1610	
474	2940	226	79	2926	2659	4017	1620	
492	2934	130	9	2954	2650	4073	1648	
423	2954	215	10	2898	2678	4017	1610	
504	2911	129	11	2935	2687	4036	1620	
475	2926	185	8	2935	2687	4036	1620	
463	2972	186	81	2963	2668	4027	1620	
469	2957	183	10	2944	2621	4064	1582	
442	2964	291	10	2907	2659	4054	1610	
462	2926	202	12	2944	2612	4035	1610	
462	2968	183	12	2944	2612	4035	1610	
462	2958	158	78	2944	2668	4017	1620	
488	2940	149	11	2926	2659	4082	1620	
429	2936	259	11	2935	2668	4031	1657	
473	2934	102	11	2963	2650	4022	1648	
472	2958	120	79	2935	2659	4040	1638	
464	2939	151	11	2935	2640	4068	1638	
434	2949	200	14	2898	2659	4040	1610	
478	2921	167	8	2926	2631	4040	1610	
460	2948	101	7	2916	2650	4040	1657	
485	2932	49	83	2954	2678	4022	1629	
477	2947	151	10	2954	2659	4040	1601	
464	2950	235	9	2963	2659	4068	1620	
432	2954	268	11	2944	2650	4068	1657	
430	2949	178	10	2935	2687	4068	1657	
490	2926	174	80	2907	2631	4068	1620	
442	2939	202	10	2944	2650	4087	1638	
415	2949	252	13	2944	2668	4022	1648	
480	2939	108	12	2944	2650	4031	1620	
471	2949	170	12	2944	2650	4031	1620	
488	2911	149	76	2944	2696	4040	1620	
466	2933	202	10	2954	2668	4031	1638	
465	2953	149	14	2944	2621	4050	1638	
446	2963	166	15	2907	2621	4050	1638	
462	2950	137	79	2973	2640	4036	1657	
448	2976	132	10	2954	2650	4017	1638	
480	2953	120	12	2944	2668	4064	1638	
439	2940	211	12	2926	2650	4045	1620	
462	2940	181	12	2926	2650	4045	1620	
469	2957	183	75	2982	2650	4027	1610	
462	2976	214	11	2944	2659	4073	1648	
428	2944	208	10	2926	2631	4073	1648	
428	2949	181	11	2926	2650	4017	1610	
491	2939	144	8	2926	2650	4017	1610	
481	2939	104	81	2935	2668	4045	1620	
463	2936	196	11	2944	2640	4035	1629	
464	2953	159	13	2954	2640	4027	1638	
468	2958	136	11	2954	2696	4017	1638	
486	2936	147	79	2954	2640	4045	1629	
452	2959	188	11	2935	2659	4073	1638	
432	2940	217	12	2954	2659	4017	1629	
482	2949	139	12	2944	2706	4073	1648	
433	2925	225	11	2944	2706	4073	1648	
465	2937	138	78	2963	2650	4027	1610	
471	2959	198	11	2963	2668	4082	1638	
414	2956	267	12	2930	2621	4036	1657	
462	2954	94	12	2921	2687	4064	1638	
449	2919	196	79	2893	2640	4082	1601	
438	2928	252	10	2930	2640	4027	1648	
475	2945	98	12	2930	2621	4045	1610	
458	2956	192	8	2940	2659	4064	1620	
442	2943	236	7	2959	2621	4064	1620	
415	2971	277	83	2921	2687	4017	1666	
495	2917	52	12	2949	2678	4045	1657	
452	2944	142	15	2959	2668	4035	1676	
457	2954	91	8	2940	2640	4045	1601	
460	2952	224	8	2930	2640	4045	1601	
466	2935	34	82	2940	2650	4036	1638	
465	2946	144	10	2921	2640	4027	1638	
478	2941	108	13	2921	2621	4017	1638	
486	2949	84	11	2921	2612	4008	1648	
465	2961	130	9	2921	2612	4008	1648	
452	2961	180	78	2930	2668	4064	1666	
439	2932	147	10	2940	2650	4036	1629	
466	2946	161	12	2959	2621	4035	1610	
460	2971	200	13	2930	2678	4022	1629	
488	2927	133	81	2926	2621	4013	1629	
489	2952	96	11	2935	2650	4050	1676	
449	2943	99	13	2916	2668	4078	1666	
430	2925	162	9	2935	2603	4068	1638	
428	2967	187	8	2944	2603	4068	1638	
454	2945	212	83	2935	2640	4059	1648	
441	2949	164	11	2916	2640	4022	1638	
485	2938	94	12	2973	2650	4087	1657	
400	2970	245	12	2935	2650	4022	1610	
484	2944	162	80	2935	2650	4068	1657	
432	2944	170	11	2954	2621	4078	1620	
420	2969	264	13	2907	2640	4068	1648	
440	2934	157	14	2954	2668	4031	1648	
464	2952	130	12	2954	2668	4031	1648	
442	2939	138	75	2926	2678	4096	1620	
420	2926	296	11	2898	2650	4050	1610	
467	2925	183	13	2926	2687	4078	1638	
434	2921	230	9	2935	2621	4040	1638	
458	2958	139	81	2944	2640	4017	1638	
482	2953	108	11	2944	2659	4035	1648	
465	2944	131	12	2912	2631	4045	1610	
465	2942	179	11	2959	2687	4008	1629	
492	2944	130	7	2968	2687	4008	1629	
399	2971	261	83	2930	2659	4027	1638	
479	2937	121	12	2940	2640	4036	1629	
465	2951	157	13	2912	2640	4082	1648	
425	2937	189	10	2940	2631	4027	1648	
470	2955	104	81	2959	2659	4073	1629	
427	2952	258	11	2921	2659	4035	1648	
472	2932	111	13	2930	2650	4017	1657	
486	2940	66	9	2921	2696	4017	1638	
498	2914	105	7	2959	2696	4017	1638	
439	2960	199	84	2930	2650	4082	1573	
438	2942	340	11	2930	2621	4036	1657	
462	2954	94	13	2940	2621	4092	1629	
409	2961	262	12	2930	2650	4054	1648	
449	2941	153	79	2959	2678	4017	1638	
480	2949	129	11	2940	2659	4064	1629	
440	2943	220	13	2930	2621	4078	1648	
421	2956	191	10	2940	2659	4031	1657	
470	2941	103	7	2959	2659	4031	1657	
435	2947	165	82	2940	2659	4040	1638	
462	2942	155	11	2921	2668	4068	1685	
436	2927	112	13	2959	2640	4059	1666	
432	2961	154	13	2940	2715	4031	1638	
478	2919	154	80	2949	2650	4031	1648	
466	2951	125	12	2959	2640	4068	1648	
425	2961	205	13	2949	2650	4031	1666	
465	2950	93	11	2940	2650	4078	1657	
421	2947	195	10	2940	2650	4078	1657	
393	2972	286	80	2949	2668	4050	1629	
453	2943	204	11	2902	2668	4059	1638	
456	2918	162	14	2949	2678	4022	1629	
478	2945	145	13	2949	2650	4022	1629	
397	2952	296	79	2930	2640	4078	1638	
425	2947	215	11	2912	2678	4068	1695	
440	2918	88	13	2940	2668	4040	1638	
464	2938	158	9	2940	2678	4040	1620	
468	2933	194	81	2921	2631	4068	1690	
431	2945	92	12	2949	2612	4040	1624	
455	2970	173	12	2930	2696	4059	1671	
445	2925	133	8	2930	2631	4068	1643	
433	2951	183	7	2930	2678	4068	1643	
426	2928	274	83	2921	2678	4068	1662	
440	2923	157	11	2930	2640	4087	1652	
415	2947	209	12	2930	2678	4096	1634	
416	2928	275	13	2930	2668	4031	1634	
476	2932	139	10	2930	2668	4031	1634	
431	2937	205	80	2949	2650	4078	1615	
426	2952	279	10	2949	2650	4031	1643	
467	2951	134	12	2930	2659	4059	1662	
443	2937	141	8	2912	2650	4040	1662	
470	2932	135	83	2893	2678	4087	1662	
429	2909	170	10	2921	2659	4050	1615	
461	2933	198	14	2902	2668	4078	1652	
435	2918	174	15	2912	2640	4031	1634	
477	2936	115	12	2912	2640	4031	1634	
471	2944	71	75	2912	2678	4059	1690	
450	2917	80	11	2959	2659	4059	1643	
434	2959	200	13	2902	2650	4045	1629	
468	2927	144	8	2949	2640	4073	1629	
428	2957	256	81	2921	2668	4045	1666	
462	2927	101	12	2902	2650	4073	1629	
441	2927	199	13	2921	2659	4027	1666	
479	2931	64	10	2940	2640	4017	1638	
483	2951	105	7	2921	2640	4017	1638	
475	2942	187	83	2921	2659	4035	1638	
473	2932	129	11	2959	2650	4064	1638	
432	2957	219	12	2930	2687	4064	1620	
449	2924	237	12	2921	2659	4045	1676	
460	2931	80	12	2921	2659	4045	1676	
429	2946	188	75	2921	2678	4073	1620	
442	2924	243	10	2930	2640	4035	1666	
465	2945	81	13	2959	2678	4027	1638	
470	2949	150	8	2940	2678	4064	1638	
443	2933	227	81	2921	2668	4017	1648	
492	2927	79	12	2930	2659	4027	1638	
479	2937	121	12	2940	2668	4073	1638	
432	2938	226	10	2959	2631	4064	1648	
428	2966	194	8	2949	2640	4064	1648	
468	2955	98	82	2926	2678	4064	1657	
443	2926	163	11	2935	2687	4054	1629	
456	2926	205	12	2963	2650	4036	1629	
459	2959	182	9	2963	2640	4045	1629	
449	2964	197	6	2963	2650	4045	1629	
414	2959	261	83	2907	2631	4054	1657	
452	2938	111	10	2963	2631	4092	1610	
409	2968	323	13	2935	2650	4073	1629	
432	2944	230	12	2954	2650	4036	1648	
460	2953	139	12	2954	2650	4036	1648	
414	2964	244	74	2963	2678	4073	1620	
427	2951	285	11	2944	2659	4036	1629	
466	2944	167	13	2963	2650	4017	1620	
479	2959	160	7	2935	2650	4027	1620	
481	2945	205	81	2944	2659	4073	1666	
425	2944	175	11	2935	2687	4027	1620	
484	2926	167	11	2954	2715	4017	1657	
488	2924	103	12	2954	2668	4064	1610	
441	2945	272	8	2963	2650	4064	1610	
416	2966	204	81	2935	2659	4035	1648	
468	2939	123	12	2935	2668	4073	1620	
436	2936	253	13	2912	2640	4087	1666	
418	2937	167	13	2921	2640	4068	1638	
437	2942	187	12	2921	2640	4068	1638	
445	2956	220	77	2940	2668	4059	1638	
445	2938	197	11	2930	2612	4031	1610	
470	2960	162	13	2949	2621	4022	1629	
473	2965	132	12	2930	2650	4022	1629	
484	2941	140	77	2940	2659	4022	1610	
484	2942	169	12	2930	2706	4031	1638	
479	2921	140	14	2959	2668	4040	1629	
456	2955	189	13	2912	2687	4031	1638	
485	2913	122	10	2912	2687	4031	1638	
422	2957	250	76	2912	2659	4068	1610	
447	2928	235	11	2902	2640	4013	1610	
501	2931	114	15	2912	2621	4022	1591	
488	2946	165	14	2921	2631	4022	1591	
431	2947	252	78	2959	2668	4059	1666	
433	2953	161	11	2921	2640	4031	1657	
473	2940	82	14	2959	2650	4087	1629	
413	2957	283	9	2921	2631	4059	1620	
447	2947	198	83	2940	2621	4017	1652	
479	2959	75	11	2930	2650	4017	1662	
486	2940	57	12	2949	2631	4027	1662	
466	2959	86	7	2930	2612	4054	1662	
441	2959	116	7	2940	2678	4054	1662	
465	2933	232	84	2921	2650	4064	1652	
441	2937	158	10	2930	2650	4027	1634	
477	2941	125	13	2949	2631	4064	1671	
428	2960	143	8	2930	2659	4027	1671	
478	2936	112	7	2921	2687	4027	1643	
459	2919	183	84	2921	2706	4027	1671	
487	2908	67	11	2940	2668	4073	1624	
434	2938	251	12	2968	2650	4045	1643	
443	2968	176	9	2930	2678	4073	1624	
438	2928	245	9	2930	2678	4073	1624	
485	2937	54	79	2949	2659	4092	1615	
416	2947	312	11	2949	2668	4017	1634	
485	2942	128	13	2959	2659	4027	1662	
468	2951	103	12	2959	2687	4035	1652	
462	2943	144	80	2949	2631	4017	1643	
479	2960	101	11	2949	2687	4036	1634	
466	2940	169	12	2912	2640	4031	1685	
448	2943	101	15	2930	2640	4059	1629	
445	2947	193	12	2930	2640	4059	1629	
428	2942	207	76	2940	2650	4031	1591	
476	2947	217	12	2921	2640	4013	1591	
492	2940	65	8	2921	2678	4078	1648	
435	2923	237	6	2930	2706	4078	1629	
446	2915	326	12	2959	2650	4078	1591	
487	2957	182	78	2921	2668	4050	1657	
457	2927	127	12	2921	2650	4050	1648	
455	2936	137	12	2930	2668	4096	1657	
410	2933	229	9	2940	2659	4078	1638	
426	2942	233	7	2940	2659	4078	1638	
445	2941	152	83	2930	2678	4031	1629	
478	2928	151	10	2959	2640	4031	1601	
468	2962	214	14	2912	2706	4031	1657	
486	2904	93	13	2930	2640	4031	1657	
500	2944	54	81	2940	2687	4078	1638	
426	2936	242	11	2949	2668	4059	1610	
447	2943	256	11	2930	2650	4050	1620	
456	2942	195	14	2930	2668	4087	1629	
423	2933	261	77	2959	2668	4078	1652	
416	2954	228	11	2930	2631	4078	1652	
422	2951	187	14	2949	2678	4050	1643	
448	2944	178	11	2902	2659	4050	1624	
465	2923	165	9	2930	2659	4050	1624	
463	2932	72	82	2930	2706	4040	1671	
467	2920	97	10	2921	2659	4059	1662	
446	2932	133	12	2930	2678	4050	1681	
454	2927	94	12	2940	2650	4087	1634	
417	2947	255	81	2921	2678	4031	1662	
479	2922	84	11	2949	2678	4068	1662	
429	2944	181	12	2912	2650	4040	1681	
466	2930	52	8	2940	2668	4059	1681	
446	2938	204	9	2930	2659	4050	1634	
451	2936	88	81	2940	2631	4031	1643	
467	2955	120	11	2902	2659	4078	1690	
430	2922	103	13	2940	2659	4068	1681	
430	2942	133	9	2940	2659	4078	1634	
426	2943	240	7	2949	2659	4078	1634	
457	2956	164	82	2940	2659	4087	1643	
416	2942	242	11	2959	2640	4106	1643	
392	2962	293	13	2921	2687	4087	1620	
430	2919	276	10	2912	2650	4031	1610	
481	2932	159	8	2912	2650	4031	1610	
411	2952	209	78	2940	2706	4031	1629	
477	2925	167	12	2940	2659	4050	1666	
449	2942	125	14	2902	2650	4031	1620	
483	2927	133	9	2959	2659	4068	1657	
423	2959	193	79	2902	2621	4022	1657	
457	2948	130	12	2921	2668	4031	1648	
478	2927	106	12	2930	2650	4031	1620	
475	2941	157	9	2930	2678	4031	1638	
477	2927	135	7	2949	2650	4031	1638	
459	2951	177	84	2968	2668	4059	1638	
434	2958	223	11	2959	2678	4059	1638	
438	2948	217	14	2902	2650	4003	1657	
481	2933	102	15	2940	2650	4022	1648	
479	2946	100	77	2949	2621	4040	1610	
458	2966	200	11	2921	2687	4106	1648	
407	2919	265	12	2959	2668	4059	1657	
434	2954	178	13	2902	2678	4031	1657	
485	2912	77	12	2902	2678	4031	1657	
443	2944	156	79	2926	2668	4031	1620	
479	2931	160	11	2954	2640	4050	1648	
444	2959	164	13	2907	2659	4068	1620	
447	2926	212	9	2926	2621	4031	1620	
471	2953	129	80	2944	2650	4040	1657	
458	2948	122	12	2935	2640	4050	1620	
453	2949	196	13	2944	2621	4031	1638	
465	2962	129	13	2935	2659	4050	1648	
453	2939	153	10	2935	2659	4050	1648	
425	2968	211	77	2926	2640	4078	1620	
430	2945	243	11	2954	2668	4031	1610	
472	2945	204	12	2963	2668	4031	1638	
463	2956	158	13	2935	2631	4031	1629	
470	2953	140	80	2898	2631	4078	1610	
437	2935	230	11	2944	2621	4031	1657	
463	2962	96	14	2963	2687	4068	1638	
430	2945	245	9	2944	2640	4087	1638	
413	2954	248	10	2944	2640	4087	1638	
480	2948	126	81	2926	2659	4050	1610	
460	2935	212	11	2907	2678	4078	1629	
439	2916	224	15	2940	2668	4031	1638	
473	2937	140	13	2883	2668	4031	1638	
453	2918	204	78	2949	2631	4022	1620	
476	2960	151	12	2883	2659	4059	1666	
458	2912	93	12	2921	2621	4087	1676	
411	2951	150	9	2902	2640	4078	1591	
441	2933	270	82	2949	2650	4031	1638	
468	2951	143	12	2940	2678	4022	1638	
484	2932	126	12	2930	2668	4050	1638	
457	2933	169	12	2921	2678	4059	1620	
455	2923	215	8	2921	2678	4059	1620	
423	2959	193	84	2940	2668	4022	1638	
482	2937	123	11	2921	2659	4078	1657	
428	2932	180	16	2949	2631	4031	1638	
464	2960	137	15	2949	2631	4031	1638	
473	2928	141	74	2959	2668	4059	1638	
436	2954	213	12	2930	2631	4068	1648	
432	2951	174	13	2949	2650	4022	1648	
476	2951	107	8	2930	2668	4022	1648	
484	2932	96	82	2921	2678	4096	1620	
421	2924	291	11	2930	2640	4059	1657	
441	2946	144	17	2940	2659	4040	1657	
461	2942	121	13	2968	2687	4059	1629	
439	2947	248	8	2968	2687	4059	1629	
405	2933	271	79	2940	2640	4106	1620	
402	2952	314	12	2921	2668	4059	1638	
451	2928	179	14	2940	2650	4106	1685	
390	2947	201	8	2959	2668	4106	1685	
444	2954	175	81	2921	2668	4078	1610	
437	2929	267	13	2921	2668	4059	1638	
451	2928	179	13	2930	2640	4031	1629	
473	2946	139	9	2959	2650	4106	1657	
390	2957	272	82	2940	2659	4031	1620	
473	2942	170	12	2949	2668	4040	1638	
461	2942	167	13	2940	2668	4050	1648	
453	2938	160	12	2930	2678	4096	1638	
415	2928	268	9	2930	2678	4096	1638	
451	2933	220	80	2930	2687	4087	1657	
417	2931	215	12	2902	2668	4059	1666	
453	2917	112	15	2963	2668	4068	1657	
424	2955	201	9	2935	2678	4068	1657	
485	2930	103	82	2944	2631	4040	1629	
458	2958	166	12	2944	2668	4078	1648	
424	2940	222	14	2944	2678	4059	1657	
439	2942	166	9	2926	2659	4078	1657	
427	2935	184	82	2926	2678	4031	1666	
477	2925	81	11	2935	2650	4087	1629	
419	2945	259	12	2916	2668	4096	1676	
411	2925	180	9	2944	2650	4068	1638	
433	2949	213	8	2926	2687	4068	1638	
442	2921	191	82	2954	2640	4078	1648	
417	2959	221	11	2926	2659	4013	1666	
493	2933	42	14	2935	2650	4068	1685	
429	2943	119	13	2907	2640	4068	1657	
439	2934	141	76	2944	2659	4087	1657	
410	2944	185	10	2926	2650	4031	1657	
473	2938	89	6	2963	2621	4031	1657	
404	2973	327	10	2944	2640	4087	1666	
409	2954	197	5	2926	2640	4087	1666	
454	2924	65	10	2926	2668	4068	1657	
438	2930	167	80	2949	2640	4054	1629	
444	2956	201	11	2921	2678	4064	1620	
450	2923	225	11	2921	2678	4073	1620	
442	2924	243	8	2949	2621	4027	1620	
468	2965	142	7	2930	2640	4027	1629	
432	2947	221	8	2959	2640	4073	1629	
482	2969	65	81	2940	2659	4064	1610	
444	2943	254	12	2912	2650	4017	1610	
495	2932	132	15	2949	2640	4054	1638	
443	2956	185	8	2902	2650	4036	1638	
479	2927	160	85	2921	2659	4045	1648	
462	2932	130	14	2902	2612	4036	1638	
447	2950	171	13	2949	2631	4035	1629	
462	2960	161	10	2949	2650	4035	1629	
459	2952	237	80	2930	2640	4045	1620	
460	2947	181	11	2940	2650	4035	1648	
465	2946	125	14	2930	2621	4036	1648	
463	2955	109	10	2930	2659	4064	1648	
440	2937	176	82	2949	2650	4017	1610	
485	2951	165	11	2921	2640	4017	1638	
489	2940	89	12	2916	2650	4059	1666	
446	2934	118	10	2916	2631	4068	1657	
435	2943	146	6	2926	2668	4068	1657	
474	2929	60	84	2926	2631	4087	1629	
418	2949	242	11	2944	2631	4013	1657	
483	2956	65	16	2944	2668	4022	1648	
480	2939	108	12	2944	2668	4022	1620	
483	2940	158	78	2916	2631	4068	1638	
437	2944	179	11	2973	2650	4087	1657	
400	2970	245	13	2935	2621	4031	1638	
467	2958	122	12	2944	2631	4078	1638	
420	2958	226	12	2944	2631	4078	1638	
476	2953	100	76	2935	2650	4078	1648	
424	2944	206	12	2935	2640	4059	1657	
440	2949	148	13	2944	2659	4013	1620	
490	2944	138	13	2944	2678	4059	1638	
441	2942	201	78	2935	2631	4087	1601	
422	2954	300	12	2935	2640	4031	1620	
472	2949	159	12	2954	2621	4031	1620	
464	2968	170	7	2935	2668	4040	1620	
464	2935	136	7	2963	2668	4040	1648	
425	2976	114	82	2912	2659	4045	1657	
464	2927	107	9	2949	2659	4054	1620	
449	2947	225	12	2949	2668	4027	1638	
474	2942	141	9	2949	2696	4054	1657	
447	2933	168	9	2949	2668	4092	1657	
412	2943	275	86	2949	2668	4027	1648	
473	2942	122	13	2921	2687	4073	1629	
441	2919	231	10	2959	2659	3999	1638	
499	2951	92	10	2959	2687	3999	1638	
424	2945	323	83	2949	2678	4082	1638	
419	2945	256	8	2949	2659	4036	1620	
466	2947	188	9	2940	2659	4036	1629	
467	2942	164	8	2940	2640	4035	1666	
462	2950	90	9	2921	2640	4082	1610	
429	2943	264	8	2921	2640	4082	1610	
469	2940	211	83	2949	2640	4027	1610	
473	2956	181	15	2921	2631	4017	1620	
489	2945	117	12	2912	2659	4092	1666	
416	2928	183	8	2930	2668	4092	1666	
479	2932	106	82	2949	2678	3999	1610	
507	2937	139	13	2940	2668	4073	1648	
430	2938	208	13	2940	2650	4022	1601	
483	2947	182	11	2921	2650	4078	1657	
Percentuale di fallimenti nel positioning: 0.6%