Anchor0, 0x6e44, X: 0, Y: 0, Z: 0 
Anchor1, 0x6e7a, X: 0, Y: 5650, Z: 0 
Anchor2, 0x6e6c, X: 4016, Y: 4605, Z: 0 
Anchor3, 0x6939, X: 1851, Y: 3230, Z: 896 


#### UWB SETTINGS ####
Ranging protocol: PRECISION
Channel: 1
Bitrate: 850 kb/s
PRF: 64 MHz
Preamble length: 4096 symbols
Gain: 11.5
######################


Misure in [mm] e [ms]

X	Y		Z	Dt	A0		A1		A2		A3	
2309	3852	-1043	1539598226047	3756	2650	1422	2833	
2286	3864	-1050	80	3709	2617	1403	2833	
2271	3861	-1029	78	3807	2631	1427	2819	
2290	3909	-1064	78	3798	2669	1408	2865	
2319	3886	-1056	79	3765	2669	1432	2851	
2295	3858	-1052	77	3765	2655	1403	2823	
2301	3871	-1016	76	3760	2645	1432	2786	
2279	3868	-1056	78	3751	2669	1413	2838	
2302	3850	-1035	82	3826	2612	1422	2805	
2282	3918	-1018	76	3727	2650	1427	2786	
2278	3842	-1025	76	3798	2669	1399	2781	
2324	3881	-1037	78	3774	2641	1446	2819	
2269	3876	-1038	79	3709	2664	1427	2800	
2280	3833	-1047	79	3765	2636	1399	2823	
2296	3880	-1033	77	3765	2669	1422	2823	
2299	3864	-1049	77	3746	2664	1427	2828	
2291	3852	-1049	77	3760	2669	1432	2823	
2783	5531	-267	73	3788	2645	1432	2823	
2289	3884	-1048	78	3718	2631	1436	2823	
2259	3849	-1040	77	3784	2641	1408	2809	
2299	3863	-1039	146	3802	2669	1436	2823	
2301	3873	-1039	79	3723	2645	1422	2795	
2274	3847	-1027	76	3732	2655	1380	2791	
2792	5491	-225	80	3760	2650	1432	2791	
2279	3866	-1029	79	3774	2650	1436	2791	
2285	3873	-1051	75	3737	2659	1380	2823	
2312	3852	-1008	80	3802	2645	1427	2781	
2291	3888	-1030	77	3732	2673	1418	2791	
2295	3842	-1037	78	3737	2650	1413	2809	
2290	3853	-1025	79	3737	2669	1418	2791	
2296	3844	-1047	79	3723	2641	1403	2823	
2286	3853	-1038	78	3732	2641	1441	2828	
2263	3851	-1051	75	3737	2641	1432	2823	
2270	3864	-1052	78	3727	2655	1408	2838	
2291	3843	-1017	79	3770	2669	1399	2777	
2313	3874	-1037	79	3746	2650	1394	2828	
2300	3866	-1020	79	3746	2641	1399	2800	
2294	3868	-1032	75	3826	2678	1432	2819	
2312	3895	-1060	78	3727	2659	1446	2842	
2269	3840	-1046	78	3770	2673	1389	2809	
2325	3865	-1027	76	3732	2641	1422	2805	
2274	3857	-1029	79	3788	2673	1389	2800	
2330	3877	-1034	79	3742	2636	1403	2819	
2288	3871	-1034	77	3798	2631	1427	2823	
2286	3896	-1041	80	3727	2650	1403	2819	
2293	3852	-1042	74	3742	2664	1432	2833	
2291	3860	-1027	159	3774	2659	1399	2800	
2782	5508	-249	73	3727	2687	1399	2800	
2314	3836	-1043	79	3742	2678	1418	2828	
2300	3845	-1042	75	3798	2669	1422	2814	
2308	3879	-1055	80	3770	2678	1408	2838	
2313	3868	-1046	78	3742	2664	1394	2833	
2281	3826	-1040	155	3756	2636	1403	2809	
2289	3879	-1039	77	3746	2641	1427	2833	
2279	3863	-1046	79	3732	2669	1403	2823	
2302	3847	-1052	77	3723	2659	1427	2846	
2283	3840	-1046	78	3770	2664	1413	2819	
2304	3865	-1032	79	3699	2636	1389	2800	
2287	3889	-1042	156	3756	2678	1418	2823	
2304	3855	-1067	76	3751	2664	1389	2860	
2315	3870	-1050	80	3709	2645	1403	2860	
2306	3905	-1055	155	3760	2678	1389	2865	
2324	3866	-1046	80	3765	2692	1432	2847	
2306	3845	-1051	76	3812	2678	1399	2814	
2333	3890	-1051	78	3746	2650	1403	2846	
2327	3855	-1057	147	3760	2645	1408	2847	
2294	3875	-1055	80	3713	2664	1432	2856	
2277	3834	-1062	76	3718	2659	1394	2846	
2298	3857	-1056	79	3788	2655	1408	2874	
2282	3866	-1073	155	3699	2664	1418	2842	
2282	3834	-1051	80	3770	2669	1399	2842	
2320	3882	-1070	224	3737	2673	1441	2870	
2284	3841	-1065	77	3713	2631	1385	2842	
2290	3861	-1032	77	3826	2636	1408	2833	
2304	3916	-1046	81	3676	2673	1385	2842	
2302	3819	-1041	74	3662	2659	1389	2838	
2289	3817	-1035	79	3817	2673	1375	2828	
2343	3896	-1034	78	3765	2636	1418	2833	
2284	3884	-1050	79	3760	2650	1403	2846	
2301	3878	-1068	77	3760	2645	1389	2884	
2305	3877	-1042	77	3765	2641	1399	2846	
2298	3884	-1052	78	3751	2645	1418	2860	
2274	3901	-1065	149	3727	2655	1413	2823	
2290	3851	-1052	75	3732	2669	1385	2842	
2312	3851	-1038	81	3756	2673	1427	2833	
2288	3870	-1060	234	3779	2664	1399	2851	
2317	3879	-1059	79	3784	2664	1403	2865	
2317	3880	-1051	76	3751	2636	1436	2846	
2270	3863	-1066	149	3812	2673	1422	2874	
2315	3884	-1058	75	3746	2655	1422	2842	
2286	3869	-1065	78	3727	2659	1422	2870	
2285	3846	-1058	79	3699	2645	1399	2847	
2282	3849	-1035	78	3751	2650	1418	2833	
2286	3871	-1051	79	3723	2673	1422	2846	
2799	5545	-243	73	3732	2636	1436	2846	
2267	3857	-1057	78	3788	2631	1432	2842	
2279	3890	-1044	78	3713	2641	1399	2819	
2294	3869	-1036	147	3751	2655	1389	2828	
2309	3870	-1046	75	3727	2669	1413	2851	
2296	3842	-1065	80	3727	2673	1403	2865	
2315	3872	-1026	155	3756	2659	1436	2800	
2283	3855	-1040	80	3812	2669	1399	2800	
2281	3843	-1035	147	3727	2664	1399	2781	
2286	3842	-1037	157	3737	2659	1418	2800	
2287	3850	-1034	78	3751	2631	1413	2805	
2283	3874	-1036	78	3770	2650	1399	2819	
2303	3881	-1031	77	3751	2683	1399	2819	
2320	3847	-1032	78	3685	2645	1399	2805	
2281	3840	-1044	76	3835	2636	1394	2846	
2304	3874	-1026	158	3704	2641	1422	2833	
2268	3839	-1043	76	3751	2683	1408	2823	
2311	3855	-1056	79	3751	2641	1394	2851	
2786	5543	-258	77	3746	2659	1422	2851	
2287	3860	-1040	81	3746	2650	1403	2819	
2299	3868	-1051	76	3737	2655	1413	2851	
2293	3855	-1052	79	3695	2669	1399	2842	
2297	3824	-1037	77	3746	2683	1432	2819	
2298	3842	-1065	77	3793	2650	1432	2842	
2288	3886	-1039	77	3788	2641	1399	2809	
2304	3892	-1031	81	3746	2678	1408	2819	
2308	3848	-1043	77	3746	2650	1408	2823	
2294	3863	-1041	76	3746	2669	1418	2828	
2296	3849	-1039	78	3779	2673	1436	2809	
2294	3867	-1046	79	3756	2669	1413	2814	
2305	3855	-1037	77	3723	2650	1413	2809	
2288	3850	-1047	79	3751	2664	1394	2833	
2272	3836	-1061	155	3727	2622	1389	2833	
2288	3873	-1039	77	3770	2664	1446	2846	
2285	3859	-1056	79	3779	2645	1399	2823	
2305	3887	-1037	81	3770	2664	1399	2828	
2314	3873	-1048	76	3742	2631	1380	2842	
2298	3876	-1030	79	3723	2669	1418	2833	
2291	3837	-1056	74	3723	2673	1441	2842	
2277	3837	-1063	80	3704	2669	1422	2842	
2284	3828	-1066	80	3746	2664	1436	2860	
2285	3852	-1062	75	3727	2636	1403	2842	
2282	3870	-1043	78	3793	2659	1413	2847	
2306	3884	-1057	79	3746	2641	1422	2851	
2781	5546	-250	72	3840	2664	1403	2851	
2331	3911	-1052	79	3704	2678	1389	2847	
2308	3838	-1041	79	3737	2664	1422	2842	
2290	3850	-1059	77	3770	2664	1408	2847	
2307	3871	-1063	78	3770	2664	1408	2865	
2307	3873	-1054	75	3760	2626	1436	2851	
2266	3887	-1057	81	3798	2650	1441	2851	
2287	3896	-1079	76	3685	2678	1403	2879	
2296	3814	-1051	79	3732	2650	1385	2842	
2307	3862	-1045	77	3774	2678	1399	2851	
2321	3869	-1041	78	3751	2631	1432	2828	
2269	3876	-1053	77	3756	2655	1408	2842	
2297	3874	-1049	77	3784	2664	1394	2846	
2320	3883	-1050	79	3742	2655	1418	2851	
2309	3864	-1061	149	3765	2678	1422	2884	
2307	3864	-1078	75	3770	2678	1446	2879	
2292	3862	-1081	79	3779	2659	1394	2870	
2315	3881	-1046	78	3723	2669	1427	2846	
2286	3838	-1059	79	3774	2655	1408	2842	
2305	3880	-1058	76	3713	2664	1422	2860	
2285	3842	-1082	78	3737	2659	1432	2893	
2283	3858	-1082	78	3732	2664	1432	2888	
2282	3852	-1070	77	3737	2645	1446	2865	
2264	3864	-1073	78	3817	2664	1422	2870	
2311	3893	-1058	79	3756	2650	1408	2846	
2299	3872	-1056	77	3798	2664	1413	2856	
2315	3887	-1062	77	3699	2659	1403	2860	
2290	3835	-1053	79	3718	2641	1432	2851	
2265	3852	-1046	78	3774	2645	1385	2828	
2310	3893	-1038	78	3802	2664	1422	2846	
2308	3883	-1052	78	3756	2650	1413	2833	
2296	3871	-1059	77	3793	2655	1422	2856	
2298	3890	-1053	80	3756	2645	1408	2842	
2295	3872	-1047	156	3751	2655	1427	2846	
2284	3862	-1057	76	3774	2678	1413	2842	
2315	3864	-1058	77	3746	2655	1394	2846	
2299	3870	-1055	148	3765	2659	1432	2860	
2290	3864	-1060	79	3746	2659	1418	2842	
2292	3862	-1075	77	3727	2669	1394	2884	
2308	3851	-1078	77	3793	2664	1403	2907	
2802	5566	-308	79	3793	2650	1427	2907	
2297	3888	-1062	78	3784	2659	1403	2851	
2310	3881	-1051	77	3817	2673	1427	2846	
2798	5546	-244	81	3727	2659	1436	2846	
2277	3842	-1063	77	3807	2673	1408	2846	
2324	3888	-1062	77	3695	2673	1403	2860	
2297	3823	-1052	79	3802	2664	1394	2847	
2325	3892	-1047	78	3817	2655	1394	2847	
2324	3905	-1048	79	3826	2655	1432	2851	
2303	3904	-1075	78	3732	2673	1436	2874	
2284	3845	-1063	77	3770	2678	1427	2847	
2304	3859	-1061	76	3732	2678	1408	2842	
2316	3880	-1073	147	3760	2669	1399	2870	
2313	3863	-1046	80	3746	2687	1408	2838	
2316	3846	-1073	77	3756	2655	1422	2879	
2288	3871	-1057	77	3704	2664	1422	2851	
2283	3830	-1063	78	3784	2650	1394	2856	
2313	3886	-1038	77	3756	2645	1399	2833	
2299	3872	-1037	80	3737	2664	1399	2828	
2305	3854	-1050	76	3760	2659	1389	2847	
2315	3880	-1065	79	3746	2673	1464	2888	
2272	3849	-1083	77	3831	2650	1427	2865	
2305	3909	-1054	80	3779	2659	1413	2838	
2318	3854	-1050	156	3798	2641	1403	2823	
2306	3898	-1045	76	3812	2669	1413	2842	
2317	3891	-1056	78	3727	2645	1427	2847	
2275	3855	-1070	80	3765	2631	1371	2870	
2296	3885	-1033	152	3774	2631	1418	2823	
2283	3886	-1047	82	3746	2664	1436	2838	
2298	3847	-1063	146	3746	2659	1408	2838	
2298	3857	-1043	78	3723	2659	1427	2828	
2280	3843	-1050	78	3746	2608	1436	2828	
2254	3887	-1070	77	3751	2678	1441	2879	
2290	3850	-1073	78	3746	2664	1408	2856	
2800	5544	-246	73	3770	2641	1385	2856	
2308	3887	-1039	80	3765	2650	1427	2846	
2286	3878	-1060	77	3699	2664	1389	2856	
2299	3840	-1035	76	3737	2664	1427	2833	
2288	3849	-1066	77	3751	2659	1408	2856	
2300	3870	-1060	79	3793	2645	1422	2865	
2292	3896	-1050	79	3732	2655	1385	2842	
2308	3865	-1053	79	3793	2650	1399	2870	
2311	3893	-1037	73	3774	2645	1394	2828	
2306	3887	-1041	82	3760	2669	1394	2842	
2317	3867	-1051	78	3774	2636	1413	2851	
2288	3887	-1035	77	3746	2664	1464	2819	
2267	3846	-1071	78	3817	2659	1385	2838	
2304	3872	-1050	147	3718	2664	1422	2842	
2284	3870	-1060	148	3746	2669	1413	2842	
2299	3862	-1064	76	3788	2659	1422	2870	
2303	3878	-1047	79	3770	2655	1418	2823	
2295	3876	-1058	76	3713	2659	1408	2851	
2290	3845	-1048	79	3695	2659	1441	2842	
2265	3825	-1060	78	3751	2650	1413	2838	
2292	3868	-1058	77	3770	2664	1418	2856	
2324	3858	-1055	157	3751	2650	1418	2842	
2293	3872	-1052	144	3751	2664	1413	2842	
2297	3855	-1036	81	3746	2650	1432	2809	
2279	3866	-1069	78	3770	2669	1427	2865	
2300	3863	-1062	77	3784	2641	1403	2847	
2300	3892	-1034	77	3812	2622	1418	2823	
2290	3915	-1054	78	3742	2650	1389	2856	
2303	3869	-1055	78	3709	2664	1413	2870	
2288	3836	-1050	77	3751	2631	1422	2838	
2274	3883	-1059	79	3699	2641	1403	2865	
2281	3851	-1060	78	3723	2655	1403	2874	
2792	5560	-278	78	3713	2655	1418	2874	
2283	3842	-1047	76	3779	2645	1427	2828	
2287	3879	-1055	79	3746	2608	1413	2842	
2266	3892	-1045	78	3798	2664	1422	2851	
2308	3886	-1068	77	3770	2626	1436	2865	
2270	3887	-1068	79	3765	2673	1408	2865	
2312	3867	-1056	77	3793	2687	1422	2851	
2317	3867	-1043	79	3732	2683	1403	2809	
2312	3839	-1045	77	3751	2683	1441	2828	
2290	3843	-1042	78	3704	2659	1403	2800	
2292	3837	-1053	78	3774	2673	1432	2851	
2297	3869	-1059	79	3676	2650	1418	2842	
2270	3831	-1065	77	3812	2659	1418	2870	
2310	3894	-1054	76	3784	2664	1385	2842	
2326	3881	-1040	80	3690	2673	1427	2838	
2277	3824	-1056	76	3727	2650	1389	2846	
2300	3862	-1039	79	3704	2659	1436	2842	
2318	3881	-1051	144	3751	2641	1394	2865	
2300	3877	-1055	79	3718	2659	1403	2870	
2294	3849	-1047	79	3817	2641	1441	2842	
2288	3910	-1080	76	3760	2678	1418	2884	
2309	3861	-1073	80	3798	2664	1450	2874	
2287	3877	-1063	78	3751	2650	1408	2833	
2297	3870	-1050	76	3760	2650	1436	2846	
2283	3871	-1074	78	3727	2641	1408	2870	
2283	3867	-1061	77	3788	2655	1432	2874	
2295	3882	-1061	79	3704	2669	1385	2847	
2306	3841	-1061	79	3737	2673	1408	2879	
2307	3850	-1069	77	3770	2655	1403	2874	
2305	3878	-1059	78	3709	2617	1394	2865	
2274	3870	-1040	78	3699	2683	1403	2851	
2302	3827	-1062	78	3742	2650	1389	2865	
2303	3867	-1042	78	3685	2659	1408	2846	
2281	3824	-1050	76	3709	2631	1385	2842	
2288	3859	-1037	80	3802	2673	1408	2842	
2322	3891	-1068	76	3821	2683	1408	2874	
2331	3894	-1062	81	3713	2645	1399	2860	
2288	3853	-1038	73	3756	2664	1422	2833	
2295	3862	-1058	78	3690	2655	1427	2847	
2270	3829	-1057	78	3774	2678	1418	2842	
2311	3864	-1057	79	3751	2669	1408	2842	
2305	3862	-1051	78	3723	2664	1427	2846	
2285	3840	-1061	77	3723	2687	1413	2846	
2303	3828	-1042	80	3681	2659	1403	2814	
2288	3842	-1135	77	3746	2664	1408	3020	
2302	3861	-1064	77	3695	2669	1403	2870	
2292	3814	-990	78	3779	2683	1394	2725	
2329	3874	-1056	78	3746	2664	1389	2860	
2291	3869	-1068	228	3742	2664	1418	2860	
2293	3869	-1087	77	3704	2655	1380	2917	
2300	3853	-1042	76	3751	2673	1427	2860	
2293	3843	-1000	79	3709	2687	1399	2730	
2311	3829	-1073	76	3737	2669	1389	2884	
2314	3858	-1048	80	3742	2664	1455	2851	
2277	3881	-1215	78	3756	2701	1408	3137	
2321	3830	-994	77	3751	2617	1418	2720	
2270	3888	-1052	79	3756	2673	1389	2856	
2321	3860	-1049	77	3737	2641	1399	2851	
2290	3859	-1024	78	3742	2669	1403	2805	
2306	3868	-1081	78	3784	2664	1408	2912	
2312	3887	-1071	78	3756	2701	1408	2884	
2326	3859	-1119	79	3765	2641	1455	2968	
2292	3902	-1124	154	3770	2669	1408	2996	
2311	3941	-1300	78	3873	2659	1422	3376	
2347	4057	-1417	158	3713	2626	1436	3662	
2254	3851	-1051	77	3727	2655	1408	2833	
2294	3847	-1033	78	3765	2617	1441	2809	
2260	3882	-1031	77	3831	2664	1422	2795	
2314	3897	-1028	78	3751	2631	1422	2786	
2277	3874	-1054	78	3727	2673	1403	2847	
2304	3845	-1042	79	3784	2659	1427	2828	
2296	3867	-1022	77	3751	2659	1413	2772	
2297	3862	-1050	78	3704	2650	1422	2838	
2334	3953	-1116	157	3793	2631	1403	2987	
2295	3901	-1017	77	3742	2645	1432	2795	
2272	3862	-1040	80	3817	2659	1422	2814	
2307	3895	-1041	76	3774	2659	1422	2814	
2295	3876	-1048	76	3760	2650	1394	2833	
2306	3877	-1059	78	3784	2650	1399	2874	
2305	3878	-1010	81	3751	2655	1403	2772	
2275	3870	-1043	156	3793	2673	1422	2846	
2309	3871	-1051	77	3737	2669	1427	2828	
2288	3840	-1022	78	3718	2655	1418	2772	
2281	3854	-1068	78	3737	2641	1427	2879	
2277	3863	-1070	80	3793	2664	1422	2870	
2304	3884	-1075	74	3742	2659	1427	2879	
2285	3856	-1066	78	3699	2650	1394	2860	
2291	3840	-1043	79	3774	2678	1408	2842	
2314	3865	-1046	79	3765	2636	1432	2828	
2277	3878	-1055	75	3742	2650	1427	2842	
2279	3863	-1054	80	3751	2636	1389	2842	
2298	3877	-1028	76	3788	2650	1399	2823	
2781	5562	-281	140	3779	2664	1403	2870	
2315	3883	-1072	77	3770	2669	1427	2888	
2299	3875	-1093	77	3779	2650	1418	2912	
2291	3876	-1077	157	3821	2659	1389	2888	
2327	3906	-1042	77	3788	2692	1403	2842	
2331	3873	-1067	79	3826	2626	1394	2870	
2308	3920	-1028	78	3737	2669	1399	2823	
2313	3861	-1067	156	3751	2669	1422	2879	
2296	3863	-1071	79	3807	2659	1408	2874	
2317	3900	-1074	79	3727	2673	1422	2888	
2295	3843	-1076	75	3723	2650	1418	2879	
2282	3854	-1067	79	3699	2669	1427	2870	
2283	3830	-1081	77	3793	2669	1399	2884	
2321	3880	-1050	77	3746	2659	1432	2847	
2282	3861	-1072	78	3699	2641	1418	2870	
2297	3892	-1047	158	3723	2664	1460	2851	
2772	5585	-256	72	3770	2659	1408	2851	
2305	3878	-1054	79	3695	2650	1427	2851	
2269	3831	-1059	79	3831	2669	1389	2847	
2336	3913	-1050	76	3737	2664	1418	2860	
2291	3858	-1063	78	3765	2650	1413	2865	
2295	3877	-1052	79	3742	2641	1422	2846	
2279	3865	-1053	78	3685	2641	1408	2842	
2273	3889	-1072	156	3732	2650	1394	2856	
2298	3865	-1043	76	3756	2687	1418	2847	
2309	3859	-1076	80	3802	2683	1394	2884	
2335	3892	-1087	77	3784	2655	1418	2921	
2301	3888	-1079	78	3737	2673	1408	2893	
2312	3892	-1237	78	3723	2669	1394	3221	
2308	3867	-1111	77	3779	2664	1413	2978	
2307	3887	-1096	79	3727	2669	1403	2931	
2303	3881	-1155	80	3746	2655	1408	3067	
2298	3883	-1109	76	3732	2673	1422	2968	
2293	3853	-1080	77	3727	2650	1408	2893	
2287	3865	-1074	79	3760	2683	1408	2898	
2316	3853	-1054	77	3718	2669	1418	2842	
2293	3837	-1057	76	3807	2650	1408	2842	
2297	3881	-1074	147	3765	2678	1418	2888	
2805	5556	-289	150	3727	2664	1413	2879	
2292	3857	-1092	77	3690	2655	1427	2921	
2285	3886	-1092	158	3709	2659	1413	2917	
2288	3841	-1071	76	3746	2650	1427	2879	
2283	3862	-1064	80	3709	2622	1413	2856	
2267	3860	-1060	76	3793	2650	1408	2870	
2304	3892	-1056	78	3793	2659	1422	2856	
2303	3893	-1080	79	3723	2659	1403	2893	
2294	3860	-1072	75	3695	2687	1432	2898	
2288	3815	-1071	79	3756	2631	1399	2856	
2294	3885	-1056	78	3742	2655	1394	2870	
2302	3874	-1072	76	3756	2673	1403	2903	
2314	3869	-1104	79	3765	2636	1389	2949	
2305	3896	-1078	78	3690	2659	1427	2921	
2272	3837	-1097	79	3737	2706	1399	2926	
2328	3834	-1075	75	3723	2678	1413	2884	
2298	3849	-1084	80	3746	2636	1399	2907	
2293	3900	-1077	155	3793	2659	1418	2917	
2307	3887	-1072	79	3784	2687	1418	2879	
2324	3877	-1113	78	3742	2645	1389	2949	
2304	3876	-1081	77	3723	2687	1413	2926	
2304	3843	-1097	79	3742	2683	1432	2926	
2297	3859	-1125	76	3788	2636	1385	2968	
2311	3915	-1095	81	3742	2650	1385	2959	
2308	3884	-1089	75	3718	2683	1408	2945	
2307	3840	-1099	79	3742	2669	1394	2931	
2312	3873	-1087	78	3723	2678	1427	2931	
2291	3844	-1102	76	3732	2678	1403	2926	
2308	3847	-1080	79	3723	2669	1422	2898	
2289	3851	-1076	78	3770	2659	1441	2888	
2287	3878	-1115	77	3723	2659	1413	2945	
2292	3852	-1078	79	3685	2692	1408	2893	
2301	3820	-1084	78	3807	2659	1408	2907	
2301	3870	-1083	148	3699	2659	1403	2907	
2293	3842	-1083	75	3793	2678	1432	2912	
2309	3880	-1103	80	3732	2683	1418	2921	
2305	3840	-1075	76	3756	2626	1408	2874	
2283	3894	-1065	78	3774	2650	1399	2888	
2307	3895	-1073	81	3681	2669	1422	2903	
2282	3818	-1072	75	3709	2655	1413	2870	
2285	3848	-1082	77	3727	2641	1403	2903	
2285	3868	-1058	79	3784	2650	1418	2874	
2296	3888	-1071	78	3746	2673	1413	2879	
2305	3857	-1065	78	3812	2669	1427	2865	
2311	3889	-1073	78	3765	2655	1427	2870	
2288	3877	-1062	76	3709	2683	1432	2860	
2290	3825	-1089	78	3774	2645	1413	2893	
2297	3888	-1075	79	3760	2687	1403	2893	
2322	3857	-1076	77	3798	2655	1432	2888	
2293	3892	-1060	77	3779	2631	1422	2851	
2284	3892	-1062	78	3746	2641	1432	2865	
2273	3868	-1065	82	3685	2650	1385	2860	
2291	3842	-1049	71	3751	2673	1427	2865	
2295	3853	-1063	82	3737	2631	1436	2847	
2266	3865	-1059	78	3718	2678	1427	2846	
2288	3836	-1055	78	3807	2626	1422	2838	
2286	3922	-1075	77	3713	2641	1418	2898	
2275	3853	-1079	79	3784	2659	1436	2898	
2294	3881	-1083	79	3831	2645	1422	2884	
2304	3916	-1072	76	3746	2673	1399	2879	
2311	3855	-1051	78	3704	2631	1436	2847	
2253	3851	-1053	78	3751	2626	1385	2842	
2300	3891	-1059	76	3727	2673	1450	2888	
2276	3841	-1081	80	3751	2659	1441	2870	
2277	3860	-1052	76	3779	2650	1413	2828	
2299	3890	-1057	79	3742	2645	1399	2860	
2293	3874	-1061	78	3746	2636	1413	2879	
2282	3883	-1068	76	3774	2673	1399	2888	
2323	3870	-1061	149	3718	2641	1427	2865	
2271	3855	-1068	76	3765	2650	1413	2870	
2296	3876	-1057	80	3751	2641	1394	2856	
2315	3867	-1074	155	3774	2626	1418	2898	
2280	3897	-1051	80	3784	2641	1403	2851	
2304	3896	-1068	78	3798	2659	1418	2888	
2304	3844	-1088	155	3746	2659	1408	2903	
Percentuale di fallimenti nel positioning: 10.2%