Anchor0, 0x6e44, X: 0, Y: 0, Z: 0 
Anchor1, 0x6e7a, X: 0, Y: 5650, Z: 0 
Anchor2, 0x6e6c, X: 4016, Y: 4605, Z: 0 
Anchor3, 0x6939, X: 1851, Y: 3230, Z: 896 


#### UWB SETTINGS ####
Ranging protocol: PRECISION
Channel: 1
Bitrate: 110 kb/s
PRF: 64 MHz
Preamble length: 64 symbols
Gain: 11.5
######################


Misure in [mm] e [ms]

X	Y		Z	Dt	A0		A1		A2		A3	
2283	3901	-1148	1539597880607	3793	2659	1455	3006	
2325	3934	-1193	52	3807	2669	1403	3142	
2327	3876	-1094	52	3788	2692	1408	2921	
2298	3887	-1113	54	3784	2673	1436	2949	
2345	3881	-1101	52	3770	2692	1371	2968	
2251	3846	-1084	52	3756	2664	1493	2842	
2311	3835	-1125	51	3727	2711	1427	2964	
2258	3901	-1231	53	3779	2659	1493	3142	
2323	3885	-1067	53	3788	2669	1399	2879	
2280	3884	-1121	53	3826	2678	1493	2907	
2319	3854	-1100	50	3788	2720	1446	2898	
2322	3902	-1088	52	3784	2655	1385	2940	
2297	3871	-1082	56	3770	2669	1432	2884	
2268	3854	-1116	50	3756	2673	1474	2917	
2280	3863	-1134	54	3788	2687	1488	2935	
2297	3882	-1099	53	3779	2669	1432	2921	
2298	3848	-1116	94	3756	2706	1455	2931	
2293	3891	-1104	52	3793	2659	1441	2921	
2307	3880	-1081	57	3793	2673	1427	2884	
2296	3850	-1108	47	3765	2692	1450	2912	
2337	3881	-1082	90	3817	2701	1413	2888	
2255	3841	-1114	101	3756	2683	1507	2884	
2333	3903	-1074	93	3788	2659	1371	2921	
2333	3883	-1079	50	3760	2669	1371	2926	
2303	3865	-1102	54	3793	2701	1455	2898	
2307	3869	-1094	94	3760	2673	1413	2921	
2338	3878	-1114	51	3756	2687	1375	2992	
2310	3915	-1205	51	3793	2664	1422	3146	
2279	3858	-1081	52	3756	2673	1455	2870	
2301	3903	-1103	52	3821	2659	1436	2926	
2273	3847	-1137	50	3751	2692	1483	2949	
2299	3878	-1123	54	3802	2687	1455	2940	
2350	3911	-1129	55	3802	2678	1371	3025	
2242	3849	-1117	53	3742	2655	1497	2907	
2263	3867	-1116	53	3784	2678	1497	2903	
2282	3873	-1063	53	3826	2687	1488	2800	
2320	3889	-1114	94	3751	2669	1385	2996	
2253	3832	-1125	52	3751	2687	1511	2898	
2315	3893	-1086	51	3798	2664	1408	2912	
2269	3858	-1120	54	3774	2683	1488	2912	
2308	3898	-1138	53	3788	2664	1422	3006	
2308	3838	-1122	52	3746	2716	1446	2940	
2310	3869	-1128	53	3788	2697	1446	2954	
2316	3865	-1075	53	3770	2683	1413	2879	
2347	3903	-1073	96	3831	2683	1385	2898	
2312	3872	-1112	52	3784	2687	1427	2940	
2358	3890	-1102	52	3802	2701	1375	2959	
2266	3849	-1134	53	3718	2669	1460	2973	
2259	3887	-1140	53	3798	2664	1497	2954	
2323	3885	-1098	52	3788	2678	1403	2935	
2318	3877	-1148	52	3798	2701	1441	2996	
2268	3885	-1141	52	3812	2669	1497	2949	
2308	3892	-1136	96	3788	2678	1427	2996	
2279	3842	-1097	51	3746	2683	1464	2884	
2264	3908	-1228	51	3798	2669	1497	3132	
2354	3901	-1102	52	3817	2697	1385	2954	
2264	3834	-1110	52	3746	2687	1493	2884	
2337	3893	-1048	52	3788	2664	1367	2870	
2312	3837	-1059	53	3737	2697	1413	2847	
2328	3908	-1116	52	3831	2678	1418	2959	
2350	3888	-1091	52	3802	2692	1380	2935	
2259	3881	-1115	55	3774	2650	1474	2926	
2318	3873	-1076	51	3793	2687	1422	2874	
2309	3912	-1211	52	3760	2669	1403	3189	
2312	3893	-1114	56	3798	2669	1422	2954	
2345	3888	-1110	53	3840	2716	1422	2931	
2289	3863	-1096	51	3821	2701	1493	2851	
2321	3888	-1097	96	3793	2673	1408	2931	
2266	3910	-1116	53	3831	2650	1488	2917	
2300	3875	-1089	52	3765	2659	1418	2912	
2308	3874	-1093	95	3770	2669	1413	2921	
2268	3890	-1182	51	3793	2669	1488	3039	
2288	3880	-1092	101	3765	2659	1432	2912	
2284	3883	-1150	54	3798	2678	1474	2982	
2325	3885	-1080	97	3779	2678	1394	2912	
2320	3869	-1101	52	3765	2683	1403	2940	
2275	3880	-1158	104	3802	2683	1497	2978	
2321	3882	-1099	101	3779	2673	1403	2940	
2325	3899	-1090	52	3831	2683	1427	2898	
2255	3897	-1109	52	3831	2650	1507	2884	
2273	3857	-1153	95	3779	2692	1497	2964	
2270	3872	-1138	51	3742	2659	1455	2987	
2332	3879	-1074	96	3770	2673	1376	2912	
2329	3909	-1094	52	3798	2659	1385	2949	
2299	3892	-1089	51	3770	2641	1408	2926	
2320	3866	-1091	51	3765	2683	1403	2921	
2292	3883	-1158	52	3821	2697	1488	2978	
2297	3891	-1116	53	3793	2664	1441	2945	
2317	3880	-1155	54	3779	2687	1422	3034	
2286	3894	-1126	52	3788	2659	1446	2968	
2280	3870	-1158	53	3788	2687	1488	2982	
2361	3897	-1080	52	3826	2697	1375	2917	
2299	3853	-1122	54	3779	2701	1464	2926	
2285	3921	-1135	51	3840	2659	1469	2968	
2345	3900	-1054	56	3826	2687	1389	2860	
2332	3891	-1080	100	3788	2669	1380	2921	
2300	3894	-1085	53	3788	2650	1418	2907	
2326	3872	-1098	56	3737	2678	1375	2964	
2318	3903	-1190	52	3859	2725	1483	3043	
2264	3862	-1172	52	3784	2692	1511	2992	
2268	3865	-1111	54	3788	2673	1493	2888	
2332	3892	-1079	51	3817	2692	1408	2893	
2286	3834	-1131	51	3737	2697	1464	2945	
2289	3906	-1108	52	3817	2650	1446	2931	
2292	3857	-1099	96	3779	2692	1464	2884	
2267	3855	-1131	53	3779	2687	1502	2917	
2278	3853	-1113	53	3742	2673	1455	2926	
2289	3852	-1076	54	3788	2697	1474	2833	
2330	3842	-1070	53	3751	2706	1403	2870	
2261	3870	-1125	96	3784	2673	1497	2921	
2297	3898	-1220	52	3817	2697	1479	3114	
2288	3842	-1157	144	3779	2720	1497	2964	
2320	3861	-1124	54	3765	2697	1418	2968	
2303	3903	-1135	52	3831	2683	1460	2964	
2259	3838	-1149	52	3765	2697	1521	2935	
2309	3874	-1089	54	3798	2687	1441	2884	
2333	3894	-1186	51	3788	2697	1413	3100	
2260	3846	-1185	95	3737	2687	1497	3034	
2276	3867	-1134	53	3788	2683	1483	2940	
2329	3861	-1170	52	3770	2716	1432	3043	
2279	3854	-1139	53	3765	2692	1479	2954	
2301	3856	-1135	52	3784	2711	1469	2945	
2334	3826	-1086	53	3727	2716	1399	2903	
2354	3870	-1081	53	3779	2701	1371	2921	
2346	3878	-1084	51	3784	2692	1376	2926	
2315	3909	-1150	99	3802	2664	1413	3039	
2296	3849	-1087	52	3751	2687	1441	2884	
2353	3864	-1092	54	3760	2701	1367	2945	
2360	3871	-1078	52	3788	2711	1371	2912	
2322	3916	-1145	52	3812	2669	1413	3025	
2338	3873	-1096	97	3751	2687	1371	2959	
2355	3876	-1114	52	3779	2711	1380	2978	
2323	3918	-1097	52	3868	2678	1436	2907	
2297	3882	-1177	52	3817	2701	1483	3020	
2343	3900	-1127	54	3845	2711	1427	2964	
2319	3847	-1108	52	3727	2697	1403	2954	
2339	3905	-1126	51	3802	2687	1389	3006	
2309	3853	-1079	99	3779	2706	1446	2860	
2297	3938	-1266	54	3760	2631	1408	3301	
2333	3856	-1113	52	3746	2706	1394	2968	
2313	3898	-1136	51	3798	2678	1427	2996	
2281	3867	-1107	53	3760	2664	1450	2921	
2315	3896	-1147	94	3793	2678	1422	3020	
2311	3876	-1107	53	3802	2692	1446	2912	
2322	3862	-1098	54	3737	2683	1389	2949	
2336	3883	-1097	53	3774	2687	1385	2949	
2302	3866	-1119	144	3751	2678	1422	2964	
2286	3895	-1165	53	3802	2678	1469	3020	
2280	3899	-1131	100	3770	2645	1436	2992	
2359	3891	-1111	53	3802	2701	1375	2978	
2313	3846	-1114	52	3774	2716	1450	2917	
2313	3884	-1099	53	3784	2669	1418	2926	
2315	3892	-1124	55	3802	2678	1427	2968	
2259	3861	-1102	53	3779	2664	1493	2874	
2291	3864	-1112	51	3793	2701	1474	2907	
2373	3876	-1051	137	3812	2725	1371	2860	
2340	3870	-1124	52	3784	2706	1408	2973	
2296	3865	-1114	52	3770	2683	1446	2931	
2362	3890	-1099	55	3817	2706	1385	2945	
2321	3892	-1117	52	3821	2692	1432	2945	
2334	3888	-1092	52	3807	2687	1403	2921	
2342	3886	-1055	53	3798	2687	1380	2870	
2337	3889	-1089	52	3774	2683	1375	2949	
2300	3895	-1145	100	3807	2673	1450	2992	
2266	3845	-1156	54	3751	2697	1497	2978	
2241	3898	-1122	95	3798	2626	1497	2926	
2337	3869	-1113	102	3779	2706	1403	2959	
2313	3926	-1135	53	3802	2655	1403	3029	
2268	3901	-1125	55	3807	2650	1474	2945	
2315	3866	-1058	51	3727	2659	1375	2888	
2347	3910	-1172	52	3817	2711	1408	3081	
2329	3887	-1120	50	3798	2692	1413	2968	
2285	3888	-1104	193	3812	2669	1469	2898	
2307	3846	-1112	53	3746	2701	1436	2931	
2277	3884	-1125	51	3802	2678	1483	2931	
2298	3857	-1174	51	3756	2697	1455	3039	
2349	3872	-1066	51	3779	2692	1376	2888	
2311	3885	-1084	54	3774	2669	1408	2912	
2322	3829	-1117	52	3765	2744	1455	2917	
2351	3887	-1069	99	3788	2687	1367	2907	
2330	3888	-1123	50	3798	2687	1408	2978	
2308	3899	-1115	53	3817	2673	1441	2940	
2335	3900	-1075	53	3821	2678	1399	2893	
2301	3881	-1077	53	3831	2687	1464	2842	
2317	3870	-1127	98	3742	2687	1403	3001	
2316	3903	-1082	95	3788	2645	1385	2931	
2340	3886	-1136	53	3779	2701	1394	3020	
2298	3818	-1116	224	3746	2725	1474	2898	
2266	3839	-1136	53	3751	2697	1497	2935	
2348	3869	-1103	53	3817	2725	1418	2917	
2274	3860	-1143	53	3793	2692	1502	2940	
2295	3903	-1134	53	3849	2683	1483	2940	
2349	3884	-1112	53	3784	2701	1380	2978	
2354	3909	-1097	55	3821	2683	1371	2959	
2312	3860	-1129	52	3821	2725	1479	2917	
2266	3853	-1154	98	3751	2678	1488	2978	
2294	3869	-1153	60	3760	2683	1446	3010	
2269	3855	-1126	52	3746	2669	1464	2945	
2290	3886	-1172	52	3802	2692	1479	3020	
2294	3887	-1133	96	3821	2683	1474	2945	
2305	3913	-1127	53	3802	2655	1418	2992	
2347	3852	-1102	53	3737	2711	1376	2959	
2312	3943	-1078	51	3831	2626	1394	2926	
2313	3866	-1126	51	3756	2692	1418	2978	
2274	3836	-1185	53	3746	2711	1497	3025	
2331	3869	-1115	52	3784	2701	1413	2954	
2333	3912	-1109	99	3817	2673	1394	2968	
2339	3916	-1079	53	3887	2697	1436	2865	
2347	3903	-1111	52	3793	2683	1375	2987	
2308	3831	-1128	51	3746	2716	1446	2949	
2268	3855	-1093	54	3742	2655	1455	2893	
2332	3883	-1116	51	3779	2687	1399	2973	
2344	3886	-1089	136	3788	2683	1376	2940	
2281	3848	-1170	54	3737	2687	1464	3029	
2338	3852	-1063	104	3760	2701	1389	2870	
2302	3872	-1137	52	3784	2692	1450	2973	
2297	3896	-1154	52	3798	2678	1450	3015	
2334	3851	-1081	144	3742	2692	1380	2917	
2344	3863	-1126	54	3793	2725	1418	2964	
2351	3940	-1150	52	3849	2683	1394	3053	
2271	3864	-1135	55	3774	2678	1483	2945	
2308	3875	-1108	54	3746	2669	1403	2964	
2309	3858	-1104	53	3784	2701	1446	2903	
2309	3878	-1081	52	3774	2664	1413	2898	
2333	3873	-1076	52	3807	2711	1422	2870	
2302	3874	-1129	99	3774	2678	1432	2973	
2344	3862	-1059	52	3802	2711	1408	2842	
2251	3866	-1137	51	3774	2664	1507	2935	
2290	3842	-1114	56	3760	2697	1464	2912	
2346	3921	-1154	50	3831	2683	1399	3053	
2346	3895	-1104	49	3788	2683	1375	2968	
2330	3903	-1149	52	3817	2697	1422	3020	
2309	3852	-1113	52	3760	2697	1436	2931	
2848	5581	-312	50	3760	2697	1385	2949	
2335	3847	-1146	53	3756	2725	1418	3006	
2301	3881	-1142	51	3802	2687	1455	2978	
2336	3905	-1129	53	3831	2701	1422	2978	
2316	3892	-1136	53	3802	2683	1427	2992	
2284	3858	-1146	55	3788	2701	1493	2949	
2367	3876	-1089	51	3812	2730	1389	2917	
2344	3953	-1261	51	3826	2678	1399	3278	
2336	3874	-1078	52	3784	2701	1399	2898	
2291	3866	-1103	54	3802	2687	1474	2884	
2321	3885	-1116	51	3807	2697	1432	2945	
2272	3866	-1147	100	3793	2687	1502	2949	
2357	3891	-1098	53	3807	2697	1375	2954	
2247	3882	-1205	53	3784	2678	1525	3062	
2278	3894	-1138	55	3817	2669	1483	2954	
2311	3880	-1103	52	3784	2687	1427	2931	
2356	3851	-1089	51	3756	2716	1371	2931	
2262	3842	-1089	51	3760	2678	1493	2846	
2297	3902	-1125	56	3849	2683	1479	2926	
2329	3897	-1101	53	3821	2683	1413	2931	
2323	3883	-1060	52	3774	2664	1385	2879	
2317	3846	-1077	54	3709	2673	1375	2917	
2255	3865	-1155	51	3774	2683	1511	2973	
2324	3875	-1093	52	3779	2692	1408	2921	
2326	3957	-1467	53	3802	2711	1455	3671	
2332	3907	-1129	52	3774	2669	1376	3034	
2297	3854	-1097	51	3737	2683	1427	2921	
2285	3873	-1172	53	3765	2692	1469	3039	
2321	3871	-1135	53	3770	2701	1422	2992	
2350	3896	-1122	51	3784	2692	1371	3010	
2333	3865	-1115	53	3760	2701	1399	2968	
2301	3892	-1170	52	3835	2706	1488	3001	
2358	3913	-1085	52	3840	2687	1375	2931	
2318	3877	-1159	52	3793	2711	1446	3015	
2254	3853	-1088	51	3779	2678	1507	2842	
2350	3910	-1140	93	3821	2701	1394	3025	
2299	3882	-1145	51	3774	2673	1436	3006	
2338	3897	-1086	54	3779	2673	1371	2945	
2275	3866	-1147	52	3779	2687	1488	2964	
2318	3879	-1141	54	3807	2701	1446	2978	
2312	3893	-1124	52	3854	2701	1474	2921	
2344	3881	-1088	53	3788	2692	1380	2931	
2260	3839	-1112	51	3751	2683	1497	2888	
2311	3868	-1096	52	3737	2669	1394	2945	
2327	3853	-1147	51	3784	2730	1446	2982	
2326	3849	-1098	53	3779	2716	1432	2898	
2305	3867	-1079	55	3765	2669	1418	2888	
2336	3891	-1147	55	3779	2683	1389	3048	
2331	3903	-1080	57	3798	2659	1385	2921	
2314	3873	-1088	53	3774	2678	1413	2907	
2317	3903	-1099	53	3826	2678	1427	2921	
2345	3887	-1048	53	3807	2692	1385	2851	
2330	3914	-1180	147	3826	2687	1422	3085	
2283	3864	-1100	144	3756	2669	1446	2912	
2288	3853	-1112	53	3779	2706	1479	2903	
2295	3841	-1156	53	3770	2716	1483	2973	
2324	3922	-1097	52	3821	2655	1399	2949	
2315	3914	-1104	54	3812	2650	1408	2954	
2320	3886	-1083	53	3779	2664	1394	2917	
2286	3859	-1089	53	3774	2678	1460	2870	
2282	3888	-1123	52	3807	2669	1474	2931	
2360	3902	-1085	52	3817	2701	1371	2935	
2312	3889	-1127	52	3793	2683	1432	2973	
2311	3853	-1099	53	3760	2697	1427	2912	
2309	3901	-1081	52	3812	2669	1427	2893	
2263	3862	-1148	53	3779	2692	1507	2959	
2268	3872	-1152	52	3793	2678	1497	2968	
2271	3879	-1111	52	3784	2655	1469	2917	
2341	3865	-1068	51	3788	2706	1399	2870	
2229	3852	-1128	53	3746	2650	1516	2917	
2256	3862	-1175	136	3765	2683	1507	3010	
2288	3879	-1154	52	3798	2687	1474	2987	
2304	3917	-1106	55	3835	2664	1441	2931	
2318	3906	-1134	51	3784	2669	1403	3020	
2334	3896	-1112	53	3779	2678	1385	2982	
2322	3947	-1360	55	3793	2701	1436	3465	
2289	3857	-1125	52	3788	2701	1479	2921	
2293	3849	-1086	53	3774	2692	1460	2860	
2327	3904	-1119	56	3779	2664	1385	3001	
2326	3882	-1103	52	3784	2692	1408	2945	
2320	3858	-1070	53	3765	2687	1408	2870	
2327	3898	-1085	54	3807	2669	1403	2912	
2312	3924	-1294	52	3765	2673	1418	3334	
2337	3863	-1075	95	3788	2711	1408	2879	
2334	3874	-1117	102	3770	2697	1399	2973	
2339	3809	-1075	51	3756	2753	1432	2842	
2331	3838	-1116	99	3760	2725	1427	2935	
2315	3856	-1095	53	3746	2683	1403	2926	
2319	3924	-1073	51	3807	2631	1380	2921	
2363	3862	-1084	53	3779	2720	1371	2921	
2334	3907	-1069	97	3802	2659	1375	2907	
2343	3917	-1083	53	3821	2673	1380	2931	
2332	3905	-1115	51	3793	2673	1389	2987	
2299	3863	-1106	52	3765	2687	1441	2921	
2281	3877	-1138	53	3793	2678	1479	2954	
2301	3881	-1143	51	3802	2701	1464	2978	
2357	3860	-1066	52	3779	2716	1375	2884	
2270	3885	-1156	52	3784	2664	1479	2996	
2321	3860	-1083	52	3751	2683	1394	2912	
2344	3882	-1084	53	3835	2716	1422	2879	
2317	3840	-1116	51	3798	2734	1469	2898	
2354	3895	-1092	54	3802	2697	1376	2945	
2316	3870	-1095	51	3788	2687	1422	2912	
2342	3879	-1061	96	3826	2706	1408	2846	
2250	3896	-1126	53	3798	2636	1493	2935	
2299	3846	-1098	52	3793	2711	1474	2865	
2275	3850	-1136	52	3765	2697	1488	2940	
2333	3887	-1069	56	3774	2664	1371	2907	
2274	3874	-1132	99	3793	2673	1488	2935	
2340	3895	-1136	93	3798	2692	1394	3015	
2291	3875	-1172	182	3770	2697	1464	3043	
2283	3863	-1142	53	3760	2678	1460	2978	
2327	3865	-1081	52	3760	2692	1399	2907	
2272	3839	-1103	52	3779	2697	1502	2860	
2315	3854	-1070	53	3737	2673	1389	2893	
2300	3852	-1099	52	3779	2701	1460	2884	
2274	3861	-1105	52	3788	2678	1488	2879	
2290	3833	-1103	52	3746	2701	1464	2888	
2310	3844	-1073	96	3742	2692	1418	2870	
2270	3826	-1075	52	3727	2678	1464	2842	
2327	3897	-1111	54	3784	2673	1389	2978	
2323	3826	-1026	54	3737	2701	1403	2786	
2279	3822	-1112	54	3751	2711	1493	2879	
2290	3945	-1289	52	3807	2650	1450	3306	
2280	3873	-1080	54	3807	2678	1479	2842	
2314	3841	-1152	52	3779	2739	1469	2973	
2343	3947	-1198	52	3831	2683	1394	3161	
2328	3879	-1036	53	3770	2664	1376	2838	
2291	3827	-1147	51	3760	2730	1493	2945	
2333	3868	-1070	53	3788	2701	1403	2874	
2277	3861	-1127	51	3784	2683	1483	2926	
2289	3847	-1129	52	3779	2706	1479	2926	
2294	3876	-1154	101	3770	2678	1450	3010	
2371	3888	-1061	53	3831	2720	1380	2870	
2339	3910	-1199	52	3817	2697	1413	3128	
2301	3838	-1114	51	3760	2720	1464	2912	
2282	3866	-1096	52	3793	2687	1479	2874	
2314	3866	-1104	50	3784	2692	1432	2917	
2314	3834	-1099	55	3751	2711	1432	2903	
2337	3897	-1104	53	3774	2673	1371	2982	
2304	3900	-1202	52	3788	2687	1446	3114	
2308	3903	-1067	56	3840	2673	1441	2847	
2319	3883	-1070	94	3756	2659	1380	2907	
2272	3843	-1120	95	3784	2711	1511	2888	
2256	3876	-1358	54	3727	2692	1511	3386	
2302	3872	-1137	53	3784	2692	1450	2973	
2314	3933	-1085	101	3835	2636	1403	2926	
2316	3876	-1132	52	3760	2683	1408	3001	
2302	3895	-1232	53	3774	2697	1450	3175	
2290	3876	-1157	52	3760	2683	1450	3025	
2327	3862	-1078	96	3746	2687	1385	2912	
2285	3895	-1216	53	3784	2687	1474	3123	
2272	3832	-1128	55	3751	2697	1493	2917	
2322	3856	-1084	52	3760	2692	1408	2898	
2290	3871	-1139	52	3784	2692	1469	2964	
2295	3868	-1121	54	3784	2687	1460	2931	
2319	3893	-1112	51	3774	2669	1399	2973	
2289	3878	-1137	53	3788	2678	1464	2964	
2359	3909	-1095	95	3821	2683	1371	2954	
2271	3878	-1122	52	3798	2669	1488	2917	
2348	3921	-1050	52	3845	2673	1380	2865	
2278	3851	-1070	53	3802	2692	1497	2800	
2315	3908	-1125	53	3821	2669	1427	2973	
2363	3926	-1208	52	3817	2706	1380	3175	
2325	3880	-1061	95	3798	2678	1408	2856	
2301	3913	-1148	52	3807	2664	1436	3020	
2307	3863	-1119	53	3807	2706	1464	2917	
2334	3885	-1041	54	3812	2683	1394	2828	
2346	3852	-1111	55	3770	2734	1408	2949	
2309	3870	-1149	51	3770	2692	1432	3010	
2278	3868	-1237	52	3765	2697	1493	3137	
2384	3892	-1131	54	3817	2734	1371	3015	
2282	3823	-1125	52	3737	2711	1479	2921	
2295	3879	-1153	53	3798	2692	1469	2987	
2321	3931	-1123	52	3849	2659	1418	2982	
2266	3880	-1190	94	3788	2678	1502	3039	
2284	3877	-1109	52	3779	2664	1455	2921	
2262	3849	-1178	52	3737	2678	1483	3034	
2364	3929	-1166	53	3835	2692	1380	3090	
2288	3888	-1140	95	3756	2664	1432	3015	
2336	3901	-1106	52	3779	2664	1367	2987	
2307	3907	-1105	53	3859	2683	1464	2898	
2299	3883	-1106	52	3798	2683	1450	2917	
2339	3875	-1075	52	3774	2697	1380	2917	
2318	3857	-1112	100	3742	2692	1408	2959	
Percentuale di fallimenti nel positioning: 16.4%