Distanza: 15000.0
X [mm]	Y [mm]	Z [mm]	A0 	 RSS 	 Time 	 A1 	 RSS 	 Time 	 A2 	 RSS 	 Time 	 A3 	 RSS 	 Time 	 
9461	11402	-26	14686	-80	84790	18133	-82	84797	17176	-79	84803	1928	-78	84810	
9461	11355	-88	14649	-81	84829	18171	-81	84836	17139	-79	84842	1966	-78	84849	
9490	11426	-94	14724	-81	84869	18133	-81	84876	17176	-79	84883	1966	-78	84889	
9437	11361	-116	14649	-81	84910	18171	-81	84916	17176	-79	84923	2004	-78	84930	
9531	11374	-175	14686	-80	84951	18133	-82	84957	17134	-79	84964	1966	-78	84971	
9439	11383	40	14649	-81	84991	18133	-81	84998	17176	-79	85004	1891	-78	85011	
9448	11392	-62	14649	-81	85032	18096	-81	85039	17139	-79	85045	1966	-78	85052	
9461	11404	-76	14686	-80	85075	18133	-82	85082	17176	-79	85089	1966	-78	85095	
9452	11345	-35	14649	-81	85116	18208	-82	85123	17176	-79	85130	1928	-78	85136	
9430	11380	-103	14649	-80	85157	18133	-82	85163	17176	-79	85170	2004	-79	85177	
9443	11409	-9	14686	-80	85197	18133	-82	85204	17214	-79	85211	1928	-78	85218	
9478	11411	-39	14686	-81	85237	18096	-82	85244	17134	-79	85251	1928	-78	85257	
9476	11388	8	14686	-81	85279	18171	-82	85285	17176	-79	85292	1891	-78	85299	
9412	11363	-39	14630	-81	85319	18161	-82	85326	17204	-79	85333	1966	-78	85339	
9422	11341	-8	14630	-81	85360	18199	-82	85367	17204	-79	85374	1928	-78	85380	
9441	11385	-11	14668	-80	85401	18161	-82	85407	17204	-79	85415	1928	-78	85421	
9451	11367	-27	14668	-80	85442	18199	-82	85449	17204	-79	85456	1928	-78	85462	
9389	11320	-132	14593	-80	85481	18199	-82	85488	17204	-79	85495	2041	-79	85501	
9404	11348	7	14630	-80	85521	18199	-82	85527	17242	-79	85534	1928	-78	85541	
9413	11360	5	14630	-81	85561	18161	-82	85568	17204	-79	85575	1928	-79	85581	
9420	11344	-57	14630	-81	85603	18199	-82	85609	17204	-79	85616	1966	-78	85623	
9388	11355	25	14630	-80	85644	18199	-82	85651	17279	-79	85658	1928	-79	85665	
9390	11368	-73	14630	-81	85689	18161	-82	85696	17242	-79	85703	2004	-78	85709	
9430	11324	-73	14630	-80	85730	18236	-82	85737	17204	-79	85744	1966	-79	85751	
9412	11363	-39	14630	-81	85769	18161	-82	85776	17204	-80	85783	1966	-79	85790	
9391	11308	60	14593	-80	85809	18236	-82	85816	17242	-79	85823	1891	-78	85830	
9414	11373	-43	14649	-80	85849	18171	-82	85856	17233	-79	85863	1966	-78	85869	
9443	11397	-13	14686	-80	85891	18171	-83	85898	17233	-80	85905	1928	-78	85912	
9430	11355	89	14649	-80	85932	18208	-83	85939	17233	-79	85946	1853	-78	85952	
9441	11368	85	14649	-80	85975	18171	-84	85981	17195	-79	85988	1853	-78	85995	
9427	11356	38	14649	-81	86018	18208	-84	86025	17233	-80	86032	1891	-78	86038	
9437	11336	22	14649	-80	86060	18246	-84	86066	17233	-80	86074	1891	-78	86081	
9345	11334	63	14574	-80	86102	18171	-85	86109	17270	-80	86116	1928	-78	86124	
9412	11325	-51	14611	-81	86146	18208	-85	86155	17195	-80	86161	1966	-78	86168	
9407	11392	21	14649	-80	86188	18133	-86	86195	17233	-80	86201	1928	-78	86208	
9328	11373	97	14574	-80	86230	18096	-86	86237	17270	-80	86243	1928	-78	86250	
9366	11408	63	14611	-80	86271	18058	-86	86278	17233	-80	86285	1928	-78	86291	
Err	Err	Err	14649	-80	86314	4294967295	-87	86320	17233	-80	86327	2004	-78	86334	
9392	11365	66	14621	-80	86356	18152	-86	86364	17233	-80	86371	1900	-78	86377	
9389	11287	-50	14583	-80	86399	18264	-85	86405	17233	-80	86414	1975	-78	86421	
9397	11346	-50	14621	-80	86440	18189	-85	86447	17233	-80	86454	1975	-78	86461	
9387	11257	38	14546	-80	86480	18264	-85	86487	17195	-80	86494	1900	-78	86501	
Err	Err	Err	14583	-80	86523	18264	-85	86487	17233	-80	86537	1900	-78	86544	
9374	11294	10	14583	-80	86566	18264	-85	86573	17270	-80	86580	1938	-78	86587	
9413	11359	43	14621	-80	86607	18152	-86	86613	17195	-81	86620	1900	-78	86627	
9429	11369	27	14658	-80	86647	18189	-86	86654	17233	-80	86661	1900	-78	86668	
9391	11366	12	14621	-80	86688	18152	-87	86695	17233	-80	86702	1938	-78	86709	
9424	11187	-61	14546	-80	86728	18415	-86	86735	17195	-80	86742	1938	-78	86749	
10656	12222	-134	14546	-80	86728	18302	-86	86777	17195	-81	86784	1863	-79	86791	
9465	11192	42	14583	-81	86813	18452	-86	86820	17195	-80	86826	1835	-78	86833	
9470	11226	-46	14621	-80	86855	18452	-85	86863	17233	-80	86870	1900	-78	86876	
9543	11198	-91	14621	-80	86900	18433	-84	86907	17068	-80	86914	1882	-78	86920	
9594	11183	-209	14621	-80	86942	18508	-84	86948	17106	-80	86955	1957	-78	86963	
9496	11231	-93	14621	-80	86984	18396	-84	86990	17143	-80	86997	1919	-78	87004	
9556	11214	-210	14583	-80	87025	18358	-84	87032	17068	-80	87039	1957	-78	87045	
9561	11203	-201	14583	-80	87065	18396	-84	87072	17068	-81	87079	1957	-78	87086	
9464	11285	-98	14621	-80	87107	18283	-84	87114	17143	-80	87121	1957	-78	87127	
9455	11302	-85	14621	-80	87147	18246	-84	87154	17143	-80	87162	1957	-78	87169	
9428	11232	-77	14546	-80	87190	18283	-84	87197	17106	-80	87203	1957	-78	87210	
9534	11289	-185	14621	-80	87232	18246	-85	87239	17106	-80	87246	1957	-78	87253	
9446	11273	-80	14583	-80	87272	18246	-85	87279	17106	-80	87286	1957	-78	87293	
9506	11284	-114	14583	-80	87312	18208	-86	87319	17106	-80	87325	1919	-78	87332	
9421	11268	-16	14583	-80	87354	18283	-86	87361	17181	-80	87368	1919	-78	87375	
9498	11289	-26	14621	-80	87396	18246	-86	87403	17068	-80	87409	1882	-78	87416	
9376	11333	-17	14583	-80	87437	18161	-87	87443	17204	-80	87451	1966	-78	87457	
9379	11331	27	14583	-80	87477	18161	-86	87484	17204	-80	87491	1928	-78	87497	
9399	11325	8	14583	-80	87519	18161	-86	87526	17167	-80	87533	1928	-78	87539	
9478	11306	-151	14583	-81	87559	18161	-86	87566	17129	-80	87573	1966	-78	87579	
9402	11326	56	14583	-80	87599	18161	-86	87606	17167	-80	87613	1891	-78	87619	
9467	11200	-84	14583	-80	87641	18424	-85	87647	17167	-80	87654	1928	-78	87661	
9477	11209	5	14583	-80	87683	18386	-86	87690	17129	-80	87697	1853	-78	87704	
9414	11309	92	14583	-80	87725	18199	-86	87732	17167	-80	87739	1853	-78	87746	
9366	11273	-72	14546	-80	87766	18236	-86	87773	17204	-80	87780	2004	-78	87787	
9413	11337	-49	14621	-80	87807	18199	-86	87813	17204	-80	87820	1966	-78	87827	
9408	11336	-46	14583	-80	87850	18124	-86	87856	17129	-80	87863	1966	-78	87870	
9403	11308	-46	14583	-80	87890	18199	-86	87897	17167	-80	87904	1966	-78	87911	
9423	11368	47	14621	-80	87931	18124	-86	87938	17167	-80	87945	1891	-78	87951	
9403	11308	-46	14583	-80	87974	18199	-86	87980	17167	-80	87987	1966	-78	87994	
9388	11314	18	14583	-80	88016	18199	-86	88023	17204	-80	88030	1928	-78	88036	
9379	11331	27	14583	-80	88058	18161	-85	88065	17204	-80	88072	1928	-78	88078	
9425	11348	-9	14621	-80	88098	18161	-87	88105	17167	-81	88112	1928	-78	88119	
9528	11300	-142	14621	-80	88139	18236	-85	88146	17129	-80	88153	1928	-78	88159	
9402	11326	56	14583	-80	88180	18161	-87	88187	17167	-80	88194	1891	-78	88201	
9402	11326	56	14583	-80	88222	18161	-87	88229	17167	-80	88236	1891	-78	88242	
9399	11325	8	14583	-80	88261	18161	-87	88268	17167	-80	88275	1928	-78	88282	
9389	11345	-23	14583	-80	88301	18124	-86	88308	17167	-80	88315	1966	-78	88321	
9467	11353	5	14583	-81	88342	18049	-87	88349	17129	-80	88356	1853	-78	88363	
9357	11342	59	14546	-80	88385	18086	-87	88392	17167	-80	88399	1928	-78	88406	
9357	11388	66	14583	-80	88427	18049	-87	88433	17204	-80	88440	1928	-78	88447	
9367	11391	161	14583	-80	88468	18049	-87	88475	17204	-80	88481	1853	-78	88488	
9357	11328	176	14546	-80	88510	18124	-86	88516	17204	-80	88523	1835	-78	88530	
9436	11379	29	14621	-80	88549	18086	-86	88556	17129	-80	88563	1900	-78	88570	
9449	11410	77	14658	-81	88592	18086	-86	88599	17167	-80	88606	1863	-78	88613	
9411	11384	49	14621	-80	88634	18086	-86	88641	17167	-80	88648	1900	-78	88655	
9410	11338	-5	14583	-80	88676	18124	-86	88683	17129	-80	88689	1938	-78	88696	
Err	Err	Err	14546	-80	88719	18086	-86	88726	17129	-80	88689	1938	-78	88740	
9391	11343	60	14583	-80	88761	18124	-86	88769	17167	-80	88776	1900	-78	88783	
9409	11305	27	14583	-80	88804	18199	-86	88811	17167	-80	88819	1900	-78	88826	
9414	11308	115	14583	-80	88846	18199	-86	88852	17167	-80	88859	1835	-78	88866	
9396	11324	-3	14583	-80	88888	18161	-86	88894	17167	-80	88901	1938	-79	88909	
9395	11314	95	14583	-80	88930	18199	-86	88936	17204	-80	88943	1863	-78	88950	
9446	11361	66	14621	-80	88974	18124	-86	88981	17129	-80	88988	1863	-78	88994	
9386	11327	68	14583	-80	89015	18171	-85	89022	17204	-80	89029	1891	-79	89035	
9373	11346	41	14583	-80	89055	18133	-85	89062	17204	-80	89069	1928	-78	89075	
9421	11361	46	14621	-80	89097	18133	-85	89103	17167	-80	89110	1891	-78	89118	
9420	11364	-1	14621	-80	89142	18133	-85	89148	17167	-80	89155	1928	-78	89162	
9400	11321	9	14583	-80	89182	18171	-85	89189	17167	-80	89196	1928	-78	89203	
9393	11340	24	14583	-80	89223	18133	-85	89230	17167	-80	89237	1928	-78	89243	
9369	11365	99	14583	-80	89266	18096	-86	89273	17204	-80	89280	1891	-78	89287	
9378	11299	71	14546	-80	89309	18171	-87	89316	17167	-80	89322	1891	-78	89329	
9355	11355	61	14583	-80	89350	18133	-86	89358	17242	-80	89365	1928	-78	89371	
9393	11340	24	14583	-80	89392	18133	-86	89399	17167	-80	89405	1928	-78	89412	
9326	11330	29	14546	-80	89433	18133	-86	89440	17242	-80	89447	1966	-78	89453	
9367	11368	8	14583	-80	89474	18096	-85	89481	17204	-80	89488	1966	-78	89494	
9388	11360	66	14583	-80	89517	18096	-85	89524	17167	-80	89531	1900	-78	89538	
9391	11358	116	14583	-80	89560	18096	-86	89567	17167	-80	89574	1863	-78	89581	
9424	11363	35	14621	-80	89601	18133	-85	89608	17167	-80	89614	1900	-78	89621	
9371	11367	89	14583	-81	89643	18096	-86	89650	17204	-81	89657	1900	-78	89664	
9333	11364	72	14546	-80	89685	18058	-86	89691	17204	-80	89698	1938	-78	89705	
9369	11317	74	14546	-80	89724	18133	-86	89731	17167	-80	89738	1900	-78	89745	
9371	11364	135	14583	-81	89765	18096	-86	89772	17204	-80	89779	1863	-78	89786	
9385	11358	21	14583	-80	89808	18096	-85	89815	17167	-80	89821	1938	-78	89828	
9388	11360	66	14583	-81	89849	18096	-86	89857	17167	-80	89864	1900	-78	89870	
9446	11356	63	14621	-80	89891	18133	-86	89898	17129	-80	89905	1863	-78	89912	
9402	11323	-1	14583	-80	89934	18171	-86	89940	17167	-80	89947	1938	-78	89954	
9389	11327	107	14583	-80	89973	18171	-86	89980	17204	-80	89987	1863	-78	89994	
9452	11336	49	14621	-80	90016	18171	-85	90023	17129	-80	90029	1863	-78	90036	
9390	11356	75	14611	-80	90058	18161	-86	90064	17233	-80	90071	1891	-78	90078	
9395	11336	12	14611	-80	90098	18199	-86	90105	17233	-80	90112	1928	-78	90119	
9358	11333	-3	14574	-80	90141	18161	-86	90147	17233	-80	90154	1966	-78	90161	
9401	11367	69	14611	-80	90181	18124	-85	90188	17195	-80	90194	1891	-78	90201	
9425	11390	4	14649	-80	90223	18124	-86	90229	17195	-80	90236	1928	-78	90243	
9393	11387	84	14611	-80	90265	18086	-86	90272	17195	-80	90278	1891	-78	90285	
9378	11374	43	14611	-80	90306	18124	-86	90312	17233	-80	90319	1928	-78	90326	
9365	11365	54	14574	-80	90347	18086	-87	90353	17195	-80	90360	1928	-78	90367	
Err	Err	Err	14611	-80	90389	18124	-87	90396	17195	-80	90360	1966	-78	90410	
9351	11350	67	14574	-80	90432	18124	-87	90439	17233	-80	90445	1928	-79	90452	
9415	11428	73	14649	-80	90477	18049	-88	90484	17195	-80	90490	1891	-78	90497	
9386	11403	92	14611	-80	90518	18049	-89	90525	17195	-80	90532	1891	-78	90539	
9305	11394	160	14546	-80	90560	18011	-89	90566	17251	-80	90573	1900	-78	90580	
9384	11355	158	14546	-81	90602	18049	-89	90609	17134	-80	90616	1835	-78	90622	
9405	11406	17	14621	-80	90644	18049	-89	90651	17172	-80	90658	1938	-79	90664	
9392	11391	114	14583	-80	90686	18011	-89	90693	17134	-80	90700	1863	-78	90706	
9407	11358	49	14583	-80	90728	18086	-89	90735	17134	-80	90742	1900	-78	90748	
9401	11358	52	14583	-80	90771	18086	-89	90778	17139	-80	90784	1900	-79	90791	
9362	11373	96	14546	-80	90814	18011	-90	90821	17139	-80	90827	1900	-78	90834	
9377	11382	130	14583	-80	90855	18049	-89	90861	17176	-80	90868	1863	-79	90875	
9347	11377	155	14546	-81	90896	18011	-89	90903	17172	-80	90910	1863	-78	90916	
9340	11400	125	14546	-80	90938	17974	-89	90944	17176	-80	90951	1900	-78	90958	
9410	11408	109	14621	-80	90980	18049	-88	90987	17176	-81	90994	1863	-78	91000	
9377	11403	142	14583	-80	91022	18011	-89	91028	17176	-80	91035	1863	-78	91042	
9344	11300	145	14508	-80	91062	18124	-87	91069	17167	-81	91076	1863	-78	91082	
9373	11372	141	14583	-80	91103	18086	-88	91110	17204	-80	91117	1863	-78	91124	
9358	11340	91	14546	-80	91145	18086	-88	91152	17167	-80	91159	1900	-79	91165	
9381	11382	32	14583	-80	91189	18049	-87	91195	17167	-81	91202	1938	-78	91209	
9421	11367	37	14621	-80	91230	18124	-87	91237	17167	-80	91244	1900	-79	91251	
9315	11372	146	14546	-80	91272	18049	-87	91278	17242	-80	91285	1900	-78	91292	
9379	11350	123	14583	-80	91314	18124	-88	91321	17204	-80	91327	1863	-78	91334	
9356	11386	49	14583	-80	91356	18049	-88	91364	17204	-80	91371	1938	-79	91377	
9337	11365	167	14546	-80	91398	18049	-88	91405	17204	-80	91412	1863	-78	91418	
9337	11365	167	14546	-80	91438	18049	-87	91445	17204	-80	91452	1863	-78	91458	
9314	11292	121	14508	-80	91480	18161	-86	91487	17242	-80	91494	1900	-78	91500	
9384	11382	122	14583	-80	91524	18049	-87	91530	17167	-80	91537	1863	-78	91544	
9336	11362	116	14546	-80	91565	18058	-87	91572	17204	-80	91579	1900	-78	91585	
9367	11434	159	14621	-80	91605	18021	-88	91614	17242	-80	91620	1863	-78	91627	
9362	11354	144	14583	-80	91649	18133	-87	91656	17242	-81	91663	1863	-78	91670	
9347	11342	157	14546	-80	91692	18096	-87	91699	17204	-81	91706	1863	-78	91713	
9314	11385	197	14546	-80	91738	18021	-88	91744	17242	-80	91751	1863	-78	91758	
9331	11381	126	14546	-80	91779	18021	-87	91786	17204	-81	91793	1900	-78	91799	
9361	11404	156	14583	-80	91823	18021	-89	91830	17204	-81	91837	1863	-78	91843	
9323	11399	140	14546	-80	91864	17983	-91	91871	17204	-80	91878	1900	-78	91885	
9361	11404	156	14583	-80	91906	18021	-87	91913	17204	-80	91920	1863	-78	91926	
9350	11400	62	14583	-80	91948	18021	-86	91954	17204	-81	91963	1938	-78	91970	
9332	11378	176	14546	-80	91990	18021	-86	91997	17204	-80	92004	1863	-78	92011	
9320	11366	185	14546	-80	92030	18058	-87	92037	17242	-80	92044	1863	-78	92050	
9364	11341	-2	14574	-80	92071	18133	-87	92077	17204	-80	92084	1966	-79	92091	
9368	11388	105	14574	-80	92114	18021	-88	92120	17167	-80	92127	1891	-78	92134	
9409	11449	30	14649	-80	92155	17983	-89	92162	17167	-80	92169	1928	-79	92176	
9360	11425	172	14611	-80	92198	18021	-89	92204	17242	-80	92212	1853	-79	92219	
9325	11375	142	14536	-80	92241	18021	-88	92248	17204	-80	92254	1891	-79	92262	
9394	11383	135	14611	-80	92282	18096	-89	92289	17204	-80	92296	1853	-79	92303	
9409	11423	74	14649	-80	92324	18058	-88	92332	17204	-80	92339	1891	-79	92345	
9361	11379	166	14574	-80	92367	18058	-87	92374	17204	-80	92382	1853	-78	92389	
9397	11412	36	14611	-80	92410	18021	-88	92416	17167	-80	92423	1928	-79	92430	
9397	11412	36	14611	-80	92452	18021	-88	92458	17167	-80	92465	1928	-79	92472	
9367	11411	118	14611	-80	92496	18058	-87	92502	17242	-80	92509	1891	-78	92516	
9365	11389	59	14574	-80	92537	18021	-88	92544	17167	-80	92551	1928	-79	92558	
9347	11372	72	14546	-80	92581	18025	-87	92588	17167	-80	92595	1928	-79	92602	
9351	11419	81	14583	-80	92623	17988	-89	92631	17204	-80	92638	1928	-78	92645	
9313	11386	163	14546	-80	92665	18025	-88	92672	17242	-80	92678	1891	-78	92685	
9344	11388	126	14546	-80	92707	17988	-89	92714	17167	-80	92720	1891	-78	92727	
9321	11396	103	14546	-80	92746	17988	-89	92753	17204	-80	92760	1928	-78	92767	
9326	11397	150	14546	-80	92787	17988	-89	92793	17204	-80	92800	1891	-78	92807	
9372	11408	104	14583	-80	92828	17988	-89	92835	17167	-80	92841	1891	-79	92848	
9357	11401	73	14583	-80	92870	18025	-89	92877	17204	-81	92884	1928	-79	92890	
9326	11397	150	14546	-80	92910	17988	-89	92917	17204	-80	92924	1891	-78	92930	
9326	11425	105	14583	-80	92951	17988	-89	92958	17242	-80	92965	1928	-79	92971	
9348	11416	126	14583	-80	92995	17988	-89	93001	17204	-80	93008	1891	-79	93015	
9359	11399	164	14583	-80	93037	18025	-89	93043	17204	-81	93050	1853	-78	93057	
9332	11378	138	14546	-81	93078	18025	-88	93085	17204	-80	93091	1891	-79	93098	
9408	11417	73	14611	-80	93119	17997	-89	93126	17139	-80	93133	1891	-78	93140	
9385	11424	98	14611	-80	93160	17997	-88	93167	17176	-80	93174	1891	-78	93180	
9335	11379	85	14536	-80	93202	17997	-88	93208	17172	-80	93215	1928	-78	93222	
9363	11403	117	14574	-80	93245	17997	-89	93252	17176	-80	93259	1891	-79	93266	
9325	11447	110	14574	-80	93288	17922	-89	93294	17214	-80	93301	1928	-79	93308	
9384	11424	50	14611	-80	93330	17997	-89	93336	17176	-80	93343	1928	-78	93350	
9370	11458	22	14611	-81	93372	17922	-89	93379	17176	-80	93386	1966	-78	93393	
9394	11382	-20	14574	-81	93414	17997	-89	93421	17101	-80	93427	1966	-79	93434	
9377	11441	57	14611	-80	93455	17960	-88	93462	17176	-80	93469	1928	-78	93476	
9347	11394	85	14574	-80	93496	18035	-88	93503	17214	-80	93509	1928	-78	93516	
9393	11407	-11	14611	-80	93538	18035	-86	93545	17176	-80	93552	1966	-79	93559	
9365	11383	60	14574	-80	93581	18035	-88	93588	17172	-80	93595	1928	-78	93601	
9317	11366	84	14546	-80	93622	18058	-87	93629	17233	-80	93635	1938	-79	93642	
9327	11350	71	14546	-80	93664	18096	-87	93670	17233	-81	93677	1938	-78	93684	
9356	11371	102	14583	-80	93704	18096	-88	93711	17233	-80	93718	1900	-78	93725	
9255	11354	145	14508	-80	93746	18058	-88	93753	17308	-80	93760	1938	-78	93766	
10818	12494	38	14508	-80	93746	18058	-87	93793	17195	-80	93800	1938	-78	93807	
9328	11346	121	14546	-80	93829	18096	-87	93836	17233	-80	93843	1900	-79	93849	
9310	11339	44	14508	-80	93871	18058	-88	93878	17195	-80	93885	1975	-78	93892	
9328	11346	121	14546	-80	93913	18096	-88	93920	17233	-80	93927	1900	-78	93933	
9359	11371	152	14583	-80	93954	18096	-87	93961	17233	-80	93968	1863	-78	93975	
9339	11359	115	14546	-80	93997	18058	-87	94004	17195	-80	94011	1900	-79	94018	
9326	11367	184	14546	-80	94041	18058	-88	94048	17233	-80	94055	1863	-79	94062	
9372	11413	44	14621	-80	94085	18058	-89	94092	17233	-81	94099	1938	-78	94105	
9353	11418	171	14574	-80	94128	17983	-89	94135	17204	-80	94142	1863	-78	94149	
9350	11376	53	14574	-81	94169	18058	-88	94176	17204	-80	94183	1938	-78	94190	
9351	11442	173	14611	-80	94210	17983	-89	94218	17242	-80	94225	1863	-78	94232	
9338	11396	-23	14574	-80	94252	18021	-89	94259	17204	-80	94266	2013	-78	94273	
9337	11414	80	14574	-80	94295	17983	-89	94302	17204	-81	94308	1938	-78	94315	
9340	11394	18	14574	-80	94336	18021	-89	94343	17204	-80	94350	1975	-78	94357	
9361	11387	43	14574	-80	94379	18021	-89	94386	17167	-80	94392	1938	-78	94399	
9352	11399	119	14574	-80	94420	18021	-89	94428	17204	-80	94435	1900	-78	94441	
9424	11410	-102	14611	-80	94463	17946	-89	94470	17167	-80	94478	1975	-78	94485	
9345	11443	75	14611	-80	94506	17983	-89	94513	17242	-80	94519	1938	-78	94528	
9352	11399	119	14574	-80	94551	18021	-89	94557	17204	-80	94564	1900	-78	94571	
9366	11387	91	14574	-80	94594	18021	-89	94600	17167	-80	94607	1900	-78	94614	
9357	11424	62	14574	-80	94635	17946	-89	94642	17167	-80	94649	1938	-78	94656	
9374	11417	97	14611	-80	94678	18021	-89	94685	17204	-80	94691	1900	-78	94698	
9333	11406	140	14574	-80	94718	18021	-89	94725	17242	-80	94732	1900	-78	94739	
9378	11400	38	14611	-80	94760	18058	-89	94767	17204	-80	94774	1938	-78	94781	
9350	11376	53	14574	-80	94802	18058	-88	94809	17204	-81	94817	1938	-78	94824	
9370	11372	-8	14574	-80	94846	18058	-89	94853	17167	-80	94860	1975	-78	94867	
9371	11417	48	14611	-80	94889	18021	-89	94896	17204	-80	94903	1938	-78	94909	
9333	11406	140	14574	-80	94931	18021	-89	94937	17242	-81	94944	1900	-78	94951	
9350	11376	53	14574	-80	94972	18058	-89	94979	17204	-80	94987	1938	-78	94993	
9321	11404	44	14574	-80	95017	18021	-90	95023	17242	-80	95030	1975	-79	95037	
9332	11383	72	14574	-80	95059	18058	-89	95067	17242	-80	95074	1938	-79	95080	
9358	11361	-1	14574	-80	95102	18096	-88	95109	17204	-81	95116	1975	-79	95122	
9326	11359	42	14536	-80	95144	18058	-88	95151	17204	-81	95158	1966	-78	95164	
9401	11374	-30	14611	-81	95186	18096	-89	95193	17167	-80	95200	1966	-78	95207	
9289	11398	80	14536	-80	95229	17983	-89	95236	17242	-80	95243	1966	-78	95250	
9387	11335	28	14574	-80	95271	18133	-89	95278	17167	-80	95286	1928	-79	95293	
9336	11367	30	14536	-80	95314	18021	-89	95321	17167	-80	95327	1966	-78	95334	
9365	11389	59	14574	-80	95355	18021	-89	95362	17167	-80	95369	1928	-78	95376	
9337	11396	-13	14574	-80	95398	18021	-88	95405	17204	-80	95412	2004	-78	95418	
9383	11382	-11	14611	-80	95441	18096	-89	95448	17204	-81	95455	1966	-78	95462	
9295	11381	79	14536	-80	95483	18021	-88	95490	17242	-80	95496	1966	-78	95503	
9328	11358	94	14536	-80	95524	18058	-88	95531	17204	-80	95537	1928	-78	95545	
9364	11292	-17	14536	-80	95565	18171	-87	95572	17167	-80	95579	1966	-78	95586	
9350	11379	23	14574	-80	95606	18058	-87	95613	17204	-80	95619	1966	-78	95626	
9359	11323	-48	14546	-80	95648	18124	-88	95655	17167	-80	95662	2004	-78	95669	
9312	11305	-13	14508	-80	95690	18124	-87	95697	17204	-81	95704	2004	-78	95711	
9344	11330	19	14546	-80	95732	18124	-87	95738	17204	-80	95745	1966	-78	95752	
9303	11293	-6	14508	-80	95773	18161	-87	95780	17242	-81	95787	2004	-78	95793	
9351	11310	3	14546	-80	95815	18161	-87	95822	17204	-80	95829	1966	-78	95836	
9353	11309	51	14546	-80	95856	18161	-87	95863	17204	-80	95870	1928	-78	95876	
9363	11291	33	14546	-80	95897	18199	-86	95904	17204	-81	95911	1928	-78	95918	
9395	11298	-43	14583	-80	95939	18236	-86	95945	17204	-80	95952	1966	-78	95959	
9345	11299	57	14546	-80	95979	18199	-86	95986	17242	-81	95993	1928	-78	96000	
9363	11341	46	14583	-80	96021	18161	-86	96028	17242	-81	96035	1928	-78	96042	
9338	11280	-39	14508	-80	96062	18161	-86	96069	17167	-81	96075	2004	-78	96082	
9399	11325	8	14583	-80	96104	18161	-86	96111	17167	-80	96118	1928	-78	96124	
9350	11263	-5	14508	-80	96145	18199	-86	96152	17167	-80	96158	1966	-78	96165	
9346	11296	-51	14536	-80	96186	18171	-86	96193	17195	-80	96200	2004	-78	96206	
9351	11347	7	14574	-80	96229	18133	-87	96235	17233	-80	96242	1966	-78	96249	
9332	11353	27	14574	-80	96269	18133	-86	96276	17270	-81	96282	1966	-78	96289	
9324	11322	31	14536	-80	96311	18133	-88	96318	17233	-80	96325	1966	-78	96332	
9311	11342	0	14536	-80	96354	18096	-88	96361	17233	-81	96367	2004	-78	96374	
9321	11373	-5	14574	-80	96395	18096	-88	96401	17270	-80	96408	2004	-78	96415	
9330	11404	52	14574	-80	96437	18021	-88	96443	17233	-80	96450	1966	-78	96457	
9345	11394	-18	14574	-80	96479	18021	-88	96486	17195	-81	96493	2004	-78	96500	
9302	11359	6	14536	-80	96521	18058	-88	96528	17233	-81	96535	2004	-78	96542	
9328	11405	6	14574	-80	96564	18021	-89	96571	17233	-80	96578	2004	-78	96584	
9331	11410	-55	14574	-80	96607	17983	-89	96613	17195	-80	96620	2041	-78	96627	
9332	11402	93	14574	-80	96649	18021	-89	96655	17233	-80	96662	1928	-78	96669	
9298	11392	23	14546	-80	96690	18011	-89	96697	17242	-80	96704	2004	-78	96710	
9325	11364	38	14546	-80	96733	18049	-90	96740	17204	-80	96747	1966	-78	96754	
9305	11344	102	14508	-80	96776	18049	-89	96783	17204	-80	96790	1928	-78	96797	
9348	11359	15	14546	-80	96819	18049	-89	96825	17167	-80	96833	1966	-78	96840	
9332	11395	-8	14583	-80	96861	18049	-89	96868	17242	-81	96874	2004	-78	96881	
9309	11373	56	14546	-81	96902	18049	-87	96908	17242	-80	96915	1966	-78	96923	
9325	11364	38	14546	-80	96945	18049	-87	96952	17204	-80	96959	1966	-78	96965	
9286	11398	142	14546	-80	96987	18011	-87	96994	17279	-81	97001	1928	-78	97008	
9321	11385	50	14546	-80	97028	18011	-87	97035	17204	-80	97043	1966	-78	97050	
9303	11390	120	14546	-80	97071	18011	-87	97077	17242	-80	97084	1928	-78	97091	
9296	11411	81	14546	-80	97113	17974	-87	97120	17242	-80	97127	1966	-78	97134	
9277	11390	151	14508	-80	97155	17974	-87	97162	17242	-80	97169	1928	-79	97175	
9372	11441	10	14611	-80	97197	17950	-87	97203	17176	-80	97210	1966	-79	97217	
9306	11440	80	14574	-80	97238	17950	-88	97245	17251	-80	97251	1966	-78	97258	
9327	11434	54	14574	-80	97279	17950	-89	97285	17214	-80	97292	1966	-78	97299	
9324	11434	8	14574	-80	97320	17950	-88	97327	17214	-80	97334	2004	-79	97342	
9333	11435	106	14574	-80	97363	17950	-89	97370	17214	-80	97377	1928	-78	97384	
9331	11415	47	14574	-80	97407	17988	-89	97414	17214	-80	97422	1966	-78	97429	
9347	11422	-17	14574	-80	97451	17950	-88	97458	17172	-80	97465	2004	-78	97472	
9355	11436	-17	14611	-80	97494	17988	-88	97501	17214	-80	97508	2004	-78	97515	
9300	11410	128	14536	-80	97537	17950	-87	97543	17214	-79	97551	1928	-78	97557	
9389	11483	-39	14649	-80	97579	17913	-87	97586	17172	-79	97593	2004	-78	97599	
9365	11415	16	14574	-80	97621	17950	-87	97628	17139	-79	97635	1966	-78	97642	
9321	11449	67	14574	-80	97664	17913	-86	97671	17214	-79	97678	1966	-78	97685	
9296	11405	77	14546	-80	97707	17983	-86	97714	17242	-79	97722	1966	-78	97729	
9292	11453	45	14583	-80	97751	17946	-86	97757	17279	-79	97764	2004	-78	97771	
9312	11482	134	14583	-81	97793	17870	-86	97800	17242	-79	97807	1928	-78	97814	
9341	11467	50	14621	-80	97835	17946	-87	97842	17242	-79	97849	1966	-78	97856	
9327	11411	3	14583	-81	97878	18021	-86	97884	17242	-79	97891	2004	-78	97898	
9338	11486	61	14621	-80	97919	17908	-86	97926	17242	-79	97933	1966	-78	97941	
9322	11468	14	14583	-80	97961	17870	-87	97968	17204	-79	97975	2004	-78	97982	
9361	11458	-16	14621	-80	98004	17946	-85	98011	17204	-79	98017	2004	-78	98024	
9316	11490	76	14583	-80	98044	17833	-85	98050	17204	-79	98057	1966	-78	98064	
9285	11424	41	14546	-80	98085	17946	-85	98091	17242	-80	98098	2004	-78	98105	
9376	11404	-95	14621	-80	98126	18058	-85	98133	17204	-79	98140	2041	-78	98146	
9349	11354	-34	14583	-81	98167	18133	-85	98174	17242	-79	98181	2004	-78	98188	
9360	11364	-44	14583	-80	98207	18096	-86	98214	17204	-79	98221	2004	-78	98227	
9299	11418	16	14583	-80	98250	18025	-86	98257	17298	-79	98263	2013	-78	98270	
9371	11377	-13	14621	-80	98291	18138	-87	98298	17261	-79	98304	1975	-78	98311	
9313	11381	-4	14583	-81	98333	18100	-86	98339	17298	-79	98346	2013	-78	98353	
9307	11308	83	14546	-81	98373	18213	-86	98380	17336	-79	98387	1938	-78	98394	
9360	11317	-70	14583	-82	98415	18213	-85	98422	17261	-79	98429	2013	-78	98436	
9365	11219	-101	14546	-81	98456	18400	-84	98463	17298	-80	98470	2013	-78	98477	
9304	11416	116	14583	-81	98499	18025	-83	98505	17298	-79	98512	1938	-78	98519	
9359	11234	-26	14546	-81	98539	18363	-83	98546	17298	-80	98553	1975	-78	98559	
9462	11172	-196	14583	-81	98580	18551	-83	98587	17298	-79	98594	2013	-78	98600	
9248	11419	123	14546	-81	98623	17988	-84	98629	17336	-80	98636	1975	-79	98643	
9274	11364	74	14546	-81	98665	18100	-84	98671	17336	-79	98678	1975	-78	98685	
9270	11365	29	14546	-80	98705	18100	-84	98712	17336	-80	98719	2013	-78	98726	
9283	11356	-38	14546	-81	98748	18100	-83	98755	17298	-80	98762	2050	-78	98769	
9274	11377	18	14536	-80	98790	18049	-84	98797	17289	-80	98803	2022	-78	98810	
9349	11286	24	14536	-80	98831	18199	-83	98838	17214	-80	98845	1947	-78	98852	
9320	11361	15	14574	-81	98874	18124	-83	98881	17289	-80	98888	1985	-78	98895	
9348	11367	-1	14574	-81	98916	18086	-84	98923	17214	-80	98929	1985	-78	98936	
9287	11388	63	14536	-81	98958	18011	-85	98965	17251	-80	98971	1985	-78	98978	
9290	11368	-52	14536	-81	99000	18049	-84	99007	17247	-80	99014	2060	-78	99020	
9329	11373	13	14574	-80	99042	18086	-84	99049	17251	-80	99055	1985	-78	99062	
9296	11349	-64	14536	-81	99083	18086	-84	99090	17251	-80	99097	2060	-78	99104	
9319	11340	-35	14536	-80	99126	18086	-84	99133	17209	-80	99139	2022	-78	99146	
9338	11305	-17	14536	-81	99168	18161	-85	99174	17214	-80	99181	1985	-78	99188	
9311	11381	86	14536	-81	99208	18011	-86	99215	17214	-80	99221	1947	-78	99228	
9294	11367	46	14536	-81	99250	18049	-86	99257	17251	-80	99264	1985	-78	99271	
9268	11364	43	14508	-81	99291	18021	-86	99298	17247	-81	99305	2004	-78	99312	
9290	11358	26	14508	-81	99332	18021	-86	99339	17209	-81	99346	2004	-79	99352	
9312	11401	-30	14546	-81	99373	17983	-86	99379	17209	-81	99386	2041	-78	99393	
9259	11402	113	14508	-81	99415	17946	-87	99422	17247	-81	99429	1966	-78	99435	
9282	11376	82	14508	-81	99457	17983	-87	99464	17214	-80	99470	1966	-79	99478	
9307	11401	18	14546	-81	99501	17983	-87	99508	17214	-80	99514	2004	-78	99521	
9297	11387	78	14546	-81	99542	18021	-87	99549	17251	-80	99555	1966	-78	99562	
9260	11382	52	14508	-81	99583	17983	-87	99589	17251	-81	99598	2004	-78	99605	
9302	11337	106	14508	-81	99626	18058	-87	99632	17209	-80	99639	1928	-78	99648	
9291	11389	-24	14546	-81	99669	18021	-87	99678	17251	-80	99684	2041	-79	99691	
9316	11380	52	14546	-81	99714	18021	-87	99721	17214	-80	99727	1966	-78	99734	
9345	11355	-26	14546	-81	99755	18058	-87	99761	17172	-80	99768	2004	-79	99775	
9346	11426	-11	14611	-81	99797	18021	-87	99804	17242	-80	99811	2004	-78	99817	
9298	11360	10	14536	-80	99840	18058	-86	99847	17242	-80	99854	2004	-79	99861	
9282	11369	34	14536	-80	99883	18058	-87	99889	17279	-80	99897	2004	-79	99904	
9324	11405	52	14574	-80	99923	18021	-87	99930	17242	-80	99937	1966	-78	99944	
9311	11345	50	14536	-81	99963	18096	-86	99970	17242	-80	99977	1966	-78	99984	
9367	11387	55	14611	-80	100006	18096	-86	100013	17242	-81	100019	1928	-78	100027	
9335	11365	-18	14574	-81	100049	18096	-86	100056	17242	-80	100063	2004	-78	100069	
9349	11349	62	14574	-80	100090	18133	-87	100097	17242	-80	100103	1928	-78	100110	
9338	11368	32	14574	-80	100132	18096	-86	100138	17242	-80	100147	1966	-78	100153	
9352	11329	-49	14574	-80	100174	18171	-86	100181	17242	-80	100188	2004	-78	100194	
9324	11304	-23	14536	-80	100216	18171	-85	100223	17242	-80	100230	2004	-78	100237	
9367	11312	32	14574	-80	100260	18208	-85	100266	17242	-80	100273	1928	-78	100280	
9360	11315	-57	14574	-80	100302	18199	-85	100309	17242	-80	100316	2004	-78	100322	
9395	11320	-91	14611	-80	100344	18236	-85	100351	17242	-80	100358	2004	-78	100364	
9388	11291	-38	14574	-80	100384	18236	-85	100391	17204	-80	100397	1966	-78	100404	
9357	11315	-105	14574	-80	100424	18199	-85	100431	17242	-80	100437	2041	-78	100444	
9404	11381	-78	14649	-81	100465	18161	-85	100472	17242	-80	100478	2004	-78	100486	
9388	11338	-28	14611	-80	100510	18199	-84	100517	17242	-80	100524	1966	-78	100530	
9361	11315	-8	14574	-80	100551	18199	-84	100558	17242	-80	100565	1966	-78	100572	
9360	11315	-57	14574	-80	100592	18199	-85	100599	17242	-80	100605	2004	-78	100612	
9430	11353	-114	14649	-80	100633	18199	-85	100639	17204	-80	100646	2004	-78	100653	
9348	11322	54	14574	-80	100675	18199	-85	100681	17279	-80	100688	1928	-78	100695	
9393	11351	-122	14611	-80	100716	18161	-86	100723	17204	-80	100729	2041	-78	100736	
Err	Err	Err	14611	-80	100760	18199	-85	100766	17204	-80	100729	2004	-78	100781	
9380	11304	-38	14574	-80	100803	18208	-85	100809	17204	-80	100816	1975	-78	100823	
9401	11344	-2	14611	-80	100844	18171	-85	100851	17204	-80	100858	1938	-78	100864	
9378	11369	74	14611	-80	100886	18133	-85	100892	17242	-80	100899	1900	-78	100906	
9371	11369	-15	14611	-81	100927	18133	-85	100934	17242	-80	100941	1975	-78	100948	
9387	11353	65	14611	-80	100967	18171	-85	100974	17242	-80	100981	1900	-78	100988	
9372	11340	131	14574	-80	101009	18133	-85	101016	17204	-80	101023	1863	-79	101029	
9377	11321	70	14574	-80	101051	18171	-84	101058	17204	-80	101065	1900	-78	101072	
9376	11372	32	14611	-80	101094	18133	-86	101100	17242	-80	101107	1938	-78	101114	
9399	11365	55	14611	-80	101134	18133	-85	101141	17204	-80	101148	1900	-78	101154	
9401	11344	-2	14611	-80	101175	18171	-86	101182	17204	-80	101189	1938	-79	101196	
9434	11369	21	14649	-81	101217	18171	-85	101224	17204	-80	101231	1900	-79	101237	
9377	11321	70	14574	-80	101260	18171	-85	101267	17204	-80	101273	1900	-78	101280	
9413	11326	33	14611	-80	101301	18208	-85	101307	17204	-80	101314	1900	-78	101321	
9354	11391	70	14611	-80	101340	18096	-85	101347	17270	-80	101354	1928	-78	101361	
9362	11375	56	14611	-80	101383	18133	-85	101390	17270	-80	101397	1928	-78	101403	
9359	11326	-1	14574	-81	101425	18171	-85	101432	17233	-80	101439	1966	-78	101446	
9369	11387	6	14611	-80	101468	18096	-85	101475	17233	-80	101481	1966	-78	101488	
9369	11387	6	14611	-80	101511	18096	-84	101518	17233	-80	101524	1966	-78	101531	
9332	11400	45	14611	-80	101552	18096	-85	101559	17308	-79	101565	1966	-78	101572	
9389	11350	27	14611	-80	101594	18171	-85	101601	17233	-80	101608	1928	-78	101615	
9354	11364	61	14611	-81	101636	18171	-85	101643	17308	-79	101650	1928	-78	101656	
9359	11326	-1	14574	-80	101678	18171	-85	101685	17233	-80	101691	1966	-78	101698	
9405	11394	-26	14649	-80	101718	18133	-85	101725	17233	-80	101732	1966	-78	101738	
9369	11387	6	14611	-80	101761	18096	-85	101767	17233	-80	101774	1966	-78	101781	
9385	11350	-24	14611	-80	101801	18171	-85	101807	17233	-80	101814	1966	-78	101821	
9390	11382	35	14611	-81	101844	18100	-85	101851	17204	-80	101858	1928	-78	101864	
9389	11409	-57	14649	-80	101887	18100	-85	101894	17242	-80	101900	2004	-78	101907	
9374	11369	-1	14611	-80	101929	18138	-85	101936	17242	-80	101943	1966	-78	101949	
9393	11362	-19	14611	-80	101971	18138	-85	101978	17204	-80	101984	1966	-78	101991	
9382	11379	-10	14611	-80	102013	18100	-86	102019	17204	-80	102026	1966	-78	102033	
9403	11393	-25	14649	-80	102057	18138	-86	102064	17242	-80	102070	1966	-78	102077	
9403	11393	-25	14649	-80	102098	18138	-85	102104	17242	-80	102112	1966	-78	102119	
9366	11387	8	14611	-80	102141	18100	-85	102147	17242	-79	102154	1966	-78	102161	
9341	11368	32	14574	-80	102183	18100	-86	102189	17242	-80	102196	1966	-78	102203	
9374	11369	-1	14611	-80	102223	18138	-85	102230	17242	-79	102237	1966	-78	102244	
9397	11363	18	14611	-80	102266	18138	-86	102273	17204	-80	102279	1928	-78	102286	
9364	11337	-3	14574	-80	102307	18138	-86	102314	17204	-80	102321	1966	-78	102328	
9426	11345	-10	14621	-80	102349	18171	-86	102356	17172	-79	102363	1928	-78	102370	
9375	11330	-16	14583	-80	102392	18171	-86	102399	17214	-80	102406	1966	-78	102412	
9385	11342	-18	14583	-80	102434	18133	-86	102442	17176	-80	102449	1966	-78	102456	
9338	11325	19	14546	-81	102476	18133	-86	102483	17214	-80	102490	1966	-78	102496	
9394	11372	-23	14621	-80	102516	18133	-86	102523	17214	-80	102530	1966	-78	102537	
9366	11352	-47	14583	-80	102557	18133	-85	102564	17214	-80	102571	2004	-78	102577	
9395	11325	-33	14583	-80	102597	18171	-85	102604	17176	-80	102611	1966	-78	102617	
9430	11327	-69	14621	-81	102636	18208	-85	102643	17176	-80	102651	1966	-78	102658	
9410	11337	-96	14621	-81	102680	18208	-84	102687	17214	-80	102693	2004	-78	102702	
9390	11321	-82	14583	-80	102722	18171	-84	102729	17176	-80	102735	2004	-78	102742	
9360	11336	45	14583	-80	102764	18171	-84	102771	17251	-80	102777	1928	-78	102784	
9400	11303	-99	14583	-80	102807	18208	-84	102813	17172	-80	102820	2004	-78	102827	
9372	11370	-5	14611	-80	102849	18133	-85	102856	17242	-80	102863	1966	-78	102870	
9381	11304	-26	14574	-80	102891	18208	-85	102898	17204	-80	102905	1966	-78	102911	
9381	11351	-19	14611	-80	102932	18171	-85	102939	17242	-79	102946	1966	-78	102953	
9431	11369	-4	14649	-80	102974	18171	-85	102981	17204	-80	102988	1928	-78	102995	
9378	11351	-65	14611	-80	103016	18171	-85	103023	17242	-79	103031	2004	-78	103037	
9407	11376	-84	14649	-80	103059	18171	-85	103065	17242	-80	103072	2004	-78	103079	
9368	11357	46	14611	-80	103101	18171	-85	103107	17279	-80	103114	1928	-78	103121	
9428	11370	-54	14649	-80	103142	18171	-85	103151	17204	-80	103158	1966	-78	103164	
9352	11329	-49	14574	-80	103187	18171	-85	103194	17242	-80	103201	2004	-78	103208	
9394	11411	39	14649	-81	103228	18096	-85	103235	17242	-80	103242	1928	-78	103248	
9369	11372	-50	14611	-80	103269	18133	-86	103276	17242	-80	103283	2004	-78	103290	
9378	11351	-65	14611	-80	103312	18171	-86	103318	17242	-79	103325	2004	-78	103332	
9381	11351	-31	14611	-80	103355	18171	-86	103362	17242	-80	103369	1975	-78	103376	
9352	11348	100	14574	-80	103397	18133	-86	103404	17242	-80	103410	1900	-78	103417	
9378	11369	74	14611	-80	103439	18133	-86	103446	17242	-80	103453	1900	-78	103460	
9371	11369	-15	14611	-80	103479	18133	-86	103486	17242	-80	103492	1975	-78	103499	
9371	11369	-15	14611	-80	103520	18133	-85	103527	17242	-80	103533	1975	-78	103540	
9348	11348	46	14574	-80	103562	18133	-86	103569	17242	-80	103576	1938	-78	103583	
9407	11375	-45	14649	-80	103602	18171	-86	103609	17242	-80	103616	1975	-78	103622	
9393	11366	-32	14611	-80	103642	18133	-86	103649	17204	-80	103655	1975	-78	103662	
9427	11369	-65	14649	-80	103683	18171	-85	103690	17204	-80	103696	1975	-78	103703	
9420	11386	-8	14649	-80	103725	18133	-85	103731	17204	-80	103738	1938	-78	103745	
9402	11366	2	14649	-80	103767	18208	-85	103773	17279	-80	103780	1938	-78	103787	
9341	11366	66	14574	-80	103807	18096	-86	103814	17242	-80	103821	1938	-78	103828	
9384	11384	-22	14611	-80	103850	18096	-86	103857	17204	-80	103863	1975	-78	103870	
9337	11359	64	14583	-80	103892	18133	-86	103899	17279	-80	103905	1938	-78	103912	
Err	Err	Err	14621	-80	103933	18133	-86	103940	17204	-80	103946	1938	-78	103912	
9319	11334	183	14546	-80	103975	18133	-86	103981	17279	-80	103988	1863	-78	103995	
9351	11372	103	14583	-80	104016	18096	-86	104023	17242	-80	104030	1900	-78	104037	
9365	11367	-4	14583	-80	104058	18096	-86	104064	17204	-80	104071	1975	-78	104078	
9388	11309	-50	14583	-80	104100	18208	-85	104107	17204	-80	104114	1975	-78	104120	
9376	11377	-67	14621	-80	104141	18133	-86	104148	17242	-80	104155	2013	-78	104161	
9402	11372	11	14621	-80	104183	18133	-85	104190	17204	-80	104197	1938	-78	104203	
9367	11347	-67	14583	-80	104225	18133	-86	104232	17204	-80	104239	2013	-78	104245	
9348	11353	-47	14583	-81	104267	18133	-85	104273	17242	-80	104280	2013	-78	104287	
9344	11324	-2	14546	-81	104309	18133	-85	104316	17204	-80	104323	1975	-78	104330	
9405	11371	55	14621	-80	104351	18133	-85	104358	17204	-80	104365	1900	-78	104372	
9405	11371	55	14621	-80	104392	18133	-85	104398	17204	-80	104405	1900	-78	104412	
9374	11392	39	14621	-80	104432	18100	-85	104439	17242	-80	104446	1938	-78	104452	
9366	11410	46	14621	-80	104475	18063	-85	104481	17242	-79	104488	1938	-78	104495	
9355	11350	46	14583	-80	104517	18138	-85	104524	17242	-80	104530	1938	-78	104537	
9367	11303	19	14583	-80	104559	18250	-84	104566	17279	-80	104573	1938	-78	104580	
9348	11369	52	14583	-80	104600	18100	-85	104608	17242	-80	104614	1938	-78	104621	
9351	11350	-1	14583	-80	104643	18138	-85	104649	17242	-80	104658	1975	-78	104664	
9345	11372	15	14583	-80	104686	18100	-85	104692	17242	-79	104699	1975	-78	104708	
9371	11314	-33	14583	-80	104728	18213	-85	104735	17242	-80	104742	1975	-78	104748	
9380	11375	-15	14621	-80	104771	18138	-85	104777	17242	-80	104784	1975	-78	104791	
9345	11372	15	14583	-80	104811	18100	-85	104818	17242	-80	104824	1975	-78	104831	
9368	11380	91	14621	-80	104852	18138	-84	104859	17279	-80	104866	1900	-78	104873	
9351	11350	-1	14583	-80	104894	18138	-84	104901	17242	-80	104908	1975	-78	104915	
9333	11359	-20	14583	-80	104935	18138	-84	104942	17279	-80	104949	2004	-78	104957	
9366	11303	-17	14583	-80	104978	18250	-84	104984	17279	-80	104991	1966	-78	104998	
9329	11359	-66	14583	-80	105021	18138	-84	105027	17279	-80	105034	2041	-78	105041	
9355	11321	-4	14583	-80	105062	18213	-84	105069	17279	-80	105076	1966	-78	105083	
9370	11392	-49	14621	-80	105104	18100	-84	105110	17242	-79	105117	2004	-78	105124	
9363	11255	-75	14546	-80	105144	18288	-84	105151	17242	-80	105158	2004	-78	105165	
9360	11335	-51	14583	-80	105187	18175	-83	105193	17242	-80	105200	2004	-78	105207	
9384	11357	-120	14621	-80	105228	18175	-84	105237	17242	-80	105243	2041	-78	105250	
9373	11361	-10	14621	-80	105271	18175	-84	105278	17279	-80	105284	1966	-78	105291	
9361	11333	-5	14583	-80	105312	18175	-84	105319	17242	-80	105325	1966	-78	105332	
9417	11330	-57	14621	-80	105353	18213	-84	105359	17204	-79	105366	1966	-78	105373	
9393	11306	6	14583	-81	105393	18213	-84	105400	17204	-79	105407	1928	-78	105413	
9371	11346	-57	14583	-80	105434	18138	-84	105441	17204	-80	105447	2004	-78	105454	
9369	11293	16	14555	-80	105473	18208	-84	105480	17209	-79	105487	1938	-78	105493	
9381	11336	-33	14593	-80	105515	18171	-84	105522	17214	-79	105528	1975	-78	105536	
9356	11311	30	14555	-80	105558	18171	-84	105565	17214	-80	105572	1938	-78	105578	
9375	11276	2	14555	-80	105599	18246	-85	105606	17214	-80	105613	1938	-78	105620	
9390	11268	-58	14555	-80	105640	18246	-85	105647	17176	-80	105654	1975	-78	105661	
Percentuale di fallimenti nel positioning: 1.2%