Distanza: 35000.0
X [mm]	Y [mm]	Z [mm]	A0 	 RSS 	 Time 	 A1 	 RSS 	 Time 	 A2 	 RSS 	 Time 	 A3 	 RSS 	 Time 	 
18574	22549	-1489	0	0	9963521	0	0	1705985	0	0	1705985	0	0	1705985	
21902	26394	-1502	34779	-82	221491	21608	-80	221497	27105	-86	221504	19310	-81	221511	
21866	26427	-1870	34816	-81	221520	21608	-80	221527	27147	-86	221534	19348	-80	221540	
21955	26327	-1953	34779	-81	221550	21608	-80	221557	27110	-86	221563	19310	-80	221570	
21846	26358	-2152	34779	-81	221578	21646	-80	221585	27110	-86	221592	19348	-80	221599	
21721	26263	-3122	34779	-81	221608	21646	-80	221615	27072	-86	221621	19385	-80	221628	
21931	26405	-1658	34816	-81	221667	21646	-80	221644	27110	-86	221651	19310	-80	221658	
21694	26203	-3380	34779	-82	221696	21608	-80	221674	27110	-86	221681	19348	-80	221687	
22004	26336	-1628	34779	-82	221696	21646	-80	221703	27147	-85	221710	19310	-80	221717	
21950	26444	87	34741	-81	221755	21683	-81	221733	27147	-86	221740	19310	-80	221746	
21858	26167	-2902	34741	-81	221755	21646	-80	221761	27110	-86	221768	19310	-80	221775	
21790	26182	-3129	34779	-81	221784	21646	-81	221791	27147	-85	221798	19273	-81	221805	
21935	26199	-2295	34741	-82	221843	21683	-80	221821	27072	-86	221827	19310	-81	221834	
21904	26415	-1440	34779	-82	221873	21646	-80	221850	27072	-86	221857	19310	-80	221864	
21716	26256	-2951	34779	-82	221902	21571	-81	221880	27110	-86	221886	19310	-81	221893	
22001	26397	-904	34779	-82	221932	21683	-81	221909	27105	-86	221916	19348	-81	221923	
22004	26336	-1628	34779	-82	221932	21646	-80	221939	27147	-85	221946	19310	-81	221953	
21869	26208	-2585	34779	-82	221962	21646	-80	221968	27110	-86	221976	19310	-81	221983	
22050	26375	-940	34779	-82	221992	21683	-80	221998	27077	-86	222006	19310	-80	222013	
21835	26133	-3179	34816	-82	222022	21646	-80	222029	27077	-86	222036	19310	-80	222042	
21643	26190	-3264	34779	-82	222082	21608	-80	222058	27077	-86	222066	19273	-81	222073	
21643	26190	-3264	34779	-82	222112	21608	-81	222089	27077	-86	222096	19273	-81	222103	
22012	26387	-149	34779	-82	222112	21646	-80	222118	27077	-86	222125	19310	-81	222132	
22012	26387	-149	34779	-82	222141	21646	-80	222148	27077	-86	222156	19310	-81	222163	
21913	26431	-690	34779	-82	222172	21608	-80	222179	27115	-85	222186	19273	-81	222192	
21940	26341	-1631	34779	-82	222201	21646	-80	222208	27040	-86	222216	19310	-81	222223	
21940	26341	-1631	34816	-82	222262	21646	-80	222239	27040	-86	222246	19310	-81	222253	
21773	26184	-3037	34779	-82	222291	21608	-80	222269	27040	-86	222276	19310	-81	222282	
21819	26359	-2365	34779	-82	222291	21608	-80	222298	27040	-86	222306	19310	-81	222313	
21643	26190	-3264	34779	-82	222351	21608	-80	222329	27077	-86	222336	19273	-81	222342	
21827	26290	-2410	34779	-82	222351	21608	-80	222358	27077	-86	222366	19310	-81	222373	
21643	26190	-3264	34779	-83	222381	21608	-80	222388	27077	-85	222396	19273	-81	222402	
21827	26290	-2410	34779	-82	222440	21608	-80	222418	27077	-86	222425	19310	-81	222432	
21819	26359	-2365	34779	-82	222440	21608	-80	222447	27040	-86	222454	19310	-81	222461	
21936	26354	-1321	34750	-82	222500	21646	-80	222477	27077	-85	222484	19273	-81	222490	
22048	26312	-1397	34750	-82	222500	21674	-80	222507	27040	-86	222514	19310	-81	222520	
21713	26012	-3783	34713	-82	222530	21636	-80	222537	27040	-86	222543	19273	-81	222550	
21767	26310	-2301	34713	-83	222588	21636	-80	222566	27040	-85	222573	19310	-81	222579	
21812	26108	-3039	34713	-83	222588	21674	-80	222595	27040	-86	222602	19310	-81	222609	
21767	26310	-2301	34788	-82	222647	21636	-80	222624	27040	-87	222631	19310	-81	222638	
21900	26431	-1558	34750	-83	222678	21636	-80	222655	27077	-87	222662	19310	-81	222669	
21860	26130	-2843	34788	-82	222708	21636	-80	222685	27040	-86	222692	19273	-81	222699	
21900	26431	-1558	34788	-82	222708	21636	-80	222715	27077	-86	222722	19310	-81	222729	
22048	26312	-1397	34750	-83	222738	21674	-80	222745	27040	-86	222752	19310	-81	222758	
Err	Err	Err	34750	-82	222768	21636	-80	222775	27040	-87	222781	19310	-81	222758	
21906	26335	-2107	34750	-82	222797	21636	-80	222805	27040	-86	222812	19310	-80	222818	
21952	26354	-1357	34750	-82	222828	21636	-80	222834	27040	-86	222841	19348	-81	222848	
21785	26337	-2144	34713	-82	222857	21636	-80	222865	27115	-86	222872	19348	-81	222878	
21782	26219	-2878	34788	-82	222917	21636	-80	222895	27077	-86	222902	19310	-80	222908	
21763	26164	-3129	34750	-83	222946	21636	-80	222924	27040	-86	222931	19310	-81	222937	
21944	26406	-1070	34750	-83	222977	21674	-80	222954	27077	-87	222961	19310	-81	222968	
21848	26329	-1757	34713	-83	223006	21674	-80	222983	27040	-86	222990	19273	-81	222997	
21947	26248	-2247	34713	-83	223006	21646	-80	223014	27040	-86	223021	19348	-81	223028	
21839	26328	-2075	34713	-82	223036	21608	-80	223043	27040	-86	223050	19273	-81	223057	
21878	26366	-1536	34750	-82	223097	21608	-80	223073	27077	-86	223080	19348	-81	223087	
22021	26342	518	34750	-82	223097	21646	-80	223104	27040	-86	223111	19273	-81	223118	
22021	26342	518	34713	-82	223157	21646	-80	223134	27040	-86	223141	19273	-80	223147	
21860	26357	-2068	34713	-82	223157	21646	-80	223164	27040	-86	223171	19310	-80	223178	
21790	26360	-2133	34750	-83	223216	21571	-80	223194	27115	-86	223201	19310	-81	223207	
21938	26381	-1076	34750	-83	223216	21646	-80	223223	27040	-86	223230	19310	-81	223237	
21929	26345	-1832	34750	-82	223275	21608	-80	223252	27077	-87	223259	19273	-81	223265	
21853	26286	-2496	34750	-82	223306	21646	-80	223281	27002	-86	223288	19348	-81	223295	
21912	26285	-2345	34750	-82	223306	21646	-80	223314	27002	-86	223321	19310	-81	223328	
21780	26325	-2396	34750	-82	223365	21646	-80	223343	27077	-86	223350	19310	-81	223357	
22021	26342	518	34713	-82	223395	21646	-80	223372	27040	-86	223379	19273	-81	223386	
21919	26334	-1582	34713	-82	223395	21608	-80	223402	27040	-86	223409	19310	-81	223416	
21904	26331	-1566	34750	-82	223455	21608	-80	223431	27002	-86	223438	19348	-81	223445	
21896	26311	-2036	34788	-83	223485	21608	-80	223462	27002	-87	223469	19310	-81	223476	
21998	26387	145	34844	-82	223515	21608	-80	223492	27040	-86	223499	19310	-81	223505	
22019	26316	-1750	34844	-82	223515	21608	-81	223522	27077	-85	223529	19310	-81	223536	
21871	26234	-2639	34769	-82	223574	21646	-80	223551	27040	-87	223558	19348	-81	223565	
21871	26248	-2088	34769	-82	223574	21608	-80	223581	27040	-87	223588	19310	-81	223594	
21941	26248	-2289	34807	-82	223633	21683	-80	223611	27040	-86	223617	19348	-81	223624	
21843	26161	-2950	34807	-82	223633	21608	-80	223640	27077	-85	223647	19310	-81	223653	
21847	26332	-2099	34844	-83	223693	21608	-80	223670	27040	-85	223677	19310	-81	223684	
22033	26405	830	34882	-82	223723	21646	-80	223700	27077	-86	223706	19348	-81	223713	
21956	26392	-1073	34844	-82	223752	21571	-80	223729	27002	-87	223736	19310	-81	223743	
21881	26193	-2676	34844	-82	223752	21646	-80	223759	27077	-87	223766	19310	-81	223773	
21968	26452	-924	34807	-82	223812	21608	-80	223789	27040	-86	223796	19348	-81	223802	
21930	26430	-1283	34807	-82	223812	21646	-80	223819	27077	-87	223826	19273	-81	223833	
21905	26371	-1880	34844	-82	223873	21646	-80	223849	27077	-86	223856	19310	-81	223863	
21919	26226	-2597	34807	-82	223903	21646	-80	223879	27115	-86	223886	19310	-81	223893	
Err	Err	Err	34844	-82	223932	4294967295	-80	223910	27040	-86	223916	19310	-81	223923	
22008	26362	-1133	34844	-82	223932	21646	-80	223938	27002	-86	223945	19348	-81	223952	
22031	26364	854	34882	-82	223992	21608	-80	223968	27002	-86	223975	19310	-81	223982	
21881	26343	-2032	34882	-82	223992	21608	-80	223998	27040	-86	224005	19310	-81	224012	
21951	26391	-1138	34741	-83	224051	21608	-80	224027	27002	-86	224034	19310	-81	224041	
21747	26021	-3743	34779	-82	224080	21646	-80	224057	27040	-86	224064	19310	-81	224071	
21826	26333	-2434	34816	-82	224110	21608	-80	224087	27002	-86	224094	19310	-81	224101	
21744	26148	-3207	34816	-82	224110	21646	-80	224117	27002	-87	224124	19310	-81	224131	
21940	26341	-1631	34779	-82	224139	21646	-80	224146	27040	-86	224153	19310	-81	224160	
21796	26187	-2907	34779	-82	224199	21608	-80	224176	27040	-86	224183	19348	-81	224189	
22012	26387	-149	34779	-82	224199	21646	-80	224205	27077	-86	224212	19310	-81	224219	
22097	26341	296	34816	-82	224228	21683	-80	224235	27002	-86	224242	19348	-81	224248	
22033	26346	615	34779	-82	224258	21646	-80	224264	27002	-86	224271	19310	-81	224278	
21819	26359	-2365	34816	-82	224317	21608	-80	224294	27040	-86	224301	19310	-81	224308	
21835	26133	-3179	34816	-82	224317	21646	-80	224324	27077	-85	224331	19310	-81	224338	
21796	26187	-2907	34779	-82	224377	21608	-80	224353	27040	-86	224361	19348	-81	224367	
21982	26410	-1315	34779	-83	224407	21608	-80	224383	27077	-86	224391	19348	-81	224397	
21827	26290	-2410	34779	-83	224407	21608	-80	224414	27077	-86	224421	19310	-81	224428	
21913	26359	-1692	34816	-83	224436	21608	-80	224443	27002	-86	224451	19273	-81	224457	
21929	26441	-370	34779	-83	224496	21608	-80	224474	27077	-86	224481	19310	-81	224488	
21940	26341	-1631	34779	-83	224526	21646	-80	224503	27040	-86	224510	19310	-81	224516	
21990	26441	-1121	34779	-83	224526	21646	-80	224533	27077	-86	224539	19376	-81	224546	
21775	26046	-3687	34816	-82	224584	21646	-80	224562	27040	-86	224568	19339	-81	224575	
21693	26109	-3714	34816	-83	224613	21646	-80	224591	27077	-86	224598	19339	-81	224604	
21693	26109	-3714	34816	-82	224643	21646	-80	224621	27077	-86	224628	19339	-81	224634	
21909	26385	-1345	34816	-83	224674	21608	-80	224651	27040	-86	224657	19339	-81	224664	
21935	26401	-1368	34816	-83	224703	21608	-80	224681	27077	-86	224688	19339	-81	224695	
21964	26363	-1362	34816	-83	224735	21608	-80	224711	27040	-86	224718	19376	-81	224725	
21909	26385	-1345	34816	-83	224765	21608	-80	224741	27040	-87	224748	19339	-81	224755	
21873	26433	-1512	34854	-83	224794	21571	-80	224771	27002	-86	224778	19339	-81	224785	
21989	26404	-598	34779	-83	224824	21571	-80	224801	27002	-86	224808	19376	-81	224815	
21887	26335	-1624	34854	-83	224853	21608	-80	224831	27077	-86	224838	19301	-81	224844	
22040	26391	-1244	34854	-83	224853	21608	-80	224861	27040	-86	224868	19376	-81	224874	
21990	26441	-1121	34779	-82	224884	21646	-80	224891	27077	-86	224898	19376	-81	224904	
21722	26273	-2947	34816	-83	224943	21608	-80	224921	27077	-86	224928	19339	-80	224934	
21693	26109	-3714	34779	-83	224973	21646	-80	224951	27077	-86	224957	19339	-80	224964	
21973	26441	-405	34779	-83	225003	21608	-80	224980	27115	-86	224987	19376	-80	224993	
21870	26345	-2141	34788	-83	225033	21608	-80	225011	27040	-86	225017	19376	-81	225024	
21998	26387	145	34788	-83	225033	21608	-80	225040	27040	-86	225047	19310	-81	225054	
21716	26154	-3307	34713	-83	225093	21646	-80	225071	27077	-87	225077	19310	-81	225084	
21619	26083	-3805	34750	-83	225123	21608	-80	225100	27040	-86	225107	19348	-80	225114	
21627	26093	-3820	34788	-83	225152	21608	-80	225130	27002	-86	225136	19348	-81	225143	
21623	26043	-4048	34750	-82	225183	21608	-80	225160	27040	-86	225167	19348	-80	225174	
21892	26328	-2210	34750	-82	225183	21608	-80	225189	27077	-86	225196	19310	-81	225203	
21938	26381	-1076	34750	-82	225242	21646	-80	225220	27040	-86	225227	19310	-81	225234	
21997	26377	561	34750	-83	225273	21608	-80	225250	27040	-85	225257	19348	-81	225263	
21877	26343	-2129	34750	-83	225273	21571	-80	225279	27077	-86	225286	19310	-81	225293	
21780	26325	-2396	34750	-83	225330	21646	-80	225308	27077	-87	225315	19310	-81	225322	
21716	26154	-3307	34750	-83	225330	21646	-80	225337	27077	-86	225344	19310	-81	225351	
21839	26328	-2075	34713	-83	225361	21608	-80	225368	27040	-86	225375	19273	-81	225382	
22021	26342	518	34750	-83	225391	21646	-80	225398	27040	-86	225405	19273	-81	225411	
21827	26382	-2008	34788	-82	225422	21646	-80	225429	27077	-86	225436	19348	-81	225443	
21909	26363	-1765	34750	-82	225452	21608	-80	225460	27115	-85	225467	19310	-80	225473	
21907	26455	-1206	34788	-82	225512	21608	-80	225489	27077	-85	225496	19310	-81	225503	
21780	26325	-2396	34788	-82	225512	21646	-80	225519	27077	-87	225526	19310	-80	225533	
21727	26361	-2419	34779	-82	225541	21608	-80	225550	27077	-85	225557	19376	-81	225563	
21608	26029	-4145	34741	-83	225601	21646	-80	225579	27040	-86	225586	19376	-81	225593	
21810	26261	-2668	34741	-83	225601	21646	-80	225609	27077	-86	225616	19339	-81	225623	
22019	26381	-575	34816	-82	225662	21646	-80	225638	27040	-86	225645	19376	-81	225652	
21693	26109	-3714	34779	-82	225692	21646	-80	225669	27077	-86	225676	19339	-81	225683	
21727	26361	-2419	34779	-82	225692	21608	-80	225699	27077	-86	225706	19376	-80	225713	
21908	26393	-1791	34816	-82	225721	21608	-80	225728	27077	-86	225735	19376	-81	225742	
22050	26393	-1044	34779	-83	225782	21646	-80	225759	27040	-86	225766	19376	-80	225773	
21870	26345	-2141	34816	-82	225812	21608	-80	225789	27040	-87	225796	19376	-81	225802	
21938	26461	-1367	34779	-82	225842	21646	-80	225819	27077	-86	225826	19376	-81	225832	
21722	26273	-2947	34779	-82	225842	21608	-80	225848	27077	-86	225855	19339	-81	225862	
21814	26259	-2692	34779	-82	225871	21646	-80	225878	27115	-86	225885	19376	-81	225891	
21909	26385	-1345	34779	-83	225932	21608	-79	225909	27040	-86	225915	19339	-81	225922	
21793	26243	-2737	34779	-83	225932	21646	-80	225939	27077	-86	225946	19339	-81	225952	
21722	26273	-2947	34779	-82	225991	21608	-80	225968	27077	-87	225975	19339	-81	225982	
21793	26243	-2737	34816	-83	226020	21646	-80	225998	27077	-86	226004	19339	-81	226011	
22036	26391	-1419	34816	-83	226020	21646	-80	226028	27115	-86	226034	19376	-81	226041	
21876	26331	-2005	34779	-82	226050	21646	-80	226059	27077	-86	226066	19315	-81	226072	
21770	26268	-2672	34816	-83	226081	21608	-80	226088	27040	-86	226095	19278	-81	226102	
21770	26268	-2672	34816	-83	226110	21608	-80	226117	27040	-86	226124	19278	-81	226131	
21889	26408	-1390	34779	-82	226170	21608	-80	226146	27040	-86	226153	19278	-81	226160	
21862	26390	-1676	34816	-82	226200	21571	-80	226177	27077	-87	226184	19278	-81	226191	
21635	26125	-3707	34816	-82	226200	21571	-80	226206	27077	-86	226213	19315	-81	226220	
21990	26415	333	34816	-82	226230	21608	-80	226237	27115	-86	226244	19278	-81	226250	
21908	26335	-1412	34816	-82	226289	21646	-80	226267	27040	-87	226274	19278	-81	226280	
21825	26321	-2346	34816	-82	226319	21608	-80	226296	27077	-86	226303	19315	-81	226310	
22056	26375	-1084	34816	-83	226349	21646	-80	226326	27040	-86	226332	19315	-81	226339	
21825	26321	-2346	34816	-83	226349	21608	-80	226356	27077	-86	226362	19315	-81	226369	
21860	26390	-1975	34779	-82	226378	21608	-80	226385	27077	-87	226392	19315	-81	226399	
21709	26148	-3438	34854	-82	226438	21608	-80	226415	27040	-86	226422	19315	-81	226429	
21995	26426	-150	34816	-83	226468	21608	-80	226445	27077	-86	226451	19315	-81	226458	
21926	26352	-1147	34816	-83	226468	21608	-80	226475	27002	-86	226481	19278	-81	226488	
21770	26268	-2672	34816	-82	226528	21608	-80	226505	27040	-86	226512	19278	-81	226519	
21754	26249	-2741	34788	-82	226557	21608	-80	226534	27077	-86	226541	19278	-80	226548	
21859	26466	-1383	34788	-83	226587	21571	-80	226564	27077	-86	226571	19310	-81	226578	
21791	26394	-2038	34788	-83	226617	21571	-80	226594	27077	-86	226601	19348	-81	226608	
21998	26387	145	34788	-83	226617	21608	-80	226623	27040	-86	226630	19310	-81	226637	
22005	26349	-1326	34750	-82	226646	21608	-80	226653	27040	-86	226660	19310	-81	226667	
21810	26361	-2217	34750	-83	226677	21571	-80	226683	27077	-86	226690	19348	-81	226697	
22051	26400	-1095	34826	-82	226707	21646	-80	226713	27040	-86	226720	19348	-81	226727	
21791	26394	-2038	34826	-82	226765	21571	-80	226743	27077	-86	226750	19348	-81	226757	
21795	26239	-2820	34826	-82	226765	21608	-80	226772	27077	-86	226779	19310	-81	226786	
21964	26378	-1146	34750	-82	226823	21646	-80	226801	27077	-85	226808	19310	-81	226815	
21716	26154	-3307	34750	-83	226852	21646	-80	226830	27077	-86	226837	19310	-81	226844	
21822	26526	-913	34788	-83	226881	21608	-80	226859	27115	-86	226866	19348	-81	226873	
21907	26455	-1206	34713	-83	226911	21608	-80	226888	27077	-86	226895	19310	-81	226901	
21804	26168	-2788	34750	-82	226940	21608	-79	226918	27077	-86	226924	19310	-81	226931	
21878	26366	-1536	34788	-83	226971	21608	-80	226947	27077	-86	226954	19348	-81	226960	
21929	26408	-1180	34788	-83	226971	21608	-80	226977	27115	-86	226984	19310	-81	226991	
21907	26455	-1206	34788	-83	226999	21608	-80	227006	27077	-86	227013	19310	-81	227020	
21925	26443	-742	34788	-82	227029	21571	-80	227036	27115	-86	227042	19348	-81	227049	
21854	26416	-2081	34713	-83	227088	21599	-80	227066	27077	-85	227072	19348	-81	227079	
21990	26331	-1410	34788	-83	227119	21636	-80	227096	27077	-86	227102	19310	-81	227109	
21950	26373	-1175	34750	-83	227148	21636	-80	227126	27077	-85	227132	19273	-81	227139	
21843	26442	-1252	34750	-83	227148	21561	-80	227155	27077	-86	227162	19273	-81	227169	
21865	26408	-1605	34713	-83	227179	21599	-80	227185	27152	-86	227192	19348	-81	227199	
21913	26369	-1186	34750	-83	227238	21599	-80	227215	27040	-86	227222	19310	-81	227229	
21782	26219	-2878	34750	-83	227268	21636	-80	227245	27077	-86	227252	19310	-81	227259	
21882	26407	-1754	34750	-83	227299	21636	-80	227276	27115	-86	227283	19310	-81	227289	
21799	26369	-2425	34750	-83	227299	21599	-80	227306	27077	-86	227313	19348	-81	227319	
21694	26173	-3384	34750	-83	227329	21636	-80	227336	27152	-85	227342	19310	-81	227349	
11441	18427	-16217	34750	-83	227329	21636	-80	227366	27077	-86	227372	19310	-81	227379	
21854	26416	-2081	34826	-83	227393	21599	-80	227400	27077	-86	227407	19348	-81	227413	
21575	26056	-4086	34713	-83	227423	21599	-80	227430	27077	-86	227436	19348	-81	227443	
21934	26394	-1822	34788	-83	227452	21674	-80	227459	27077	-85	227466	19348	-82	227472	
22016	26387	560	34750	-83	227512	21636	-80	227489	27077	-85	227496	19348	-81	227503	
21782	26219	-2878	34750	-82	227541	21636	-80	227518	27077	-86	227526	19310	-81	227532	
21799	26369	-2425	34750	-83	227572	21599	-80	227548	27077	-85	227556	19348	-81	227562	
21768	26348	-2045	34788	-83	227600	21608	-80	227578	27077	-85	227585	19315	-81	227592	
21760	26273	-2640	34788	-83	227600	21608	-80	227607	27115	-86	227615	19278	-81	227622	
21908	26433	-862	34788	-83	227631	21571	-80	227638	27115	-86	227644	19315	-81	227651	
21990	26318	-1788	34788	-83	227691	21608	-80	227668	27077	-86	227675	19278	-81	227682	
21760	26273	-2640	34788	-82	227721	21608	-79	227698	27115	-85	227705	19278	-81	227712	
21989	26380	-792	34788	-82	227721	21646	-80	227728	27115	-86	227734	19278	-81	227741	
21797	26466	-1629	34750	-83	227750	21533	-80	227756	27115	-86	227763	19278	-81	227770	
21724	26195	-3064	34713	-83	227808	21646	-80	227786	27077	-86	227793	19278	-81	227799	
21588	26189	-3320	34750	-82	227837	21571	-80	227815	27077	-85	227822	19278	-81	227829	
21939	26322	-1862	34788	-83	227867	21608	-79	227844	27115	-86	227851	19278	-81	227857	
21965	26318	-1699	34788	-83	227898	21608	-80	227875	27077	-86	227882	19240	-81	227888	
21889	26372	-1648	34750	-83	227928	21608	-80	227905	27077	-86	227912	19278	-81	227918	
21840	26276	-2034	34750	-83	227928	21571	-80	227935	27115	-86	227941	19278	-81	227948	
21929	26348	-2030	34788	-83	227957	21608	-80	227965	27115	-85	227972	19315	-81	227978	
21961	26398	868	34826	-83	228017	21608	-80	227994	27152	-86	228001	19278	-81	228008	
21969	26267	-2157	34826	-83	228047	21683	-80	228025	27152	-85	228031	19278	-81	228038	
21769	26279	-2658	34826	-83	228047	21608	-80	228055	27115	-86	228061	19278	-81	228068	
22012	26387	-149	34779	-82	228077	21646	-80	228083	27077	-85	228090	19310	-81	228097	
21889	26183	-2809	34816	-83	228107	21683	-80	228115	27115	-85	228121	19310	-81	228128	
21929	26441	-370	34816	-82	228137	21608	-80	228144	27077	-85	228150	19310	-82	228157	
22054	26315	-1689	34816	-82	228197	21646	-80	228174	27115	-86	228181	19348	-81	228188	
21839	26542	-904	34854	-83	228227	21608	-80	228204	27115	-86	228211	19348	-81	228218	
21815	26157	-3148	34854	-83	228227	21608	-80	228233	27077	-85	228240	19273	-81	228247	
21839	26542	-904	34816	-83	228286	21608	-80	228264	27115	-85	228271	19348	-81	228277	
21863	26305	-2158	34816	-83	228286	21608	-80	228293	27152	-85	228300	19310	-82	228307	
21839	26193	-2867	34816	-82	228347	21608	-80	228324	27115	-86	228331	19310	-82	228338	
21863	26305	-2158	34779	-83	228377	21608	-80	228354	27152	-86	228361	19310	-81	228368	
21926	26459	146	34779	-83	228377	21571	-80	228384	27152	-86	228390	19310	-81	228397	
21890	26388	-1625	34854	-83	228406	21608	-80	228414	27115	-86	228421	19310	-81	228427	
21658	26247	-3327	34779	-82	228466	21571	-80	228443	27152	-85	228450	19348	-81	228457	
21954	26470	-904	34816	-83	228497	21608	-80	228474	27152	-86	228481	19348	-81	228487	
21765	26178	-3208	34816	-83	228497	21571	-80	228504	27115	-86	228510	19310	-81	228517	
21835	26133	-3179	34854	-82	228556	21646	-80	228533	27077	-86	228540	19310	-82	228547	
21976	26431	60	34750	-83	228586	21571	-80	228563	27077	-86	228570	19310	-81	228577	
21767	26268	-2734	34788	-83	228615	21608	-80	228593	27147	-85	228600	19310	-82	228607	
21884	26484	-1204	34788	-83	228615	21608	-80	228624	27143	-86	228631	19310	-82	228638	
21831	26259	-2453	34863	-82	228676	21608	-80	228654	27068	-86	228660	19310	-82	228667	
21758	26249	-2977	34863	-82	228676	21608	-80	228683	27110	-86	228689	19310	-81	228696	
21730	26252	-3011	34750	-82	228734	21571	-80	228712	27110	-86	228719	19348	-82	228725	
22011	26373	-1020	34750	-82	228734	21608	-80	228741	27147	-86	228748	19273	-81	228755	
21758	26128	-3380	34788	-82	228794	21608	-80	228771	27105	-86	228778	19310	-81	228784	
21957	26424	-595	34750	-82	228823	21608	-80	228801	27147	-85	228808	19348	-82	228814	
21947	26404	-854	34788	-82	228852	21608	-80	228830	27110	-85	228837	19348	-82	228844	
21781	26381	-2220	34826	-82	228882	21608	-80	228859	27147	-86	228866	19310	-81	228873	
21896	26238	-2771	34788	-83	228912	21646	-80	228889	27147	-86	228895	19348	-81	228902	
21813	26268	-2662	34788	-83	228912	21608	-80	228919	27180	-85	228926	19348	-81	228932	
21746	26171	-3509	34826	-83	228971	21608	-80	228949	27147	-86	228955	19348	-81	228962	
22001	26432	-1192	34826	-82	229001	21608	-80	228978	27143	-85	228984	19348	-81	228991	
21746	26171	-3509	34826	-82	229001	21608	-80	229007	27147	-85	229014	19348	-82	229022	
21974	26397	-1653	34863	-83	229060	21608	-80	229037	27147	-85	229044	19348	-82	229051	
21978	26475	-1364	34826	-83	229090	21571	-80	229066	27185	-85	229073	19385	-82	229080	
21746	26247	-3069	34826	-83	229090	21608	-80	229096	27115	-86	229103	19348	-81	229110	
21909	26363	-1765	34863	-82	229148	21608	-80	229125	27115	-85	229132	19310	-81	229139	
21826	26446	-2176	34863	-82	229177	21608	-80	229155	27190	-84	229161	19385	-81	229168	
21889	26208	-2865	34826	-82	229207	21683	-80	229184	27115	-86	229191	19385	-82	229198	
21825	26166	-3167	34826	-82	229207	21646	-80	229214	27115	-86	229221	19348	-81	229228	
21908	26408	-1950	34788	-83	229267	21683	-80	229244	27115	-85	229251	19348	-82	229258	
21904	26400	-1406	34826	-83	229297	21608	-80	229274	27115	-85	229281	19348	-81	229288	
21861	26233	-2765	34750	-83	229327	21646	-81	229304	27152	-85	229311	19348	-81	229318	
Err	Err	Err	34750	-83	229327	21646	-81	229304	27190	-86	229341	19385	-82	229348	
21746	26247	-3069	34826	-82	229356	21608	-81	229363	27115	-85	229370	19348	-82	229376	
21861	26233	-2765	34788	-83	229415	21646	-81	229392	27152	-86	229398	19348	-81	229405	
21952	26444	-691	34788	-83	229415	21683	-80	229421	27115	-86	229428	19310	-81	229435	
21904	26400	-1406	34750	-82	229473	21608	-81	229451	27115	-85	229458	19348	-81	229464	
21822	26526	-913	34788	-82	229503	21608	-81	229481	27115	-85	229487	19348	-81	229494	
21946	26480	-928	34750	-83	229533	21646	-81	229510	27152	-86	229516	19310	-82	229523	
21690	26218	-3229	34788	-82	229562	21608	-80	229540	27152	-85	229546	19310	-81	229553	
21853	26304	-2429	34760	-82	229592	21608	-80	229569	27227	-86	229576	19310	-81	229582	
21827	26475	-1574	34760	-82	229592	21608	-81	229599	27124	-85	229606	19315	-82	229613	
21975	26416	-463	34797	-82	229652	21646	-81	229629	27124	-85	229635	19315	-82	229642	
21787	26424	-1841	34797	-82	229652	21608	-80	229658	27124	-85	229665	19353	-81	229672	
21896	26441	-1757	34797	-82	229681	21646	-80	229688	27161	-85	229695	19315	-81	229701	
21732	26142	-3224	34797	-83	229741	21571	-80	229718	27086	-86	229724	19315	-82	229731	
21871	26405	-1755	34797	-83	229741	21608	-80	229747	27124	-85	229754	19315	-82	229761	
21871	26405	-1755	34835	-83	229801	21608	-80	229777	27124	-86	229784	19315	-82	229791	
21915	26245	-2157	34835	-83	229801	21608	-80	229807	27086	-86	229814	19278	-82	229821	
22073	26341	-389	34797	-83	229861	21608	-80	229837	27086	-85	229844	19315	-82	229851	
21791	26204	-2908	34835	-83	229891	21571	-80	229868	27124	-86	229874	19315	-81	229881	
21884	26417	-1213	34722	-83	229922	21571	-80	229898	27086	-85	229904	19315	-81	229911	
21733	26326	-2100	34722	-83	229922	21571	-80	229929	27049	-85	229935	19315	-82	229942	
22073	26341	-389	34797	-83	229951	21608	-80	229958	27086	-85	229965	19315	-81	229971	
21836	26221	-2812	34760	-82	229982	21608	-80	229989	27161	-85	229995	19315	-82	230002	
21965	26328	-1212	34760	-82	230042	21608	-80	230020	27086	-86	230027	19315	-82	230034	
21840	26335	-2141	34760	-82	230042	21608	-80	230049	27049	-86	230056	19278	-82	230063	
21863	26482	-1158	34760	-83	230073	21646	-80	230081	27086	-86	230088	19353	-82	230094	
21768	26208	-3043	34826	-83	230103	21613	-80	230110	27049	-85	230117	19385	-81	230124	
21984	26418	-362	34788	-83	230163	21613	-80	230140	27086	-86	230147	19348	-82	230153	
21628	26086	-3778	34788	-83	230163	21575	-80	230170	27049	-86	230177	19310	-81	230184	
21797	26374	-2323	34826	-83	230223	21575	-80	230199	27086	-86	230206	19348	-81	230213	
22027	26399	-1194	34788	-83	230253	21613	-80	230230	27086	-86	230237	19348	-82	230244	
21846	26407	-1888	34826	-83	230283	21575	-80	230260	27086	-85	230267	19310	-82	230274	
21972	26432	-848	34826	-83	230283	21575	-80	230290	27086	-85	230296	19348	-82	230303	
21817	26312	-2609	34788	-82	230342	21613	-79	230320	27124	-86	230327	19348	-81	230334	
22005	26397	-994	34826	-82	230373	21613	-80	230349	27086	-85	230356	19310	-82	230363	
21870	26267	-2297	34826	-82	230373	21613	-80	230380	27124	-85	230387	19310	-82	230393	
21695	26166	-3412	34826	-82	230402	21613	-80	230410	27049	-85	230417	19348	-81	230424	
21972	26432	-848	34826	-82	230432	21575	-80	230439	27086	-85	230446	19348	-82	230452	
21972	26432	-848	34826	-83	230463	21575	-80	230470	27086	-86	230476	19348	-81	230483	
21813	26383	-2547	34826	-82	230522	21613	-80	230499	27086	-86	230506	19385	-81	230513	
21972	26432	-848	34826	-82	230522	21575	-80	230530	27086	-86	230536	19348	-81	230543	
21972	26432	-848	34826	-83	230553	21575	-79	230560	27086	-85	230566	19348	-81	230573	
21797	26374	-2323	34816	-83	230612	21575	-80	230589	27086	-86	230596	19348	-81	230603	
21650	26181	-3612	34779	-83	230642	21608	-80	230620	27152	-85	230627	19348	-82	230634	
21982	26410	-1315	34816	-83	230673	21608	-80	230649	27077	-86	230656	19348	-81	230663	
21826	26172	-3052	34779	-83	230702	21646	-80	230679	27115	-86	230686	19273	-81	230693	
21889	26379	-2080	34779	-83	230702	21608	-79	230709	27115	-85	230716	19348	-81	230723	
21841	26211	-2824	34816	-83	230732	21608	-79	230739	27115	-85	230745	19310	-81	230752	
21927	26416	-1112	34816	-83	230792	21608	-79	230769	27077	-85	230776	19385	-81	230783	
21626	26198	-3542	34816	-83	230792	21571	-80	230799	27115	-85	230806	19348	-81	230812	
21890	26388	-1625	34779	-83	230852	21608	-79	230829	27115	-85	230836	19310	-82	230843	
21839	26193	-2867	34854	-83	230882	21608	-80	230859	27115	-85	230866	19310	-81	230873	
21928	26471	-1542	34854	-83	230882	21646	-79	230889	27152	-85	230896	19348	-81	230903	
21839	26236	-2842	34854	-83	230912	21571	-80	230919	27115	-85	230926	19385	-81	230933	
21744	26233	-3193	34816	-83	230971	21608	-79	230948	27115	-85	230955	19385	-81	230962	
21924	26499	-820	34854	-83	231001	21646	-79	230979	27190	-84	230986	19348	-81	230992	
21904	26369	-1933	34854	-83	231031	21646	-80	231008	27152	-85	231015	19385	-82	231022	
21750	26309	-2915	34854	-82	231061	21608	-80	231038	27152	-86	231044	19348	-81	231051	
21809	26186	-3228	34854	-82	231061	21608	-80	231069	27115	-86	231075	19348	-81	231082	
21750	26309	-2915	34854	-82	231091	21608	-80	231098	27152	-84	231105	19348	-82	231111	
21967	26427	-647	34835	-82	231120	21608	-80	231129	27227	-85	231136	19353	-82	231142	
21846	26262	-2618	34722	-83	231181	21608	-80	231158	27190	-85	231165	19315	-81	231171	
21941	26444	580	34797	-83	231211	21571	-80	231188	27152	-85	231195	19353	-81	231202	
21889	26232	-2631	34797	-83	231242	21646	-80	231218	27152	-85	231225	19315	-81	231232	
21871	26451	-1811	34797	-83	231271	21608	-80	231249	27115	-85	231255	19353	-81	231262	
22053	26387	-794	34760	-83	231301	21608	-80	231278	27152	-84	231285	19315	-81	231292	
21728	26190	-3260	34760	-83	231301	21571	-80	231308	27152	-84	231315	19315	-81	231322	
21728	26190	-3260	34760	-83	231331	21571	-80	231338	27152	-85	231344	19315	-81	231351	
21816	26184	-2930	34797	-83	231391	21608	-80	231368	27115	-85	231375	19315	-81	231382	
21673	26271	-3033	34760	-83	231420	21571	-80	231398	27152	-86	231405	19315	-81	231412	
21838	26427	-1812	34760	-83	231450	21571	-80	231427	27152	-85	231434	19353	-81	231441	
21636	26211	-3408	34760	-83	231479	21571	-80	231457	27190	-85	231464	19315	-82	231471	
21816	26184	-2930	34722	-83	231509	21608	-80	231487	27115	-85	231493	19315	-82	231500	
21846	26466	-1413	34760	-83	231540	21571	-80	231517	27115	-86	231523	19315	-82	231530	
21721	26173	-3361	34835	-83	231569	21608	-80	231547	27152	-85	231553	19278	-81	231560	
21998	26333	-1459	34760	-83	231599	21571	-80	231577	27152	-85	231583	19278	-81	231590	
21825	26424	-2005	34760	-83	231599	21571	-80	231605	27115	-85	231612	19353	-81	231619	
21695	26409	-2201	34788	-83	231629	21538	-80	231635	27086	-85	231642	19348	-81	231649	
21695	26409	-2201	34788	-83	231687	21538	-80	231665	27086	-85	231672	19348	-82	231678	
21695	26409	-2201	34826	-83	231717	21538	-80	231694	27086	-85	231701	19348	-82	231708	
21914	26452	-1099	34788	-83	231746	21575	-80	231723	27124	-84	231730	19348	-81	231737	
21863	26420	-1724	34826	-83	231776	21575	-80	231753	27124	-85	231760	19348	-82	231767	
21943	26466	542	34826	-83	231776	21538	-80	231783	27124	-85	231790	19348	-82	231797	
21932	26444	761	34826	-83	231836	21538	-80	231813	27086	-86	231820	19348	-81	231827	
21972	26432	-848	34826	-83	231836	21575	-80	231843	27086	-85	231850	19348	-82	231856	
21914	26452	-1099	34826	-83	231866	21575	-80	231873	27124	-86	231880	19348	-81	231887	
21887	26441	-1312	34826	-83	231896	21575	-80	231903	27086	-85	231909	19385	-82	231916	
21915	26506	671	34826	-83	231956	21538	-80	231933	27161	-85	231940	19348	-81	231947	
21755	26419	-2408	34826	-83	231956	21538	-80	231963	27124	-85	231970	19385	-81	231976	
21932	26444	761	34826	-83	231986	21538	-80	231993	27086	-86	232000	19348	-81	232006	
21695	26409	-2201	34788	-82	232045	21538	-80	232023	27086	-85	232030	19348	-81	232036	
21584	26158	-3618	34788	-82	232074	21538	-80	232052	27086	-85	232059	19310	-82	232066	
21888	26454	-828	34788	-82	232074	21500	-80	232081	27086	-85	232088	19385	-82	232095	
21943	26466	542	34826	-82	232104	21538	-80	232110	27124	-85	232117	19348	-81	232124	
21953	26456	344	34854	-83	232133	21538	-80	232140	27115	-86	232147	19315	-81	232153	
21838	26386	-2157	34854	-83	232162	21538	-80	232169	27227	-84	232176	19353	-82	232183	
21953	26456	344	34854	-82	232221	21538	-80	232199	27115	-85	232206	19315	-81	232212	
21816	26495	-1702	34854	-82	232221	21538	-80	232228	27190	-86	232235	19315	-82	232242	
21936	26488	-648	34854	-82	232281	21575	-80	232258	27152	-85	232265	19353	-81	232272	
21738	26283	-3045	34854	-82	232281	21575	-80	232288	27115	-85	232295	19353	-82	232302	
21816	26495	-1702	34854	-82	232311	21538	-80	232317	27190	-84	232324	19315	-82	232331	
21655	26249	-3241	34854	-83	232340	21575	-80	232347	27115	-86	232354	19315	-81	232361	
21801	26248	-2797	34854	-83	232369	21575	-80	232376	27152	-85	232382	19315	-81	232389	
21863	26496	-1719	34816	-83	232428	21613	-80	232405	27190	-85	232412	19353	-81	232419	
21799	26432	-2126	34816	-83	232428	21538	-80	232435	27115	-86	232442	19353	-81	232449	
21696	26392	-2596	34854	-83	232458	21500	-80	232465	27115	-86	232472	19353	-81	232478	
21967	26395	-1336	34816	-82	232518	21538	-80	232495	27077	-85	232501	19315	-81	232508	
21827	26335	-1958	34816	-82	232518	21575	-80	232525	27077	-86	232532	19278	-81	232538	
8985	16714	-16617	34854	-82	232583	21538	-80	232555	27152	-85	232562	19315	-81	232569	
21655	26249	-3241	34854	-82	232583	21575	-80	232589	27115	-85	232596	19315	-82	232603	
21883	26458	-1592	34816	-82	232611	21575	-79	232618	27152	-84	232625	19315	-82	232632	
21732	26259	-2883	34788	-83	232640	21571	-80	232647	27152	-84	232653	19348	-82	232660	
12872	19298	-15704	34788	-83	232707	21608	-80	232677	27115	-86	232685	19348	-82	232692	
21925	26443	-742	34788	-83	232738	21571	-80	232714	27115	-85	232720	19348	-82	232727	
21922	26318	-2599	34788	-83	232738	21608	-80	232745	27152	-85	232751	19423	-81	232758	
21867	26457	-1260	34826	-82	232797	21571	-80	232773	27152	-85	232780	19348	-81	232787	
21746	26247	-3069	34826	-82	232797	21608	-80	232804	27115	-85	232811	19348	-81	232818	
21785	26192	-3234	34826	-83	232859	21608	-80	232835	27152	-85	232842	19385	-81	232849	
21637	26230	-3592	34788	-82	232888	21571	-80	232865	27152	-85	232872	19385	-81	232879	
21904	26400	-1406	34788	-82	232917	21608	-80	232895	27115	-86	232901	19348	-81	232908	
22008	26463	747	34788	-82	232917	21646	-80	232925	27190	-85	232932	19385	-81	232938	
22005	26437	-1271	34826	-83	232948	21646	-80	232954	27190	-86	232961	19348	-81	232968	
21942	26393	-2170	34788	-83	232978	21646	-80	232985	27227	-84	232992	19385	-81	232998	
21846	26392	-2373	34826	-83	233038	21646	-80	233015	27152	-85	233022	19423	-81	233029	
21741	26279	-3110	34863	-83	233067	21571	-80	233045	27152	-84	233051	19423	-81	233058	
21979	26526	236	34863	-83	233097	21608	-80	233074	27227	-85	233081	19385	-81	233088	
21789	26390	-2530	34863	-83	233097	21646	-80	233104	27227	-85	233111	19348	-81	233118	
21929	26484	-1082	34826	-83	233156	21608	-80	233133	27190	-85	233140	19423	-81	233146	
22004	26433	-1019	34826	-83	233156	21613	-80	233165	27133	-85	233171	19353	-81	233178	
21840	26356	-2020	34788	-83	233217	21575	-79	233194	27058	-85	233201	19315	-81	233208	
21869	26415	-1219	34863	-83	233247	21538	-80	233224	27096	-85	233231	19278	-82	233238	
21788	26401	-1868	34863	-83	233247	21575	-80	233254	27058	-85	233261	19353	-81	233268	
21969	26434	-752	34826	-82	233277	21575	-80	233284	27096	-85	233291	19315	-82	233298	
21828	26407	-1747	34826	-83	233337	21538	-80	233314	27096	-85	233321	19315	-81	233328	
21969	26434	-752	34826	-83	233337	21575	-79	233344	27096	-85	233351	19315	-82	233358	
21923	26272	-2302	34826	-83	233397	21613	-80	233374	27096	-85	233381	19278	-81	233388	
21685	26200	-3327	34826	-83	233397	21575	-80	233403	27058	-85	233410	19315	-82	233417	
21760	26295	-2753	34788	-83	233426	21613	-79	233434	27133	-84	233441	19315	-82	233448	
21969	26434	-752	34826	-83	233487	21575	-79	233464	27096	-86	233471	19315	-81	233477	
21653	26194	-3501	34826	-83	233487	21575	-79	233494	27096	-85	233500	19353	-82	233507	
21716	26206	-3250	34788	-83	233516	21613	-80	233524	27096	-86	233531	19315	-82	233537	
21969	26434	-752	34826	-83	233576	21575	-80	233553	27096	-85	233560	19315	-82	233566	
21969	26434	-752	34826	-83	233607	21575	-80	233584	27096	-85	233590	19315	-82	233597	
21969	26434	-752	34826	-83	233636	21575	-80	233613	27096	-85	233620	19315	-82	233627	
21793	26122	-3461	34826	-83	233636	21650	-80	233643	27096	-85	233650	19315	-82	233657	
21666	26344	-2956	34854	-82	233696	21538	-80	233673	27124	-85	233680	19353	-82	233687	
21959	26436	-1193	34854	-82	233696	21538	-80	233703	27124	-85	233709	19315	-82	233716	
21766	26183	-3335	34891	-82	233756	21575	-80	233733	27124	-85	233740	19353	-82	233747	
21960	26486	436	34891	-82	233756	21538	-80	233763	27124	-85	233769	19353	-82	233776	
21741	26373	-2594	34891	-82	233786	21538	-80	233793	27161	-86	233799	19315	-83	233806	
21780	26426	-2212	34854	-83	233846	21538	-80	233823	27086	-85	233830	19315	-82	233837	
21990	26431	-986	34854	-82	233876	21575	-80	233853	27124	-85	233860	19315	-83	233867	
21691	26153	-3638	34854	-82	233905	21613	-80	233883	27124	-85	233890	19353	-82	233897	
21931	26456	-784	34816	-83	233935	21538	-80	233912	27086	-85	233919	19353	-82	233926	
21774	26420	-2386	34854	-83	233965	21538	-80	233942	27086	-85	233949	19353	-83	233956	
21766	26183	-3335	34816	-83	233996	21575	-80	233973	27124	-85	233980	19353	-82	233987	
21741	26269	-2610	34816	-83	234025	21538	-80	234002	27124	-85	234009	19278	-82	234016	
21826	26457	-2032	34854	-83	234055	21575	-80	234032	27124	-86	234038	19353	-82	234045	
21959	26436	-1193	34854	-83	234055	21538	-80	234062	27124	-85	234068	19315	-82	234075	
21965	26447	716	34854	-83	234084	21575	-81	234091	27086	-85	234098	19353	-82	234105	
21917	26470	958	34854	-83	234144	21500	-80	234121	27124	-86	234128	19353	-82	234134	
21990	26431	-986	34854	-83	234144	21575	-80	234151	27124	-85	234158	19315	-82	234165	
21806	26179	-2960	34760	-83	234204	21575	-80	234181	27086	-85	234188	19315	-82	234195	
21834	26394	-2055	34760	-83	234204	21575	-80	234212	27086	-86	234219	19353	-82	234226	
21833	26468	-1764	34760	-83	234264	21575	-80	234242	27086	-85	234249	19353	-82	234255	
21605	26206	-3532	34835	-83	234293	21538	-80	234271	27086	-86	234277	19353	-81	234284	
21937	26477	-1197	34797	-83	234323	21538	-80	234299	27124	-85	234306	19353	-82	234313	
21676	26331	-2796	34797	-83	234323	21538	-80	234330	27124	-86	234337	19315	-83	234344	
21715	26390	-2323	34760	-83	234353	21575	-80	234359	27124	-85	234366	19353	-82	234373	
21834	26445	-1746	34760	-83	234382	21538	-80	234389	27124	-85	234395	19353	-81	234402	
21634	26065	-3912	34760	-83	234411	21538	-80	234418	27086	-85	234424	19315	-81	234431	
21812	26458	-1755	34797	-83	234470	21538	-80	234447	27161	-85	234454	19315	-82	234461	
21839	26473	-1800	34797	-83	234470	21575	-80	234477	27161	-85	234484	19353	-82	234491	
21741	26134	-3383	34760	-83	234531	21613	-80	234507	27124	-84	234514	19315	-82	234521	
21956	26452	735	34760	-83	234560	21575	-80	234537	27161	-84	234544	19353	-82	234551	
Err	Err	Err	34797	-83	234589	21575	-80	234537	27086	-85	234574	19353	-81	234581	
21941	26446	-297	34797	-83	234589	21575	-80	234596	27124	-85	234603	19315	-82	234609	
21837	26407	-2139	34760	-83	234619	21613	-80	234625	27086	-85	234632	19353	-82	234639	
21966	26458	-1143	34854	-83	234678	21575	-80	234655	27124	-86	234662	19353	-82	234669	
21996	26402	-431	34854	-83	234707	21571	-80	234685	27152	-85	234691	19353	-82	234698	
21873	26486	-1328	34854	-83	234707	21571	-80	234714	27152	-84	234721	19278	-81	234727	
21897	26473	-1255	34816	-83	234766	21571	-80	234743	27115	-85	234750	19315	-81	234757	
21714	26254	-3031	34891	-83	234794	21571	-80	234772	27115	-85	234779	19353	-81	234786	
21741	26396	-2607	34891	-83	234794	21571	-80	234801	27152	-85	234808	19353	-82	234815	
21895	26517	858	34891	-83	234853	21571	-80	234830	27190	-85	234837	19353	-82	234844	
21907	26521	-1338	34891	-83	234853	21608	-80	234860	27152	-85	234867	19353	-81	234873	
21935	26450	-1559	34854	-83	234912	21646	-80	234889	27152	-86	234896	19315	-82	234902	
21808	26302	-2605	34854	-83	234941	21608	-80	234919	27115	-85	234925	19315	-81	234932	
21832	26350	-2317	34816	-83	234971	21608	-80	234948	27152	-85	234955	19315	-82	234962	
21886	26463	-1595	34854	-83	235000	21608	-80	234978	27152	-85	234984	19315	-82	234991	
22010	26431	464	34854	-83	235000	21646	-80	235007	27115	-85	235014	19315	-82	235020	
21909	26291	-2277	34854	-83	235030	21646	-80	235037	27152	-86	235043	19353	-81	235050	
21766	26158	-3518	34816	-83	235060	21646	-81	235066	27152	-85	235073	19353	-81	235080	
21859	26585	-343	34891	-83	235119	21608	-80	235097	27190	-85	235103	19353	-82	235110	
21911	26629	493	34854	-82	235149	21608	-80	235126	27190	-85	235132	19353	-82	235140	
21938	26499	-655	34826	-83	235178	21608	-80	235155	27152	-86	235162	19353	-82	235170	
21914	26452	-1099	34863	-83	235208	21575	-80	235185	27124	-85	235192	19348	-82	235199	
21899	26494	-1729	34788	-83	235237	21613	-80	235214	27124	-85	235221	19385	-82	235228	
21814	26263	-2722	34826	-82	235266	21613	-80	235244	27161	-86	235251	19385	-82	235257	
21658	26226	-3550	34826	-82	235295	21575	-80	235273	27124	-84	235280	19385	-82	235287	
21755	26419	-2408	34863	-82	235325	21538	-80	235302	27124	-85	235309	19385	-82	235316	
21975	26462	696	34863	-82	235356	21575	-80	235332	27086	-86	235340	19385	-81	235347	
21909	26532	-1106	34863	-82	235386	21613	-80	235363	27161	-84	235370	19385	-82	235377	
21832	26237	-3108	34863	-82	235386	21613	-80	235393	27161	-85	235399	19423	-81	235406	
21658	26226	-3550	34826	-83	235415	21575	-80	235422	27124	-86	235430	19385	-81	235437	
21899	26494	-1729	34863	-83	235445	21613	-80	235452	27124	-86	235459	19385	-81	235466	
21839	26531	-1599	34826	-82	235506	21575	-80	235482	27199	-84	235490	19348	-81	235497	
21654	26164	-3686	34826	-82	235535	21613	-80	235513	27086	-86	235520	19385	-82	235527	
21983	26349	-1879	34863	-82	235564	21613	-80	235542	27124	-85	235549	19385	-81	235556	
21857	26503	-1700	34863	-82	235564	21575	-80	235571	27161	-84	235578	19348	-82	235584	
21720	26191	-3613	34863	-82	235594	21575	-80	235601	27161	-85	235607	19385	-81	235614	
21899	26494	-1729	34863	-82	235623	21613	-80	235630	27124	-85	235637	19385	-81	235643	
21658	26226	-3550	34826	-83	235653	21575	-80	235659	27124	-85	235666	19385	-82	235673	
21934	26507	-1253	34826	-83	235712	21585	-80	235690	27152	-85	235696	19423	-82	235703	
21811	26614	-647	34826	-83	235712	21585	-80	235719	27190	-85	235726	19385	-81	235733	
21733	26241	-3355	34788	-83	235772	21547	-80	235748	27190	-85	235755	19385	-82	235762	
21745	26262	-3017	34863	-82	235802	21547	-80	235779	27190	-85	235786	19385	-81	235793	
21888	26542	-224	34863	-82	235831	21547	-80	235809	27152	-85	235816	19385	-81	235822	
21935	26542	-1374	34826	-82	235861	21585	-80	235839	27190	-86	235846	19423	-82	235853	
21767	26205	-3337	34863	-83	235891	21585	-80	235869	27152	-85	235876	19385	-81	235883	
21842	26477	-1770	34788	-82	235922	21585	-80	235898	27190	-85	235905	19348	-81	235912	
21634	26312	-3386	34788	-82	235922	21585	-80	235929	27190	-85	235936	19423	-81	235943	
21780	26435	-2655	34826	-82	235981	21585	-79	235958	27152	-85	235965	19423	-81	235972	
21902	26412	-1980	34826	-82	235981	21585	-80	235989	27115	-85	235996	19348	-81	236003	
21551	26205	-3817	34826	-83	236011	21547	-80	236019	27152	-85	236026	19385	-81	236033	
21865	26512	-1539	34901	-82	236070	21585	-80	236048	27115	-86	236055	19385	-81	236062	
21905	26534	-1145	34901	-82	236070	21585	-80	236079	27190	-85	236085	19423	-81	236092	
21959	26479	1162	34863	-83	236132	21547	-80	236109	27190	-86	236115	19348	-81	236122	
21948	26483	-348	34863	-83	236132	21547	-80	236138	27115	-86	236145	19385	-81	236152	
21551	26252	-3698	34891	-82	236191	21547	-80	236169	27190	-85	236175	19385	-81	236182	
21748	26163	-3622	34854	-83	236221	21575	-80	236198	27124	-86	236205	19390	-81	236211	
21876	26287	-2643	34854	-83	236221	21650	-80	236229	27199	-84	236235	19353	-81	236242	
21691	26153	-3638	34854	-83	236251	21613	-80	236258	27124	-86	236265	19353	-81	236271	
21908	26513	-1131	34816	-83	236311	21575	-80	236288	27199	-85	236295	19353	-81	236302	
21871	26447	-1613	34854	-82	236341	21575	-80	236318	27124	-86	236325	19315	-81	236332	
21864	26500	-1793	34854	-82	236341	21575	-80	236348	27124	-85	236355	19390	-81	236361	
Percentuale di fallimenti nel positioning: 0.8%