Distanza: 40000.0
X [mm]	Y [mm]	Z [mm]	A0 	 RSS 	 Time 	 A1 	 RSS 	 Time 	 A2 	 RSS 	 Time 	 A3 	 RSS 	 Time 	 
21715	26220	-3343	0	0	9963521	0	0	1705985	0	0	1705985	0	0	1705985	
25215	30052	-416	39582	-94	252822	24873	-82	252829	31092	-85	252836	24207	-84	252842	
24861	30133	-2696	39582	-95	252852	24835	-82	252858	31017	-85	252865	24207	-84	252872	
24651	29781	-4887	39506	-94	252910	24798	-82	252887	31054	-85	252894	24169	-84	252901	
24865	30056	-2498	39582	-95	252941	24835	-82	252917	31054	-85	252924	24207	-84	252931	
24631	29742	-5075	39582	-95	252941	24873	-82	252947	30979	-85	252955	24244	-84	252961	
24994	29896	-3383	39506	-93	252970	24873	-82	252977	31054	-85	252983	24207	-84	252990	
Err	Err	Err	39506	-94	253029	24873	-82	252977	31017	-86	253014	24207	-84	253021	
24865	30056	-2498	39506	-94	253059	24835	-82	253036	31054	-85	253043	24207	-84	253049	
24490	29589	-5950	39506	-94	253059	24835	-82	253066	31054	-85	253073	24282	-83	253080	
24839	30209	-1841	39469	-95	253117	24873	-82	253095	31017	-85	253102	24207	-84	253109	
24898	30155	-2104	39469	-95	253117	24873	-82	253124	31054	-85	253131	24244	-83	253138	
24639	29652	-5324	39544	-92	253177	24835	-82	253155	31054	-85	253161	24244	-83	253168	
24683	29628	-5364	39544	-92	253207	24910	-82	253184	31017	-85	253191	24244	-84	253198	
24772	29682	-4896	39544	-92	253207	24873	-82	253214	31017	-85	253221	24207	-84	253228	
25219	30018	-1115	39544	-94	253266	24873	-82	253244	31017	-85	253250	24244	-85	253257	
Err	Err	Err	39582	-92	253295	24873	-82	253273	31017	-85	253250	24207	-84	253287	
24713	29716	-5045	39610	-97	253325	24835	-82	253302	31054	-85	253309	24244	-84	253316	
25004	30190	-1824	39610	-97	253325	24938	-82	253332	31050	-85	253339	24216	-84	253346	
24803	29776	-4566	39610	-94	253386	24863	-82	253362	31045	-85	253369	24216	-84	253376	
24792	29928	-3787	39610	-92	253415	24863	-82	253393	31012	-85	253399	24178	-84	253406	
24867	29861	-4111	39610	-92	253415	24901	-82	253422	31125	-84	253429	24216	-84	253436	
Err	Err	Err	39572	-94	253446	24901	-82	253422	31045	-86	253460	24178	-84	253467	
24681	29765	-4783	39610	-95	253475	24901	-82	253482	31083	-85	253489	24141	-84	253495	
24486	29633	-5787	39572	-97	253505	24863	-82	253512	31087	-85	253518	24216	-84	253525	
24825	30069	-3459	39535	-94	253565	24901	-82	253542	31087	-85	253548	24253	-84	253555	
24579	29677	-5468	39610	-92	253595	24938	-82	253571	31120	-85	253578	24216	-83	253585	
24782	29778	-4598	39610	-92	253595	24901	-82	253601	31087	-85	253608	24253	-83	253615	
24756	29753	-4615	39572	-94	253625	24901	-83	253631	31050	-85	253638	24253	-83	253645	
25029	30091	-1966	39610	-94	253654	24901	-82	253661	31087	-85	253668	24216	-83	253675	
24578	29691	-5496	39610	-95	253685	24863	-82	253692	31087	-85	253698	24216	-84	253705	
24967	30190	-1709	39610	-94	253745	24901	-82	253721	31050	-85	253728	24216	-84	253735	
24620	29687	-5393	39535	-93	253775	24938	-82	253752	31087	-85	253759	24216	-84	253766	
25029	30163	-670	39647	-95	253805	24863	-82	253782	31087	-85	253789	24216	-84	253796	
24789	29921	-3780	39647	-95	253805	24938	-82	253813	31087	-85	253819	24141	-85	253826	
24888	29990	-3494	39544	-96	253835	24938	-82	253842	31012	-85	253849	24244	-84	253855	
24989	29982	-2497	39582	-94	253895	24863	-82	253872	31050	-85	253879	24131	-85	253885	
24799	29757	-4434	39582	-94	253895	24901	-82	253902	31045	-85	253909	24207	-85	253915	
25118	30007	-2678	39619	-94	253925	24938	-82	253932	31125	-85	253939	24207	-84	253946	
24851	29726	-4683	39619	-94	253955	24938	-82	253963	31050	-85	253969	24244	-84	253976	
24967	30162	-2461	39657	-96	253985	24901	-82	253993	31050	-85	253999	24207	-85	254006	
24572	29699	-5462	39619	-94	254016	24863	-82	254023	31087	-85	254030	24207	-85	254036	
24786	29776	-4561	39582	-96	254045	24863	-82	254053	31087	-85	254059	24207	-84	254066	
25000	29987	-3108	39619	-94	254105	24901	-82	254083	31050	-85	254089	24244	-84	254096	
24833	29781	-4485	39619	-96	254136	24863	-83	254113	31050	-85	254120	24207	-85	254126	
24856	29816	-4202	39619	-96	254136	24901	-82	254143	31087	-84	254149	24207	-83	254156	
24874	29867	-4122	39657	-96	254196	24901	-82	254173	31087	-84	254180	24244	-83	254187	
24732	29706	-5176	39582	-93	254225	24938	-82	254203	31050	-85	254210	24244	-84	254216	
24681	29664	-5320	39582	-93	254225	24901	-82	254232	31045	-85	254239	24244	-85	254245	
24959	30086	-2336	39619	-94	254255	24901	-83	254263	31045	-85	254270	24244	-84	254276	
24572	29699	-5462	39619	-93	254287	24863	-82	254293	31087	-84	254300	24207	-84	254307	
25003	30250	-1717	39657	-92	254316	24938	-82	254323	31120	-84	254330	24207	-84	254337	
24797	29818	-4430	39582	-94	254346	24901	-83	254353	31083	-84	254360	24216	-84	254366	
24699	30000	-3740	39582	-95	254376	24901	-83	254382	31120	-84	254389	24141	-84	254396	
24786	29776	-4612	39582	-98	254405	24863	-82	254413	31087	-85	254419	24216	-84	254426	
25031	29977	-2995	39544	-94	254435	24976	-82	254442	31087	-84	254449	24178	-84	254456	
24899	29858	-3851	39544	-92	254496	24938	-83	254473	31125	-84	254479	24178	-84	254486	
Err	Err	Err	39544	-92	254525	24938	-83	254473	31087	-85	254510	24178	-85	254517	
24832	29750	-4360	39582	-93	254555	24901	-83	254532	31050	-84	254539	24178	-84	254546	
24603	29690	-5424	39582	-93	254555	24901	-82	254562	31087	-84	254569	24216	-83	254576	
24935	30049	-2401	39582	-93	254615	24901	-82	254592	31045	-84	254598	24216	-83	254605	
24730	29818	-4488	39582	-93	254615	24938	-83	254622	31125	-84	254629	24141	-84	254636	
24602	29677	-5359	39619	-95	254645	24863	-82	254652	31045	-85	254659	24178	-84	254666	
24636	29775	-4992	39544	-94	254675	24901	-82	254681	31125	-84	254688	24178	-85	254695	
25034	30146	-811	39582	-97	254704	24863	-82	254712	31050	-85	254719	24178	-85	254725	
24890	29805	-4262	39582	-94	254735	24938	-83	254741	31087	-84	254748	24216	-84	254755	
24944	29931	-3138	39544	-95	254764	24901	-82	254772	31087	-85	254779	24178	-84	254786	
24865	29846	-3697	39582	-95	254825	24901	-82	254802	31050	-85	254808	24141	-84	254815	
24714	29861	-4292	39582	-95	254825	24901	-82	254831	31050	-85	254838	24178	-85	254845	
24941	30141	-2025	39582	-95	254854	24901	-82	254862	31083	-85	254869	24207	-84	254875	
24644	29789	-4769	39657	-94	254915	24901	-82	254892	31012	-85	254899	24207	-85	254906	
24870	29723	-4572	39732	-95	254945	24901	-82	254922	31012	-85	254928	24207	-84	254935	
24868	29791	-4222	39732	-95	254945	24863	-82	254952	31008	-85	254958	24207	-85	254965	
24572	29699	-5462	39619	-94	255004	24863	-82	254981	31087	-84	254988	24207	-84	254995	
24856	29816	-4202	39657	-94	255034	24901	-82	255011	31087	-85	255018	24207	-84	255025	
24830	29744	-4693	39657	-94	255034	24901	-82	255041	31050	-85	255048	24244	-84	255055	
24815	29761	-4690	39694	-95	255064	24863	-82	255071	31050	-85	255078	24244	-83	255085	
24913	29854	-4007	39694	-94	255094	24901	-82	255101	31087	-84	255108	24207	-83	255115	
24967	30162	-2461	39657	-95	255124	24901	-82	255131	31050	-84	255137	24207	-83	255144	
24923	30259	-2058	39582	-94	255185	24901	-82	255161	31125	-83	255168	24244	-83	255175	
24969	30079	-2374	39619	-93	255215	24938	-82	255192	31050	-84	255199	24244	-84	255205	
24784	29803	-4650	39544	-94	255245	24901	-82	255222	31083	-85	255229	24244	-83	255236	
24890	30217	-2264	39544	-95	255275	24863	-82	255251	31083	-84	255258	24244	-83	255265	
24682	29697	-5113	39544	-95	255275	24863	-82	255282	31050	-84	255288	24244	-84	255295	
24703	29694	-5127	39506	-94	255305	24863	-82	255311	31050	-85	255318	24244	-84	255325	
24680	29925	-3986	39469	-93	255334	24863	-82	255341	31045	-85	255348	24169	-84	255355	
25043	30033	-2046	67799	-92	255395	24901	-82	255371	31017	-85	255378	24244	-84	255385	
25002	29997	829	67799	-92	255395	24976	-82	255402	31017	-85	255408	24244	-84	255415	
25088	30146	-171	39657	-92	255456	24901	-82	255433	31054	-85	255440	24207	-84	255447	
24943	30225	-1846	39582	-93	255486	24863	-82	255463	31017	-85	255470	24207	-84	255476	
24877	30119	-2997	39582	-93	255486	24863	-82	255493	31054	-85	255500	24244	-84	255506	
24527	29625	-5708	39582	-94	255546	24863	-82	255523	31054	-84	255530	24207	-83	255536	
24527	29625	-5708	39582	-94	255546	24863	-82	255552	31054	-85	255560	24207	-83	255567	
24844	29925	-3376	39544	-95	255605	24863	-82	255583	31017	-83	255589	24169	-84	255596	
24534	29529	-6026	39544	-93	255634	24901	-82	255612	31017	-85	255618	24244	-84	255625	
25084	30046	-2209	39582	-92	255665	24901	-82	255641	30979	-85	255648	24244	-83	255654	
25043	30033	-2046	39582	-93	255695	24901	-82	255672	31017	-85	255679	24244	-84	255686	
24900	29848	-3808	39544	-92	255725	24901	-82	255702	31054	-85	255709	24244	-83	255716	
24534	29529	-6026	39544	-92	255725	24901	-82	255732	31017	-85	255739	24244	-84	255746	
24840	29867	-3932	39619	-92	255784	24901	-82	255761	31092	-85	255768	24207	-83	255775	
24618	29784	-4934	39619	-92	255784	24863	-82	255791	31054	-84	255798	24207	-83	255804	
24612	29629	-5519	39582	-96	255842	24863	-82	255819	31054	-85	255826	24282	-83	255833	
25043	30033	-2046	39582	-96	255842	24901	-82	255849	31017	-84	255856	24244	-83	255862	
24909	29811	-4079	39619	-97	255902	24938	-82	255879	31054	-85	255886	24216	-83	255893	
25043	30035	-2239	39544	-93	255931	24901	-82	255909	31017	-85	255915	24253	-83	255922	
24968	30088	-2201	39469	-96	255962	24938	-82	255939	31054	-85	255945	24216	-83	255952	
24960	30030	-2533	39469	-96	255962	24901	-82	255969	31017	-85	255976	24216	-83	255982	
24537	29604	-5620	39506	-95	255991	24901	-82	255998	31054	-85	256004	24178	-83	256011	
24922	30198	-2119	39544	-93	256021	24863	-82	256027	31054	-84	256034	24253	-83	256041	
24960	30088	-2504	39506	-95	256081	24938	-82	256058	31017	-84	256065	24216	-84	256072	
24708	29715	-4809	39544	-95	256111	24863	-82	256088	31054	-85	256095	24178	-84	256102	
25015	30107	-1480	39544	-95	256111	24863	-82	256118	31017	-85	256125	24216	-83	256131	
25074	30085	-851	39469	-96	256141	24938	-82	256148	31054	-85	256155	24178	-83	256161	
24864	30001	-3783	39582	-96	256200	24938	-82	256178	31017	-85	256185	24291	-83	256191	
24523	29546	-5946	39582	-95	256229	24901	-82	256207	31017	-85	256213	24216	-83	256220	
24681	29703	-5157	39582	-93	256260	24863	-82	256236	31054	-85	256243	24253	-83	256250	
24523	29546	-5946	39619	-96	256289	24901	-82	256266	31017	-85	256273	24216	-83	256280	
24969	30108	-1965	39619	-96	256289	24901	-82	256296	31054	-85	256303	24178	-83	256310	
24637	29711	-5168	39582	-92	256349	24863	-82	256326	31054	-85	256333	24178	-83	256340	
24693	29837	-4532	39553	-93	256378	24901	-82	256356	31054	-85	256363	24216	-84	256369	
24672	29744	-4952	39553	-93	256378	24873	-82	256385	31087	-85	256392	24178	-84	256399	
24533	29693	-5422	39516	-92	256437	24835	-82	256415	31087	-84	256421	24178	-84	256428	
24480	29709	-5523	39516	-92	256437	24835	-82	256444	31045	-85	256451	24253	-83	256458	
24570	29624	-5634	39553	-93	256467	24873	-82	256473	31050	-85	256480	24216	-84	256487	
24769	29823	-4370	39553	-93	256496	24873	-82	256503	31125	-84	256510	24216	-84	256516	
24857	29971	-3223	39591	-93	256526	24835	-82	256533	31087	-85	256540	24216	-84	256546	
24798	29811	-4448	39628	-93	256585	24873	-82	256562	31050	-85	256569	24178	-84	256576	
24923	30118	-2729	39553	-93	256615	24873	-82	256592	31050	-84	256599	24216	-85	256605	
24545	29785	-5009	39553	-93	256615	24835	-82	256622	31050	-85	256628	24216	-85	256635	
24492	29635	-5776	39516	-96	256644	24873	-82	256651	31087	-85	256658	24216	-84	256664	
25034	29972	-2853	39591	-93	256673	24873	-82	256680	31087	-85	256687	24141	-84	256694	
24864	30043	-3254	39478	-94	256703	24910	-82	256709	31087	-85	256716	24178	-84	256723	
24645	29672	-5323	39478	-94	256761	24910	-82	256738	31083	-85	256745	24253	-84	256752	
24563	29604	-5572	39478	-94	256761	24835	-82	256768	31045	-85	256775	24253	-83	256781	
24621	29652	-5374	39628	-94	256820	24835	-82	256797	31045	-85	256804	24253	-83	256811	
24612	29653	-5529	39628	-94	256820	24910	-82	256828	31050	-85	256835	24216	-84	256841	
24749	29748	-4706	39628	-97	256880	24873	-82	256858	31083	-85	256864	24216	-84	256871	
25057	30172	-1374	39553	-93	256910	24938	-82	256887	31120	-84	256894	24216	-84	256901	
24801	29771	-4485	39666	-96	256941	24901	-82	256918	31087	-84	256924	24216	-85	256931	
24692	29797	-4972	39628	-95	256970	24901	-82	256947	31125	-85	256954	24216	-84	256961	
24676	29800	-4707	39703	-94	257000	24901	-82	256978	31050	-85	256985	24216	-84	256991	
24888	29886	-3990	39703	-94	257000	24901	-82	257008	31120	-84	257014	24216	-85	257021	
24782	29819	-4663	39666	-96	257031	24863	-82	257037	31083	-85	257044	24291	-84	257051	
24689	29805	-4959	39703	-96	257060	24901	-83	257067	31125	-85	257074	24216	-85	257081	
24967	30243	-1512	39628	-93	257090	24863	-82	257097	31087	-84	257104	24178	-84	257110	
24992	30239	-1459	39666	-96	257151	24901	-81	257127	31087	-84	257134	24141	-85	257141	
24794	29817	-4530	39666	-96	257151	24938	-82	257157	31087	-85	257164	24178	-84	257171	
24941	29845	-3838	39591	-95	257180	24938	-82	257187	31087	-85	257194	24178	-84	257200	
24796	29952	-3891	39666	-96	257239	24938	-82	257217	31087	-85	257224	24216	-84	257231	
24638	29763	-5166	39666	-95	257269	24901	-82	257246	31120	-84	257253	24216	-85	257260	
Err	Err	Err	39591	-96	257299	24901	-82	257246	31050	-85	257284	24178	-83	257291	
24982	29982	-2938	39628	-93	257330	24938	-83	257307	31125	-85	257314	24178	-84	257321	
24866	29859	-4133	39628	-93	257330	24901	-82	257336	31125	-84	257343	24216	-84	257350	
24649	29732	-5345	39628	-96	257360	24938	-83	257368	31125	-85	257374	24253	-84	257381	
24651	29931	-4671	39732	-96	257419	24873	-82	257397	31125	-84	257404	24282	-83	257410	
24659	29762	-5136	39732	-96	257419	24873	-82	257427	31087	-85	257434	24207	-84	257440	
24965	30116	-2854	39694	-92	257449	24835	-82	257457	31087	-85	257463	24282	-84	257470	
24874	29824	-4310	39694	-94	257509	24910	-82	257486	31087	-85	257492	24244	-84	257499	
24638	29721	-5464	39657	-95	257539	24873	-82	257516	31087	-85	257523	24282	-84	257530	
24898	29917	-3892	39694	-95	257569	24910	-82	257546	31120	-84	257552	24244	-84	257559	
24984	30267	-1793	39694	-94	257600	24910	-83	257576	31083	-85	257583	24244	-84	257590	
24830	29918	-4083	39694	-96	257629	24835	-83	257607	31125	-84	257613	24282	-84	257620	
24924	30189	-1877	39694	-93	257659	24835	-82	257636	31087	-85	257643	24207	-83	257650	
24843	29908	-3869	39619	-94	257689	24910	-82	257666	31045	-85	257673	24244	-84	257680	
24565	29863	-5030	39619	-94	257689	24835	-82	257696	31120	-84	257702	24282	-84	257709	
24651	29931	-4671	39657	-96	257718	24873	-82	257726	31125	-84	257733	24282	-83	257740	
24597	29641	-5731	39657	-94	257748	24873	-82	257756	31045	-86	257763	24282	-83	257770	
24937	30217	-2269	39582	-92	257809	24910	-82	257785	31045	-85	257792	24282	-83	257799	
24515	29790	-5296	39582	-92	257809	24835	-82	257816	31087	-85	257823	24282	-84	257829	
24905	30178	-2249	39544	-95	257869	24873	-82	257845	31050	-85	257852	24282	-83	257858	
Err	Err	Err	39544	-95	257869	24873	-82	257845	31087	-85	257883	24244	-83	257890	
24632	29706	-5102	39544	-94	257928	24901	-82	257906	31050	-85	257912	24216	-84	257919	
24953	30031	-2860	39582	-98	257957	24863	-82	257935	31050	-85	257941	24216	-83	257948	
24751	29704	-4899	39582	-95	257988	24901	-82	257966	31050	-85	257972	24253	-83	257979	
24723	29677	-5212	39582	-93	258018	24938	-82	257995	31050	-86	258002	24253	-83	258009	
24690	29707	-5267	39544	-96	258048	24938	-83	258025	31083	-85	258032	24253	-84	258039	
24773	29962	-3968	39544	-96	258048	24938	-82	258055	31087	-85	258062	24253	-83	258069	
24694	29737	-5195	39582	-95	258107	24901	-82	258084	31083	-85	258091	24253	-83	258098	
24835	29747	-4589	39582	-95	258107	24901	-82	258116	31050	-85	258122	24216	-84	258129	
24870	29748	-4462	39619	-96	258138	24938	-82	258145	31050	-85	258152	24216	-83	258159	
24789	29682	-4959	39582	-95	258198	24938	-82	258175	31045	-85	258182	24253	-83	258189	
24725	29781	-4607	39582	-95	258198	24863	-83	258205	31083	-85	258212	24216	-84	258218	
24832	29714	-4610	39544	-93	258257	24938	-82	258235	31050	-85	258241	24216	-83	258248	
24700	29982	-3876	39544	-93	258257	24901	-82	258264	31012	-86	258271	24253	-83	258278	
Err	Err	Err	39506	-95	258315	24901	-82	258293	31083	-85	258300	4294967295	-83	258307	
24682	29752	-4806	39506	-95	258315	24901	-82	258322	31087	-84	258329	24253	-83	258336	
24531	29629	-5708	39544	-93	258345	24901	-82	258352	31087	-85	258359	24216	-83	258366	
24486	29541	-6096	39506	-92	258375	24901	-82	258382	31045	-86	258389	24253	-83	258395	
24871	30037	-2800	39553	-96	258436	24863	-82	258412	31050	-85	258418	24253	-83	258425	
24445	29530	-6232	39553	-96	258436	24863	-82	258442	31045	-85	258449	24253	-83	258456	
25073	30143	-339	39478	-96	258495	24901	-82	258472	31087	-84	258478	24253	-82	258485	
24425	29517	-6259	39553	-93	258525	24863	-82	258502	31050	-85	258508	24253	-83	258515	
24845	30027	-3437	39553	-93	258525	24901	-82	258531	31050	-86	258538	24253	-83	258545	
24943	30074	-2297	39478	-96	258555	24826	-82	258562	31083	-84	258568	24253	-83	258575	
24487	29594	-6041	39478	-94	258615	24863	-81	258592	31083	-85	258599	24291	-83	258606	
24703	30012	-3814	39478	-94	258615	24901	-82	258622	31083	-85	258629	24253	-83	258636	
24993	30167	-412	39478	-96	258645	24901	-82	258651	31050	-85	258658	24216	-83	258665	
24931	30216	-668	39478	-93	258674	24901	-82	258681	31045	-86	258687	24216	-83	258694	
25069	30171	-97	39516	-95	258703	24938	-82	258710	31162	-85	258717	24216	-83	258723	
24831	30022	-3380	39441	-96	258732	24901	-82	258739	31050	-85	258745	24216	-83	258752	
24783	30026	-3168	39478	-94	258762	24901	-82	258769	31050	-85	258775	24253	-83	258782	
24835	29749	-4406	39441	-94	258821	24901	-81	258798	31050	-85	258805	24178	-83	258811	
24736	29726	-4720	39441	-94	258821	24938	-82	258828	31083	-86	258835	24253	-83	258841	
24964	29963	-3624	39553	-93	258850	24938	-81	258857	31087	-86	258864	24253	-83	258870	
24733	29704	-5024	39506	-95	258909	24901	-81	258886	31087	-85	258893	24253	-83	258900	
24864	30124	-2817	39506	-93	258938	24929	-82	258916	31017	-85	258923	24282	-83	258930	
24768	29636	-5148	39506	-95	258968	24929	-82	258945	31017	-85	258952	24244	-83	258958	
24436	29514	-6345	39506	-95	258968	24854	-81	258975	31054	-85	258981	24319	-83	258988	
24378	29418	-6746	39544	-93	259026	24891	-82	259003	31017	-86	259010	24319	-83	259017	
24674	29642	-5435	39544	-93	259026	24966	-82	259033	31054	-85	259040	24244	-83	259046	
24864	30124	-2817	39506	-94	259055	24929	-82	259062	31017	-85	259069	24282	-83	259076	
24762	29965	-4165	39469	-94	259084	24929	-82	259091	31017	-86	259098	24282	-84	259105	
24628	29521	-5719	39469	-93	259145	24966	-82	259122	31017	-85	259129	24282	-84	259136	
24762	29965	-4165	39506	-97	259176	24929	-82	259152	31017	-85	259159	24282	-84	259166	
24849	29771	-4168	39506	-96	259205	24966	-81	259182	31017	-85	259189	24244	-83	259196	
24652	29601	-5425	39506	-96	259235	24891	-82	259212	31017	-85	259219	24244	-83	259225	
24791	29664	-4929	39431	-93	259265	24966	-81	259242	31054	-85	259249	24244	-84	259255	
24578	29551	-5721	39431	-95	259294	24929	-82	259272	31017	-85	259279	24207	-84	259286	
24659	29950	-4117	39431	-95	259294	24929	-82	259301	31054	-86	259308	24282	-84	259315	
24956	29843	-4172	39506	-96	259324	25004	-82	259331	31017	-86	259337	24282	-84	259344	
24956	29843	-4172	39506	-93	259383	25004	-81	259360	31017	-85	259367	24282	-84	259373	
24602	29558	-5886	39506	-93	259383	24966	-81	259390	31054	-85	259396	24282	-84	259403	
24950	30030	-2429	39478	-93	259413	24910	-82	259420	31017	-85	259427	24221	-84	259433	
24771	29916	-3482	39441	-94	259474	24835	-82	259450	31054	-85	259457	24183	-84	259464	
24697	29902	-4085	39478	-94	259503	24835	-82	259480	30979	-85	259487	24221	-83	259494	
24594	29712	-5158	39478	-94	259503	24910	-82	259510	31054	-86	259517	24221	-83	259524	
24685	29662	-5068	39516	-93	259534	24910	-82	259541	31017	-85	259547	24146	-85	259554	
24766	29693	-4827	39516	-97	259595	24910	-82	259572	31054	-85	259579	24221	-84	259586	
24800	29761	-4156	39553	-95	259625	24873	-82	259602	31017	-85	259609	24146	-84	259616	
24967	30103	-2123	39516	-93	259655	24873	-82	259632	31054	-85	259639	24221	-84	259646	
24637	29691	-5169	39478	-93	259685	24873	-81	259662	31054	-85	259669	24183	-84	259676	
24477	29580	-5822	39516	-94	259714	24873	-82	259691	31054	-86	259698	24183	-84	259705	
24601	29705	-5026	39516	-93	259744	24873	-82	259722	31017	-86	259729	24183	-84	259736	
24816	29682	-4678	39516	-93	259744	24910	-82	259751	31017	-85	259758	24183	-83	259765	
24747	29790	-4421	39553	-95	259775	24910	-82	259782	31054	-85	259789	24221	-83	259796	
25069	29956	-2432	39553	-94	259805	24873	-82	259812	30979	-86	259819	24221	-83	259825	
24662	29687	-4977	39478	-93	259834	24873	-82	259841	31054	-84	259848	24221	-83	259854	
24749	29990	-3633	39516	-94	259865	24835	-82	259872	31017	-85	259879	24183	-84	259886	
24465	29536	-5934	39441	-92	259895	24835	-82	259901	31017	-85	259908	24183	-83	259915	
24827	30052	-2590	39516	-95	259956	24835	-82	259932	31054	-85	259939	24178	-83	259945	
24923	29916	-3728	39441	-93	259985	24910	-82	259962	31017	-86	259969	24253	-83	259976	
24534	29666	-5311	39516	-94	260014	24835	-82	259992	30979	-85	259998	24216	-84	260005	
24577	29636	-5529	39516	-94	260014	24835	-82	260021	31054	-85	260028	24253	-83	260035	
24847	30175	-2416	39478	-95	260044	24798	-82	260051	31017	-85	260058	24291	-83	260064	
6490	16178	-21504	39516	-92	260109	24835	-83	260082	31092	-85	260089	24253	-83	260096	
24897	30029	-3013	39516	-92	260109	24873	-82	260116	31017	-85	260123	24253	-84	260131	
24549	29751	-5268	39441	-95	260172	24873	-82	260147	31054	-85	260154	24253	-84	260162	
24576	29958	-4189	39478	-96	260201	24835	-82	260179	31054	-85	260186	24216	-84	260192	
24689	29693	-4971	39478	-94	260232	24873	-82	260208	31054	-85	260215	24216	-84	260222	
24696	29706	-4796	39478	-94	260232	24835	-82	260239	31054	-84	260246	24178	-84	260253	
24478	29574	-5834	39516	-92	260294	24835	-82	260271	31017	-85	260278	24178	-84	260285	
24775	30154	-3064	39516	-92	260294	24798	-82	260300	31092	-84	260307	24216	-84	260314	
24426	29532	-6088	39478	-93	260324	24798	-82	260331	31017	-85	260338	24216	-84	260344	
24373	29528	-6227	39478	-95	260353	24835	-82	260361	31054	-85	260368	24216	-84	260375	
24538	29649	-5505	39516	-95	260384	24835	-82	260390	31054	-85	260397	24178	-84	260404	
24672	29671	-4869	39544	-95	260444	24835	-82	260421	31017	-84	260428	24178	-84	260434	
24675	30027	-4004	39469	-96	260473	24891	-82	260451	31087	-84	260457	24291	-84	260464	
24919	29991	-2482	39544	-93	260504	24891	-82	260481	30975	-86	260487	24178	-84	260494	
24851	30057	-3380	39506	-93	260534	24891	-82	260511	31050	-84	260518	24253	-84	260524	
24963	30145	-2161	39506	-93	260534	24891	-82	260540	31045	-85	260547	24216	-84	260554	
24846	30066	-2772	39469	-97	260594	24854	-82	260570	31050	-85	260577	24253	-83	260584	
24663	29725	-4794	39469	-97	260594	24929	-82	260601	31087	-86	260607	24178	-83	260614	
24745	29740	-4774	39544	-94	260623	24854	-82	260630	31050	-86	260637	24216	-83	260644	
24726	29750	-4690	39469	-93	260653	24891	-82	260660	31087	-85	260666	24216	-83	260673	
24767	29929	-3781	39582	-91	260712	24891	-81	260689	31087	-85	260696	24216	-83	260703	
25010	30180	-1580	39582	-91	260712	24891	-82	260720	31050	-85	260727	24216	-83	260734	
24536	29581	-5813	39544	-93	260744	24929	-82	260751	31050	-86	260757	24216	-83	260764	
24618	29692	-5383	39619	-93	260773	24929	-82	260780	31087	-84	260787	24216	-84	260794	
24974	30066	-2071	39619	-93	260833	24891	-82	260809	31012	-86	260816	24178	-83	260823	
24823	29826	-4338	39657	-92	260862	24929	-82	260840	31087	-85	260847	24178	-84	260853	
24975	30130	-2052	39619	-93	260893	24891	-82	260870	31087	-85	260877	24253	-83	260883	
25105	30127	-419	39619	-93	260893	24891	-82	260900	31012	-85	260907	24216	-84	260914	
11495	19877	-20952	39619	-93	260893	24891	-82	260930	31083	-85	260937	24253	-84	260944	
10757	18941	-21260	39619	-93	260893	24835	-82	260967	31054	-85	260974	24291	-83	260981	
24989	30121	-2101	39628	-96	261025	24835	-82	261002	31054	-85	261009	24291	-84	261016	
24989	30121	-2101	39628	-95	261055	24835	-82	261032	31054	-85	261039	24291	-84	261046	
25006	30106	-2190	39628	-93	261086	24873	-82	261062	31054	-85	261069	24291	-84	261075	
24997	30100	-1997	39553	-96	261116	24835	-82	261093	31017	-85	261099	24253	-83	261106	
24455	29506	-6261	39666	-93	261145	24873	-82	261123	31017	-85	261129	24253	-83	261136	
24703	29755	-5158	39666	-93	261145	24873	-82	261152	31092	-85	261159	24291	-83	261166	
24642	29633	-5535	39628	-95	261175	24873	-82	261181	31017	-85	261188	24253	-83	261195	
24728	30043	-3919	39516	-93	261204	24835	-82	261211	31054	-85	261217	24291	-83	261224	
24455	29506	-6261	39553	-95	261233	24873	-82	261240	31017	-86	261247	24253	-83	261254	
25137	30066	12	39553	-95	261292	24910	-82	261269	31017	-85	261276	24253	-84	261283	
24987	30078	-2535	39553	-93	261321	24910	-82	261298	31054	-85	261305	24216	-83	261312	
24485	29559	-6159	39553	-93	261350	24873	-82	261328	31054	-85	261335	24291	-83	261342	
24756	29759	-4674	39553	-93	261350	24910	-82	261358	31054	-84	261365	24178	-84	261372	
25000	30068	-2238	39591	-95	261381	24873	-82	261388	31054	-84	261395	24253	-84	261401	
24795	29831	-4333	39628	-92	261411	24910	-82	261418	31092	-84	261425	24253	-84	261432	
24993	30190	-771	39628	-93	261441	24760	-82	261448	31017	-86	261455	24253	-84	261461	
24823	29733	-4692	39666	-92	261471	24863	-82	261478	31017	-85	261484	24216	-84	261491	
24909	29843	-3942	39732	-92	261501	24863	-82	261508	31017	-85	261514	24178	-84	261521	
24772	29716	-4867	39657	-93	261560	24826	-83	261538	31017	-86	261544	24216	-84	261551	
25005	30243	-1468	39657	-93	261560	24901	-82	261567	31092	-85	261574	24178	-84	261581	
24799	29747	-4679	39694	-95	261591	24863	-82	261598	31017	-85	261605	24216	-84	261612	
24868	29822	-4229	39732	-95	261621	24863	-82	261628	31054	-85	261634	24216	-84	261641	
24991	30200	-1559	39694	-95	261681	24863	-82	261657	31092	-85	261664	24216	-84	261671	
24946	29888	-3635	39732	-95	261710	24901	-82	261688	31054	-86	261694	24178	-84	261701	
24688	29880	-4666	39732	-95	261710	24863	-82	261717	31017	-86	261724	24253	-85	261731	
24868	29822	-4229	39732	-92	261739	24863	-82	261746	31054	-85	261752	24216	-85	261759	
24840	29845	-4387	39732	-92	261769	24938	-82	261776	31092	-85	261783	24178	-85	261789	
24786	29835	-4592	39769	-94	261829	24826	-82	261806	31092	-84	261813	24253	-84	261819	
24738	29888	-4505	39769	-94	261829	24901	-82	261836	31092	-84	261843	24253	-84	261850	
25108	30121	-1741	39694	-95	261888	24901	-82	261865	31054	-86	261872	24253	-84	261879	
24938	29882	-3929	39694	-95	261918	24901	-82	261895	31092	-85	261901	24216	-84	261908	
24663	29670	-5506	39769	-92	261947	24901	-82	261925	31054	-85	261931	24253	-85	261938	
24805	29850	-4269	39769	-92	261947	24901	-82	261954	30979	-86	261961	24216	-84	261968	
24830	29860	-4196	39666	-95	262007	24863	-82	261984	31087	-85	261991	24216	-84	261997	
24921	30328	-720	39703	-94	262037	24901	-82	262014	31087	-85	262021	24216	-84	262028	
24712	29844	-4932	39703	-94	262067	24863	-82	262044	31162	-84	262050	24291	-83	262057	
24697	29796	-4945	39628	-93	262097	24863	-82	262074	31083	-85	262081	24216	-84	262088	
24990	30097	-1822	39703	-94	262128	24863	-82	262104	31050	-85	262111	24216	-83	262117	
25048	30145	-1584	39703	-94	262128	24863	-82	262135	31050	-85	262142	24216	-84	262148	
24986	30239	-1670	39666	-95	262158	24901	-82	262165	31050	-86	262171	24253	-84	262178	
9651	18155	-21404	39703	-95	262225	24826	-82	262197	31050	-86	262204	24216	-84	262211	
Err	Err	Err	39703	-95	262225	24826	-82	262197	31050	-86	262240	24253	-84	262247	
24990	30097	-1822	39628	-95	262255	24863	-82	262262	31050	-85	262269	24216	-83	262275	
25018	30252	-1356	39703	-93	262285	24826	-82	262292	31083	-85	262299	24253	-83	262306	
25108	30208	292	39741	-95	262318	24863	-82	262324	31045	-86	262331	24253	-84	262338	
24594	29749	-5426	39666	-94	262348	24863	-82	262354	31125	-84	262361	24253	-83	262368	
24697	29859	-4769	39628	-92	262378	24938	-82	262385	31050	-85	262392	24291	-84	262399	
24581	29658	-5799	39666	-92	262408	24901	-82	262414	31087	-85	262421	24291	-84	262428	
25060	30046	-2495	39628	-95	262438	24901	-82	262446	31087	-85	262452	24253	-83	262459	
24619	29754	-5240	39703	-96	262499	24901	-83	262477	31120	-86	262483	24216	-83	262490	
24929	30080	-3023	39628	-93	262529	24901	-82	262506	31017	-86	262513	24216	-83	262520	
24685	29860	-4693	39703	-94	262559	24901	-83	262537	31092	-86	262544	24253	-84	262550	
24876	29705	-4620	39666	-93	262590	24901	-82	262567	30979	-86	262573	24216	-84	262580	
24867	29700	-4787	39703	-94	262619	24938	-82	262596	31017	-86	262603	24253	-84	262610	
25106	30159	-1589	39628	-96	262650	24863	-82	262626	31017	-85	262633	24253	-84	262640	
24972	29794	-4122	39666	-96	262680	24976	-82	262657	31054	-85	262664	24216	-84	262671	
24821	29850	-4172	39666	-94	262710	24863	-82	262687	31092	-85	262693	24216	-84	262700	
24921	30167	-2205	39666	-94	262710	24863	-82	262717	31092	-85	262723	24253	-84	262730	
24596	29646	-5691	39666	-96	262770	24901	-82	262747	31054	-85	262754	24253	-84	262761	
24862	29887	-3997	39703	-95	262799	24901	-82	262776	31130	-85	262783	24216	-84	262790	
24693	29981	-4252	39703	-95	262799	24826	-82	262806	31092	-86	262813	24253	-84	262819	
24969	29879	-3668	39628	-94	262828	24938	-82	262836	31092	-86	262843	24178	-84	262850	
24795	29625	-5055	39628	-92	262889	24901	-82	262866	30979	-85	262873	24216	-84	262880	
24817	29715	-4631	39628	-92	262889	24901	-82	262896	31017	-86	262903	24216	-84	262909	
24723	29854	-4213	39553	-93	262919	24901	-82	262926	31054	-86	262933	24216	-83	262939	
24987	30104	-2403	39628	-96	262949	24863	-82	262956	31054	-85	262963	24328	-83	262969	
25062	30163	-838	39553	-92	263009	24901	-82	262987	31092	-86	262994	24291	-83	263000	
24933	30057	-2298	39553	-92	263009	24863	-82	263016	31050	-85	263023	24216	-83	263030	
24943	30074	-2297	39478	-93	263039	24826	-82	263046	31083	-86	263053	24253	-83	263060	
24752	30168	-3404	39516	-97	263070	24901	-82	263077	31125	-85	263083	24291	-83	263090	
24904	30247	-2182	39591	-92	263098	24863	-82	263105	31087	-85	263112	24291	-83	263119	
24854	30179	-2716	39553	-92	263159	24901	-82	263136	31083	-86	263142	24253	-83	263149	
24929	30198	-2219	39516	-95	263188	24938	-82	263166	31087	-85	263173	24291	-83	263180	
24811	29845	-4064	39516	-95	263188	24863	-82	263195	31083	-85	263201	24216	-82	263208	
24556	29627	-5788	39516	-95	263248	24901	-82	263225	31083	-85	263232	24253	-83	263239	
24854	30179	-2716	39553	-95	263278	24901	-82	263255	31083	-85	263262	24253	-83	263268	
24936	30156	-2165	39553	-95	263278	24863	-82	263285	31125	-84	263292	24253	-83	263299	
25001	30174	-2030	39516	-96	263339	24901	-82	263315	31158	-85	263322	24291	-83	263329	
24937	30177	-2306	39516	-96	263339	24938	-82	263345	31087	-84	263352	24253	-83	263359	
25036	30162	-1398	39516	-93	263398	24901	-82	263376	31087	-85	263382	24291	-83	263389	
24355	29559	-6412	39516	-93	263398	24863	-82	263405	31125	-84	263412	24291	-83	263419	
24924	30004	-3515	39591	-96	263428	24863	-82	263435	31125	-85	263442	24216	-83	263449	
24724	29824	-4683	39591	-94	263457	24863	-82	263464	31125	-84	263471	24328	-83	263477	
24676	29655	-5279	39553	-95	263487	24863	-82	263494	31050	-85	263500	24253	-83	263507	
24492	29601	-6157	39591	-94	263548	24938	-82	263525	31120	-85	263532	24319	-83	263539	
25008	30179	-1861	39591	-94	263548	24901	-82	263554	31120	-85	263561	24319	-83	263568	
24493	29571	-6189	39553	-93	263577	24901	-82	263584	31083	-86	263591	24319	-83	263597	
24623	29951	-4597	39591	-95	263636	24901	-82	263614	31087	-85	263620	24319	-82	263627	
24426	29554	-6395	39591	-92	263665	24863	-82	263642	31087	-85	263649	24319	-83	263656	
25103	30192	-294	39591	-96	263695	24901	-82	263672	31083	-85	263679	24319	-83	263685	
24963	30195	-2388	39591	-96	263695	24901	-82	263702	31050	-85	263709	24319	-83	263715	
24641	29686	-5320	39553	-96	263725	24863	-82	263732	31087	-85	263739	24282	-83	263745	
24759	30065	-3869	39553	-93	263756	24863	-82	263762	31087	-86	263769	24319	-82	263776	
24961	30046	-2712	39516	-93	263785	24863	-82	263792	31087	-85	263799	24282	-83	263805	
24397	29554	-6448	39553	-93	263815	24901	-82	263821	31125	-86	263828	24319	-83	263835	
24614	29680	-5581	39553	-93	263844	24863	-82	263851	31125	-86	263858	24319	-83	263865	
24755	29785	-4748	39553	-92	263874	24938	-82	263881	31125	-85	263888	24319	-82	263895	
24755	29764	-4816	39553	-93	263934	24901	-82	263911	31087	-84	263918	24319	-83	263925	
24598	29879	-4773	39591	-93	263964	24901	-82	263941	31162	-85	263948	24244	-82	263954	
24968	29976	-3565	39553	-93	263993	24938	-82	263970	31045	-85	263977	24282	-83	263984	
Err	Err	Err	39553	-93	264023	24938	-82	263970	31120	-86	264008	24282	-83	264015	
25108	30124	-401	39628	-93	264053	24901	-82	264030	31017	-86	264037	24253	-83	264044	
24832	29941	-3762	39628	-94	264082	24901	-82	264060	31054	-86	264067	24291	-83	264073	
24942	29833	-3791	39628	-94	264082	24901	-82	264089	31017	-86	264096	24253	-83	264102	
24635	29989	-4066	39591	-94	264111	24826	-82	264118	31054	-85	264125	24216	-83	264132	
24596	29666	-5456	39628	-95	264169	24901	-82	264147	31054	-85	264153	24253	-83	264160	
24832	29941	-3762	39628	-95	264169	24901	-82	264176	31054	-86	264182	24291	-83	264189	
24449	29570	-6256	39591	-94	264198	24901	-82	264204	31092	-84	264211	24291	-83	264218	
24929	30080	-3023	39628	-95	264257	24901	-82	264234	31017	-86	264241	24216	-83	264247	
24859	29879	-4033	39591	-96	264286	24863	-82	264263	31092	-85	264270	24291	-83	264277	
24569	29684	-5588	39628	-93	264315	24863	-82	264293	31092	-84	264299	24253	-83	264306	
24778	29748	-4687	39628	-93	264315	24901	-82	264322	31054	-85	264329	24253	-83	264336	
24818	29954	-3805	39628	-94	264345	24901	-82	264352	31054	-86	264359	24216	-84	264365	
8955	17857	-21394	39628	-93	264410	24901	-83	264382	31092	-85	264389	24253	-83	264396	
24778	29748	-4687	39628	-93	264410	24901	-82	264417	31054	-84	264424	24253	-84	264431	
24596	29666	-5456	39591	-96	264440	24901	-82	264446	31054	-85	264453	24253	-84	264460	
24541	29654	-5550	39628	-93	264498	24863	-82	264476	31017	-85	264482	24253	-83	264489	
24818	29954	-3805	39628	-93	264498	24901	-82	264505	31054	-85	264512	24216	-84	264519	
24875	30188	-2260	39628	-92	264527	24788	-82	264534	31083	-86	264541	24282	-84	264548	
Err	Err	Err	39628	-94	264557	24788	-82	264534	31050	-86	264571	24244	-84	264578	
24930	30262	-1993	39628	-93	264616	24863	-82	264593	31120	-85	264600	24244	-84	264607	
24802	29795	-4479	39628	-93	264616	24901	-82	264623	31087	-85	264630	24244	-84	264636	
24912	30127	-3041	39628	-93	264676	24901	-82	264653	31087	-85	264659	24282	-84	264666	
24931	30252	-1816	39628	-93	264676	24863	-82	264683	31083	-84	264689	24244	-84	264696	
24801	29712	-4695	39591	-93	264706	24901	-82	264713	31012	-85	264719	24207	-84	264726	
24535	29663	-5745	39666	-92	264735	24863	-82	264742	31087	-85	264749	24244	-84	264756	
24858	30317	-1840	39666	-96	264765	24863	-82	264772	31125	-84	264779	24244	-84	264785	
24706	29745	-5050	39666	-94	264794	24863	-82	264801	31087	-84	264808	24282	-84	264815	
24719	29689	-5278	39628	-93	264854	24863	-82	264831	31045	-85	264838	24282	-84	264845	
24931	30252	-1816	39628	-93	264854	24863	-82	264861	31083	-85	264868	24244	-84	264875	
24772	29740	-4798	39591	-93	264884	24901	-83	264892	31083	-85	264899	24244	-84	264905	
24596	29630	-5742	39628	-92	264915	24863	-82	264922	31050	-85	264929	24282	-84	264935	
24953	30025	-2927	39703	-92	264975	24863	-82	264952	31125	-85	264958	24244	-84	264965	
24878	30143	-3144	39591	-96	265005	24863	-82	264982	31087	-86	264989	24282	-84	264995	
24751	29720	-5045	39553	-93	265034	24901	-82	265012	31087	-85	265018	24282	-84	265025	
24769	30030	-3526	39628	-92	265064	24835	-82	265042	31054	-86	265049	24253	-84	265056	
24960	30236	-1880	39628	-96	265095	24873	-82	265072	31054	-86	265078	24253	-84	265085	
24949	30151	-1959	39628	-93	265125	24873	-82	265102	31054	-86	265109	24216	-84	265115	
24795	29831	-4333	39553	-96	265155	24910	-82	265132	31092	-85	265139	24253	-84	265145	
24769	30030	-3526	39553	-96	265155	24835	-82	265161	31054	-86	265168	24253	-84	265175	
24981	30040	-3149	39628	-92	265214	24873	-82	265191	31054	-86	265198	24216	-84	265205	
24642	29633	-5535	39628	-92	265214	24873	-82	265221	31017	-85	265228	24253	-84	265235	
24980	30164	-2045	39591	-95	265274	24873	-82	265251	31092	-86	265257	24216	-84	265264	
24755	29831	-4472	39591	-95	265274	24835	-82	265281	31092	-85	265288	24253	-84	265295	
24692	29722	-5164	39628	-97	265333	24835	-82	265311	31054	-85	265317	24291	-84	265324	
24997	30100	-1997	39666	-95	265364	24835	-82	265341	31017	-86	265348	24253	-83	265354	
24697	29710	-5208	39628	-96	265394	24873	-82	265371	31054	-85	265378	24253	-84	265384	
24893	30317	-824	67771	-95	265422	24835	-82	265400	31130	-85	265407	24216	-83	265414	
24951	30061	892	67771	-95	265422	24835	-82	265431	31017	-85	265438	24216	-83	265444	
24950	30179	-2123	39666	-95	265457	24835	-82	265463	31092	-84	265471	24253	-83	265478	
25000	30222	-157	39628	-93	265487	24798	-82	265494	31092	-86	265501	24216	-84	265508	
24594	29899	-4576	39666	-93	265517	24835	-82	265524	31054	-85	265531	24216	-84	265538	
24919	30146	-2644	39628	-93	265546	24863	-82	265553	31054	-85	265560	24216	-84	265566	
24495	29680	-5679	39591	-93	265576	24826	-83	265583	31092	-86	265591	24216	-84	265597	
24817	29715	-4631	39628	-95	265606	24901	-83	265613	31017	-85	265620	24216	-84	265627	
24765	29750	-4674	39666	-93	265666	24863	-82	265643	31017	-85	265650	24178	-83	265657	
25026	30210	-1384	39591	-92	265697	24863	-83	265673	31054	-86	265680	24253	-83	265687	
24972	30062	-2278	39591	-95	265727	24826	-82	265704	31017	-84	265711	24253	-83	265718	
24839	30073	-3362	39628	-95	265757	24901	-82	265734	31092	-86	265741	24253	-84	265748	
24491	29638	-5986	39628	-95	265757	24826	-82	265763	31092	-86	265770	24291	-83	265777	
24839	30073	-3362	39591	-95	265786	24901	-82	265793	31092	-84	265800	24253	-84	265806	
24860	30099	-2814	39591	-96	265846	24863	-82	265822	31054	-84	265830	24291	-83	265837	
25075	30139	-1883	39628	-95	265876	24976	-82	265853	31017	-85	265860	24291	-83	265867	
25094	30082	-1473	39628	-93	265906	24863	-82	265883	31092	-85	265890	24253	-84	265897	
24779	29704	-4993	39628	-92	265935	24938	-82	265913	31054	-85	265919	24291	-83	265926	
24832	29941	-3762	39628	-92	265935	24901	-82	265942	31054	-85	265949	24291	-83	265956	
24818	29954	-3805	39628	-94	265964	24901	-82	265971	31054	-85	265978	24216	-83	265985	
25077	30217	-599	39591	-93	266023	24901	-82	266000	31130	-84	266007	24291	-83	266014	
25053	30115	-1933	39591	-93	266023	24863	-82	266030	31017	-85	266037	24216	-84	266043	
24668	29814	-4629	39628	-92	266054	24863	-82	266060	31054	-85	266067	24178	-84	266074	
24849	29690	-4692	39591	-93	266083	24938	-82	266089	31017	-84	266096	24216	-83	266103	
6255	15944	-21439	39628	-93	266149	24901	-83	266120	31054	-85	266127	24216	-84	266134	
24650	29745	-5099	39628	-93	266180	24826	-82	266156	31054	-86	266163	24216	-83	266169	
24492	29537	-6156	39591	-93	266209	24863	-82	266187	31017	-85	266193	24253	-84	266200	
24541	29654	-5550	39591	-93	266239	24863	-82	266216	31017	-86	266223	24253	-84	266230	
24652	29829	-4692	39591	-93	266239	24863	-82	266245	31054	-85	266252	24216	-84	266259	
24925	30102	-2667	39628	-96	266268	24901	-82	266275	31017	-86	266282	24328	-84	266289	
24890	29896	-3748	39591	-93	266299	24938	-82	266306	31130	-85	266313	24216	-84	266320	
24866	30152	-3020	39628	-92	266358	24901	-82	266336	31054	-85	266343	24291	-84	266349	
24818	29954	-3805	39628	-92	266358	24901	-82	266365	31054	-85	266372	24216	-84	266379	
24933	30006	1000	67733	-94	266388	24901	-82	266395	31054	-86	266401	24253	-84	266408	
24541	29654	-5550	39666	-96	266450	24863	-83	266428	31017	-86	266435	24253	-84	266441	
24669	29658	-5517	39666	-96	266450	24938	-82	266457	31054	-86	266464	24253	-84	266470	
25034	30172	-1650	39591	-96	266480	24938	-82	266487	31054	-85	266493	24253	-83	266500	
24492	29537	-6156	39591	-93	266540	24863	-82	266518	31017	-86	266524	24253	-83	266531	
24972	30062	-2278	39591	-93	266570	24826	-82	266547	31017	-86	266554	24253	-84	266561	
24904	30213	-1885	39553	-95	266601	24826	-82	266577	31017	-86	266584	24216	-84	266591	
25108	30124	-401	39553	-95	266601	24901	-82	266608	31017	-86	266615	24253	-83	266621	
25083	30100	-2066	39591	-94	266661	24901	-82	266637	31017	-86	266644	24253	-83	266651	
24541	29654	-5550	39591	-94	266661	24863	-82	266668	31017	-86	266675	24253	-83	266682	
24561	29661	-5552	39591	-93	266720	24901	-82	266697	31092	-85	266704	24216	-84	266711	
25039	30124	-1492	39628	-96	266750	24901	-82	266727	31054	-86	266734	24216	-84	266741	
24947	30093	-2179	39553	-97	266781	24863	-82	266757	31017	-86	266764	24216	-84	266771	
24710	29746	-4993	39553	-97	266781	24901	-82	266788	31092	-85	266794	24253	-83	266801	
24652	29829	-4692	39591	-95	266810	24863	-82	266817	31054	-86	266824	24216	-84	266831	
25066	30045	-2341	39553	-93	266870	24901	-82	266847	31017	-86	266854	24291	-84	266860	
24673	29884	-4375	39591	-93	266899	24863	-82	266877	31017	-86	266884	24216	-83	266891	
24795	29625	-5055	67771	-94	266929	24901	-82	266906	30979	-86	266913	24216	-83	266920	
25025	30044	871	39553	-95	266961	24901	-82	266936	30979	-86	266943	24253	-83	266950	
24654	29606	-5440	39591	-94	266991	24863	-82	266968	31017	-86	266975	24253	-84	266982	
24599	29534	-5851	39591	-94	266991	24938	-82	266998	30979	-86	267005	24216	-84	267011	
25053	30115	-1933	39591	-92	267020	24863	-82	267027	31017	-86	267034	24216	-84	267041	
25039	30124	-1492	39628	-93	267081	24901	-82	267058	31054	-86	267064	24216	-84	267071	
24829	29744	-4781	39628	-93	267081	24901	-82	267087	31045	-86	267094	24253	-84	267101	
24948	29991	944	39628	-95	267144	24901	-83	267117	31050	-86	267124	24253	-84	267131	
24906	29924	-3498	39591	-92	267173	24863	-83	267150	31083	-85	267157	24253	-83	267164	
24926	30248	-2138	39591	-93	267203	24901	-82	267180	31120	-86	267187	24253	-84	267193	
24695	29988	-4156	39628	-93	267233	24826	-83	267210	31087	-86	267217	24291	-84	267224	
24848	29788	-4294	39591	-96	267262	24863	-82	267239	31050	-86	267246	24178	-84	267253	
24577	29675	-5510	39591	-96	267262	24901	-82	267269	31083	-86	267276	24216	-84	267283	
24656	29766	-4834	39666	-93	267322	24901	-82	267299	31012	-86	267306	24216	-84	267313	
24905	30151	-2481	39591	-96	267352	24863	-82	267328	31045	-86	267335	24291	-84	267342	
24551	29821	-5071	39666	-92	267381	24826	-82	267358	31087	-86	267365	24253	-84	267372	
24876	30184	-2941	39666	-92	267381	24863	-82	267387	31087	-86	267394	24253	-84	267401	
24999	30253	-1530	39666	-95	267410	24901	-82	267417	31087	-86	267424	24253	-84	267431	
24947	30011	-3052	39628	-94	267470	24826	-82	267448	31045	-86	267454	24216	-84	267461	
24914	30159	-2096	39628	-94	267470	24826	-83	267477	31045	-86	267484	24253	-84	267490	
24759	29803	-4744	39703	-94	267529	24863	-82	267507	31087	-86	267513	24291	-84	267520	
24809	29726	-4961	39666	-94	267559	24901	-82	267536	31050	-86	267543	24291	-84	267550	
24921	30328	-720	39666	-94	267559	24901	-82	267566	31087	-85	267573	24216	-84	267580	
24960	30236	-1880	39628	-95	267588	24873	-82	267595	31054	-86	267601	24253	-84	267608	
24577	29636	-5529	39516	-95	267619	24835	-83	267627	31054	-86	267633	24253	-84	267640	
25031	30081	-2095	39591	-93	267678	24873	-82	267656	31017	-85	267663	24216	-83	267670	
24704	29712	-5035	39628	-95	267709	24873	-83	267687	31054	-86	267693	24216	-84	267700	
24997	30100	-1997	39628	-95	267739	24835	-82	267716	31017	-86	267723	24253	-84	267730	
24916	30168	-1825	39628	-95	267739	24835	-82	267747	31054	-86	267754	24178	-84	267760	
Percentuale di fallimenti nel positioning: 2.0%