Distanza: 10000.0
X [mm]	Y [mm]	Z [mm]	A0 	 RSS 	 Time 	 A1 	 RSS 	 Time 	 A2 	 RSS 	 Time 	 A3 	 RSS 	 Time 	 
6342	7634	9	9660	-79	51946	20408	-85	51953	17509	-79	51959	5679	-79	51966	
6330	7630	-41	9660	-79	51985	20408	-85	51992	17514	-79	51999	5717	-79	52006	
6339	7610	111	9622	-80	52025	20445	-84	52032	17514	-79	52039	5642	-79	52045	
6361	7657	25	9697	-80	52065	20408	-85	52072	17514	-79	52078	5642	-79	52085	
6372	7647	-58	9735	-80	52106	20445	-85	52113	17514	-80	52119	5679	-79	52126	
6350	7598	44	9660	-80	52145	20483	-86	52152	17514	-79	52159	5679	-79	52166	
6338	7627	88	9622	-80	52183	20408	-86	52190	17509	-79	52197	5642	-79	52204	
6353	7657	-31	9735	-80	52222	20445	-86	52229	17547	-79	52236	5679	-79	52243	
6352	7623	185	9660	-79	52267	20483	-86	52273	17552	-79	52280	5604	-79	52287	
6332	7635	109	9660	-80	52307	20445	-86	52313	17552	-79	52320	5642	-79	52327	
6347	7649	84	9697	-79	52350	20445	-86	52356	17552	-79	52363	5637	-79	52370	
6335	7585	80	9622	-79	52391	20483	-86	52397	17514	-79	52404	5679	-79	52411	
6309	7562	168	9584	-79	52431	20521	-86	52437	17552	-79	52444	5679	-79	52451	
6363	7634	144	9688	-79	52478	20474	-86	52484	17542	-79	52491	5609	-79	52498	
6367	7659	168	9688	-79	52516	20436	-87	52522	17542	-79	52529	5571	-79	52536	
6384	7630	131	9725	-79	52558	20511	-87	52565	17542	-79	52572	5609	-79	52578	
6344	7636	249	9650	-80	52598	20474	-87	52605	17580	-80	52612	5571	-79	52618	
6345	7646	61	9688	-80	52639	20436	-87	52646	17542	-79	52652	5646	-79	52659	
6387	7578	204	9688	-80	52680	20586	-88	52686	17542	-79	52693	5609	-79	52700	
6381	7606	94	9725	-80	52721	20549	-88	52727	17542	-80	52734	5646	-79	52741	
6351	7572	145	9613	-79	52760	20511	-88	52767	17505	-79	52774	5646	-79	52781	
6350	7619	171	9650	-79	52801	20474	-87	52808	17542	-80	52814	5609	-79	52821	
6356	7652	116	9688	-79	52841	20436	-87	52847	17542	-80	52854	5609	-79	52861	
6370	7608	243	9650	-80	52881	20511	-87	52888	17542	-80	52894	5571	-79	52901	
6319	7618	127	9613	-80	52921	20436	-87	52929	17542	-80	52935	5646	-79	52942	
6358	7603	89	9650	-80	52964	20474	-87	52971	17505	-79	52977	5646	-79	52984	
6374	7516	189	9584	-80	53005	20586	-86	53011	17472	-80	53018	5646	-79	53025	
6391	7554	183	9622	-80	53045	20549	-87	53052	17472	-80	53059	5609	-79	53066	
6402	7619	78	9697	-80	53087	20474	-87	53093	17476	-79	53100	5609	-79	53107	
6335	7612	199	9622	-80	53128	20474	-87	53135	17552	-80	53142	5609	-79	53148	
6376	7591	140	9622	-80	53169	20474	-88	53175	17476	-80	53182	5609	-79	53189	
6350	7597	28	9622	-80	53210	20436	-88	53217	17476	-79	53224	5684	-79	53231	
6344	7594	120	9622	-80	53253	20474	-88	53260	17514	-79	53267	5646	-79	53273	
6347	7603	29	9660	-80	53293	20474	-87	53300	17509	-79	53307	5684	-79	53313	
6362	7583	195	9622	-80	53335	20511	-87	53342	17514	-79	53349	5609	-79	53355	
6338	7611	197	9622	-80	53377	20474	-87	53383	17547	-79	53390	5609	-79	53397	
6357	7559	172	9622	-80	53418	20549	-87	53425	17514	-79	53432	5646	-79	53438	
6386	7599	189	9622	-80	53461	20474	-87	53468	17476	-79	53475	5571	-79	53482	
6402	7563	134	9622	-80	53502	20511	-86	53508	17439	-79	53515	5609	-79	53522	
6399	7580	156	9660	-79	53544	20530	-85	53550	17476	-79	53558	5604	-79	53565	
6373	7601	139	9622	-79	53587	20455	-86	53594	17476	-80	53601	5604	-79	53608	
6306	7577	48	9584	-79	53632	20455	-86	53639	17514	-80	53645	5717	-79	53652	
6353	7588	46	9622	-79	53674	20455	-86	53681	17476	-79	53687	5679	-79	53694	
6353	7588	46	9622	-79	53714	20455	-86	53721	17476	-80	53728	5679	-79	53735	
6354	7611	164	9622	-79	53755	20455	-86	53762	17514	-79	53768	5604	-79	53775	
6325	7609	129	9584	-79	53798	20417	-85	53804	17514	-79	53811	5642	-79	53818	
6346	7608	23	9622	-79	53839	20417	-87	53846	17476	-79	53852	5679	-79	53859	
6367	7591	95	9584	-80	53882	20417	-87	53889	17439	-79	53896	5637	-79	53902	
6384	7585	68	9622	-79	53925	20455	-87	53932	17439	-79	53939	5642	-79	53945	
6343	7599	102	9584	-79	53968	20417	-87	53974	17476	-79	53981	5642	-79	53988	
6375	7601	136	9622	-80	54010	20455	-86	54017	17472	-79	54024	5604	-79	54031	
6423	7551	202	9622	-79	54051	20549	-86	54058	17434	-79	54065	5571	-79	54071	
6355	7602	169	9622	-79	54092	20474	-87	54099	17514	-80	54105	5609	-79	54112	
6408	7593	183	9660	-79	54132	20511	-87	54139	17472	-79	54145	5571	-79	54152	
6389	7605	109	9660	-79	54174	20474	-87	54181	17476	-79	54188	5609	-79	54194	
6350	7569	220	9584	-79	54217	20511	-87	54224	17514	-79	54231	5609	-79	54237	
6402	7611	156	9660	-79	54261	20474	-87	54268	17472	-80	54275	5571	-79	54282	
6394	7583	116	9622	-79	54303	20474	-87	54310	17439	-79	54317	5609	-79	54324	
6381	7574	165	9622	-79	54347	20511	-86	54353	17476	-79	54360	5609	-79	54367	
6399	7613	159	9660	-79	54388	20474	-86	54397	17476	-80	54404	5571	-79	54410	
6379	7599	59	9660	-79	54430	20474	-87	54437	17476	-79	54444	5646	-79	54451	
6389	7605	109	9660	-79	54472	20474	-87	54479	17476	-79	54486	5609	-79	54492	
6365	7629	111	9622	-79	54513	20399	-87	54520	17476	-80	54527	5609	-79	54533	
6373	7645	114	9716	-79	54554	20474	-87	54561	17542	-80	54568	5609	-79	54575	
6353	7648	123	9678	-79	54597	20436	-87	54604	17542	-79	54611	5609	-79	54618	
6381	7615	99	9641	-79	54639	20436	-87	54646	17467	-79	54653	5609	-79	54660	
6396	7660	116	9716	-80	54681	20436	-87	54688	17505	-79	54696	5571	-79	54703	
6431	7663	52	9753	-80	54725	20436	-87	54732	17467	-79	54739	5571	-79	54746	
6430	7614	135	9716	-79	54769	20511	-86	54776	17467	-79	54783	5571	-79	54790	
6414	7624	51	9716	-79	54812	20474	-87	54819	17467	-79	54826	5609	-79	54833	
6346	7666	104	9678	-79	54855	20399	-87	54862	17542	-79	54869	5609	-79	54876	
6392	7634	84	9716	-79	54896	20474	-87	54903	17505	-79	54910	5609	-79	54917	
Err	Err	Err	9716	-79	54937	20474	-87	54903	17467	-80	54952	5609	-79	54959	
6409	7675	85	9753	-79	54980	20436	-87	54987	17505	-79	54994	5571	-79	55000	
6371	7637	203	9678	-79	55021	20474	-87	55027	17542	-80	55035	5571	-79	55041	
6341	7645	149	9660	-79	55062	20436	-87	55068	17552	-79	55075	5609	-79	55082	
6408	7636	182	9660	-79	55104	20436	-86	55111	17472	-80	55118	5534	-79	55125	
6407	7588	162	9622	-79	55144	20474	-86	55151	17439	-80	55158	5571	-79	55165	
6415	7621	116	9660	-79	55186	20436	-87	55193	17439	-79	55199	5571	-79	55206	
6394	7589	135	9660	-79	55228	20511	-87	55235	17476	-79	55241	5609	-79	55248	
6368	7616	138	9660	-79	55269	20474	-86	55276	17514	-80	55283	5609	-79	55290	
6386	7599	189	9622	-79	55311	20474	-87	55318	17476	-79	55325	5571	-79	55331	
6373	7621	50	9697	-79	55354	20474	-87	55361	17509	-80	55367	5646	-79	55374	
6324	7600	130	9584	-79	55395	20436	-86	55401	17514	-79	55408	5646	-79	55415	
6387	7650	120	9660	-79	55437	20399	-86	55444	17476	-79	55450	5571	-79	55457	
6348	7655	-42	9697	-79	55478	20399	-87	55485	17514	-79	55492	5684	-79	55498	
6381	7631	109	9697	-79	55520	20474	-86	55526	17514	-79	55533	5609	-79	55540	
6355	7631	-24	9688	-79	55562	20436	-85	55568	17505	-79	55575	5684	-79	55582	
6388	7657	52	9725	-79	55603	20436	-86	55610	17505	-80	55617	5609	-79	55624	
6367	7659	168	9688	-79	55645	20436	-86	55652	17542	-79	55658	5571	-79	55665	
6384	7630	131	9725	-80	55686	20511	-85	55693	17542	-79	55700	5609	-79	55706	
6395	7640	77	9725	-80	55728	20474	-86	55735	17505	-80	55742	5609	-79	55748	
6384	7630	131	9725	-79	55769	20511	-85	55776	17542	-79	55783	5609	-79	55790	
6398	7656	186	9688	-79	55812	20436	-86	55818	17505	-79	55825	5534	-79	55832	
6375	7640	196	9688	-80	55853	20474	-86	55860	17542	-80	55867	5571	-79	55874	
6407	7645	130	9725	-79	55894	20474	-86	55901	17505	-80	55908	5571	-79	55915	
6375	7650	110	9725	-79	55938	20474	-86	55945	17542	-80	55952	5609	-79	55959	
6350	7619	171	9650	-80	55979	20474	-86	55986	17542	-80	55993	5609	-79	56000	
6368	7667	86	9725	-79	56021	20436	-86	56028	17542	-79	56035	5609	-79	56042	
6410	7629	107	9697	-79	56063	20464	-86	56070	17472	-79	56076	5581	-79	56083	
6405	7603	79	9697	-80	56105	20502	-86	56113	17472	-79	56120	5618	-79	56126	
6392	7590	110	9660	-79	56148	20502	-86	56155	17472	-79	56163	5618	-79	56170	
6364	7605	262	9584	-80	56189	20464	-86	56196	17509	-80	56203	5543	-79	56210	
6381	7602	171	9622	-80	56231	20464	-86	56238	17476	-79	56245	5581	-79	56253	
6359	7585	172	9622	-79	56277	20502	-86	56284	17509	-80	56291	5618	-79	56298	
6403	7597	164	9660	-80	56318	20502	-86	56325	17472	-80	56333	5581	-79	56340	
6347	7619	318	9622	-80	56363	20502	-85	56370	17589	-79	56376	5543	-79	56383	
6370	7595	125	9622	-79	56404	20464	-86	56411	17476	-79	56417	5618	-79	56424	
6359	7585	271	9622	-80	56446	20539	-86	56453	17552	-80	56460	5581	-79	56467	
6394	7598	21	9697	-79	56490	20502	-86	56497	17476	-79	56504	5656	-79	56511	
6379	7623	267	9660	-79	56532	20502	-87	56539	17547	-79	56546	5543	-79	56553	
6366	7631	214	9660	-79	56576	20474	-87	56583	17542	-80	56590	5571	-79	56596	
6367	7589	106	9660	-80	56619	20511	-86	56625	17505	-79	56632	5646	-79	56639	
6362	7607	80	9660	-79	56660	20474	-87	56667	17505	-79	56674	5646	-79	56680	
6333	7627	169	9622	-79	56702	20436	-87	56709	17542	-79	56716	5609	-79	56723	
6366	7632	111	9660	-79	56744	20436	-87	56752	17505	-79	56759	5609	-79	56765	
6351	7653	-49	9697	-79	56786	20399	-87	56793	17505	-80	56799	5684	-79	56806	
6398	7643	67	9735	-79	56828	20474	-86	56835	17505	-79	56841	5609	-79	56848	
6377	7639	162	9660	-79	56872	20436	-87	56879	17505	-79	56885	5571	-79	56892	
6313	7638	201	9622	-80	56913	20436	-87	56922	17580	-80	56929	5609	-78	56935	
6326	7645	245	9622	-80	56957	20436	-87	56964	17580	-80	56972	5571	-79	56978	
6367	7609	-14	9660	-80	56999	20436	-87	57006	17467	-80	57013	5684	-79	57020	
6335	7578	241	9584	-79	57042	20511	-86	57049	17542	-80	57056	5609	-79	57062	
6360	7678	149	9688	-79	57086	20399	-87	57093	17542	-79	57099	5571	-79	57106	
6331	7638	121	9688	-80	57128	20474	-87	57135	17580	-79	57142	5646	-79	57149	
6356	7652	116	9688	-80	57171	20436	-87	57178	17542	-79	57185	5609	-79	57191	
6387	7655	167	9725	-80	57216	20474	-86	57222	17542	-79	57229	5571	-79	57236	
6371	7617	162	9688	-80	57259	20511	-86	57266	17542	-79	57272	5609	-79	57279	
6375	7640	196	9688	-80	57302	20474	-86	57309	17542	-80	57315	5571	-79	57322	
6345	7646	61	9688	-79	57343	20436	-87	57350	17542	-79	57357	5646	-79	57364	
6363	7634	144	9688	-80	57385	20474	-86	57392	17542	-80	57399	5609	-79	57406	
6354	7645	200	9650	-80	57427	20436	-87	57433	17542	-79	57440	5571	-79	57447	
6382	7667	118	9688	-80	57467	20399	-87	57474	17505	-79	57481	5571	-79	57488	
6413	7679	75	9763	-80	57511	20436	-87	57517	17505	-79	57524	5571	-79	57531	
6388	7657	52	9725	-80	57552	20436	-87	57561	17505	-79	57567	5609	-79	57574	
6364	7643	128	9697	-80	57595	20464	-87	57601	17542	-79	57608	5609	-79	57615	
6328	7614	161	9660	-80	57638	20502	-86	57644	17580	-79	57651	5646	-79	57658	
6335	7639	82	9660	-80	57681	20427	-87	57687	17542	-79	57694	5646	-79	57701	
6364	7643	128	9697	-80	57721	20464	-86	57728	17542	-80	57735	5609	-79	57742	
6333	7584	139	9584	-80	57764	20464	-87	57771	17505	-79	57778	5646	-79	57785	
6379	7654	198	9735	-80	57807	20502	-86	57813	17580	-80	57820	5571	-79	57827	
6332	7631	263	9622	-80	57848	20464	-87	57855	17580	-79	57862	5571	-79	57869	
6361	7619	95	9697	-80	57890	20502	-87	57896	17542	-79	57903	5646	-79	57910	
6335	7639	82	9660	-80	57931	20427	-87	57938	17542	-79	57945	5646	-79	57952	
6335	7639	82	9660	-80	57975	20427	-87	57981	17542	-80	57989	5646	-79	57995	
6378	7593	228	9622	-80	58016	20502	-87	58023	17505	-79	58030	5571	-79	58037	
6357	7660	103	9697	-80	58057	20427	-88	58064	17542	-79	58071	5609	-79	58078	
6372	7644	82	9650	-80	58099	20389	-87	58106	17476	-79	58112	5609	-79	58119	
6357	7635	120	9650	-79	58141	20427	-88	58147	17514	-79	58154	5609	-79	58161	
6396	7621	80	9688	-79	58183	20464	-88	58190	17476	-79	58197	5609	-79	58204	
6396	7621	80	9688	-80	58226	20464	-87	58232	17476	-79	58239	5609	-79	58246	
6499	7775	424	9688	-80	58226	20427	-88	58275	17509	-79	58282	5609	-79	58289	
6384	7606	111	9650	-80	58309	20464	-87	58316	17472	-79	58323	5609	-79	58329	
6395	7620	187	9688	-80	58350	20502	-87	58357	17514	-79	58364	5571	-79	58371	
6357	7633	219	9650	-80	58394	20464	-87	58401	17547	-79	58408	5571	-79	58415	
6407	7629	134	9688	-80	58438	20464	-87	58444	17476	-80	58451	5571	-79	58458	
6400	7653	133	9725	-80	58479	20464	-88	58485	17514	-79	58492	5571	-79	58499	
Err	Err	Err	9688	-80	58521	20464	-87	58528	17514	-79	58492	5571	-79	58542	
6400	7647	113	9688	-79	58563	20427	-87	58570	17476	-79	58577	5571	-79	58584	
6360	7603	79	9622	-80	58606	20436	-87	58613	17476	-79	58620	5646	-79	58628	
6377	7643	81	9660	-79	58647	20399	-87	58654	17476	-80	58661	5609	-79	58668	
6370	7635	38	9660	-80	58690	20399	-87	58696	17472	-79	58703	5646	-79	58710	
6375	7599	165	9660	-80	58731	20511	-86	58738	17514	-79	58744	5609	-79	58751	
6359	7628	196	9622	-79	58774	20436	-87	58781	17514	-79	58787	5571	-79	58794	
6422	7616	62	9735	-80	58818	20511	-86	58824	17476	-79	58831	5609	-79	58838	
6399	7619	190	9697	-80	58859	20511	-87	58866	17514	-79	58872	5571	-79	58879	
6372	7634	237	9622	-80	58900	20436	-87	58908	17514	-79	58914	5534	-79	58921	
6383	7624	91	9660	-80	58943	20436	-87	58950	17476	-79	58958	5609	-79	58964	
6382	7621	187	9660	-80	58987	20474	-86	58994	17509	-79	59000	5571	-79	59007	
6418	7660	77	9735	-79	59032	20436	-87	59039	17476	-79	59045	5571	-79	59052	
6412	7646	18	9697	-80	59075	20399	-87	59081	17434	-79	59088	5609	-79	59095	
6398	7660	100	9688	-80	59117	20399	-87	59124	17476	-79	59131	5571	-79	59138	
6384	7602	221	9650	-80	59159	20511	-86	59167	17514	-79	59174	5571	-79	59181	
6435	7651	72	9763	-80	59202	20474	-86	59209	17476	-79	59217	5571	-79	59224	
6392	7683	89	9725	-80	59245	20399	-87	59252	17509	-79	59258	5571	-79	59265	
6417	7655	85	9725	-79	59288	20436	-85	59295	17476	-79	59302	5571	-79	59308	
6377	7621	100	9650	-80	59330	20436	-86	59337	17476	-79	59344	5609	-79	59351	
6397	7675	23	9763	-80	59372	20436	-86	59378	17514	-79	59385	5609	-79	59392	
6388	7684	94	9725	-80	59413	20399	-86	59420	17514	-80	59427	5571	-79	59433	
6389	7634	171	9688	-80	59457	20474	-86	59464	17514	-79	59470	5571	-79	59477	
6389	7634	171	9688	-80	59499	20474	-86	59507	17514	-80	59513	5571	-79	59520	
6397	7616	88	9688	-80	59542	20474	-86	59549	17476	-80	59556	5609	-79	59563	
6429	7620	134	9725	-80	59584	20511	-86	59591	17476	-80	59598	5571	-79	59604	
6399	7622	111	9716	-80	59626	20502	-86	59633	17505	-80	59640	5604	-79	59646	
6394	7646	106	9753	-80	59670	20502	-86	59677	17542	-79	59683	5604	-79	59690	
6428	7652	41	9791	-80	59713	20502	-86	59720	17505	-79	59727	5600	-79	59734	
6430	7676	68	9791	-80	59749	20464	-86	59756	17505	-80	59763	5567	-79	59770	
6413	7633	180	9753	-80	59785	20539	-85	59792	17542	-80	59799	5567	-79	59806	
6410	7629	163	9716	-79	59826	20502	-86	59833	17505	-79	59839	5567	-79	59846	
6381	7634	26	9716	-79	59869	20464	-86	59876	17505	-79	59883	5642	-79	59890	
6380	7633	144	9716	-79	59911	20502	-85	59918	17542	-79	59926	5604	-79	59933	
6423	7642	132	9753	-79	59955	20502	-86	59962	17505	-79	59969	5567	-79	59976	
6389	7617	59	9716	-79	59999	20502	-85	60006	17505	-79	60013	5637	-79	60019	
6385	7665	85	9753	-79	60040	20464	-86	60047	17542	-79	60053	5604	-79	60060	
6405	7654	50	9753	-80	60080	20464	-86	60087	17505	-79	60094	5604	-79	60101	
6410	7633	-104	9753	-80	60123	20464	-86	60130	17467	-79	60137	5679	-79	60143	
6390	7582	286	9622	-79	60165	20539	-86	60172	17514	-79	60179	5543	-79	60186	
6397	7620	166	9697	-80	60209	20502	-86	60216	17509	-79	60223	5581	-79	60229	
6389	7638	140	9697	-80	60252	20464	-87	60259	17509	-79	60266	5581	-79	60272	
6593	7813	431	9697	-80	60252	20464	-87	60301	17476	-80	60308	5506	-79	60315	
6439	7626	135	9697	-79	60336	20464	-86	60343	17439	-79	60350	5543	-79	60357	
6446	7608	156	9697	-79	60379	20502	-87	60386	17439	-79	60393	5543	-79	60399	
6401	7598	168	9660	-79	60421	20502	-87	60428	17476	-79	60434	5581	-79	60441	
6430	7561	228	9622	-80	60464	20539	-87	60470	17434	-79	60477	5543	-79	60484	
6420	7642	189	9735	-79	60507	20502	-87	60514	17514	-79	60521	5543	-79	60528	
6439	7626	135	9697	-80	60549	20464	-86	60555	17439	-79	60562	5543	-79	60569	
6395	7616	141	9660	-80	60590	20464	-86	60597	17476	-79	60604	5581	-79	60611	
6424	7629	146	9660	-80	60632	20427	-87	60638	17434	-79	60645	5543	-79	60652	
6401	7571	161	9650	-80	60673	20535	-86	60680	17467	-79	60687	5604	-79	60694	
6429	7597	196	9725	-80	60717	20572	-85	60724	17505	-79	60730	5567	-79	60737	
6382	7582	189	9650	-80	60759	20535	-86	60765	17505	-80	60772	5604	-79	60779	
6421	7616	175	9725	-80	60799	20535	-86	60806	17505	-79	60813	5567	-79	60820	
6409	7610	124	9725	-80	60840	20535	-85	60847	17505	-79	60853	5604	-79	60860	
6405	7631	-15	9725	-79	60881	20460	-87	60888	17467	-80	60895	5642	-79	60901	
6374	7655	109	9725	-80	60921	20460	-87	60928	17542	-80	60935	5604	-79	60941	
6373	7572	233	9650	-80	60962	20572	-85	60969	17542	-79	60975	5604	-79	60983	
6409	7610	124	9725	-80	61003	20535	-85	61010	17505	-80	61017	5604	-79	61024	
6423	7617	181	9725	-80	61044	20535	-86	61051	17505	-80	61058	5562	-79	61065	
6391	7612	240	9688	-80	61088	20535	-85	61095	17542	-80	61102	5562	-79	61108	
6409	7661	34	9763	-80	61130	20460	-86	61137	17505	-79	61143	5604	-79	61150	
6400	7593	256	9688	-80	61172	20572	-87	61179	17542	-79	61186	5562	-79	61192	
6401	7619	156	9660	-80	61212	20460	-87	61219	17472	-79	61226	5567	-79	61233	
6419	7616	153	9697	-80	61255	20497	-86	61262	17472	-79	61269	5567	-79	61276	
6390	7614	110	9660	-80	61299	20460	-87	61305	17472	-79	61312	5600	-79	61319	
6394	7595	130	9660	-80	61341	20497	-86	61348	17476	-79	61355	5604	-79	61362	
6396	7595	239	9660	-80	61384	20535	-86	61391	17514	-79	61398	5562	-79	61404	
6414	7591	123	9697	-80	61427	20535	-86	61434	17476	-79	61441	5604	-79	61447	
6435	7581	203	9697	-80	61468	20572	-85	61475	17476	-79	61483	5562	-79	61489	
6439	7605	119	9697	-79	61510	20497	-86	61517	17434	-79	61523	5567	-79	61530	
6423	7624	59	9735	-80	61552	20497	-87	61559	17472	-79	61566	5604	-79	61572	
6416	7590	122	9697	-80	61595	20535	-86	61602	17472	-79	61609	5604	-79	61616	
6411	7634	128	9697	-80	61639	20460	-86	61646	17476	-79	61653	5567	-79	61659	
6399	7603	46	9697	-80	61682	20497	-86	61689	17472	-79	61696	5637	-79	61703	
6371	7675	69	9735	-80	61724	20427	-86	61732	17542	-80	61739	5609	-79	61746	
6376	7643	156	9660	-80	61767	20427	-86	61773	17505	-80	61780	5571	-79	61787	
6403	7621	173	9697	-80	61807	20502	-85	61813	17505	-79	61820	5571	-79	61827	
6388	7656	230	9697	-79	61850	20464	-86	61857	17542	-79	61864	5534	-79	61872	
6380	7599	249	9660	-80	61895	20539	-86	61902	17542	-79	61909	5571	-79	61916	
6393	7689	179	9735	-80	61937	20427	-86	61944	17542	-79	61951	5534	-79	61958	
6419	7660	171	9735	-80	61979	20464	-85	61985	17505	-79	61992	5534	-79	61999	
6404	7666	82	9697	-80	62022	20389	-86	62029	17467	-79	62035	5571	-79	62042	
6351	7628	156	9660	-80	62064	20464	-86	62072	17542	-80	62078	5609	-79	62085	
6376	7649	181	9697	-80	62107	20464	-86	62114	17542	-79	62122	5571	-79	62128	
6399	7665	177	9697	-80	62149	20427	-86	62156	17505	-80	62163	5534	-79	62169	
6363	7635	210	9660	-80	62191	20464	-86	62198	17542	-79	62205	5571	-79	62212	
6431	7610	252	9735	-80	62233	20577	-85	62240	17533	-79	62247	5534	-79	62254	
6399	7685	166	9735	-80	62275	20427	-86	62282	17533	-79	62289	5534	-79	62296	
6374	7664	147	9697	-79	62316	20427	-86	62322	17533	-79	62329	5571	-79	62336	
6402	7642	167	9735	-80	62358	20502	-86	62365	17533	-80	62372	5571	-79	62378	
6370	7637	225	9697	-80	62398	20502	-86	62405	17570	-79	62412	5571	-79	62419	
6400	7636	140	9697	-80	62440	20464	-86	62446	17495	-80	62453	5571	-79	62461	
6349	7642	232	9660	-80	62483	20464	-86	62490	17570	-80	62497	5571	-79	62504	
Err	Err	Err	9697	-80	62528	20464	-86	62490	17570	-79	62542	5571	-79	62549	
6393	7662	142	9735	-80	62571	20464	-86	62577	17533	-80	62584	5571	-79	62591	
6414	7649	213	9735	-80	62612	20502	-86	62619	17533	-79	62626	5534	-79	62632	
6400	7636	140	9697	-80	62654	20464	-85	62661	17495	-80	62668	5571	-78	62675	
6393	7662	142	9735	-80	62697	20464	-86	62703	17533	-80	62710	5571	-79	62717	
6431	7621	121	9725	-80	62738	20502	-86	62745	17467	-79	62752	5571	-79	62759	
6422	7666	-17	9763	-80	62781	20427	-87	62788	17467	-79	62795	5609	-79	62802	
6373	7646	188	9688	-80	62824	20464	-87	62831	17542	-79	62837	5571	-79	62844	
6373	7646	188	9688	-79	62866	20464	-86	62873	17542	-79	62879	5571	-79	62886	
6433	7672	39	9763	-80	62909	20427	-86	62916	17467	-79	62922	5571	-79	62929	
6399	7619	182	9688	-80	62951	20502	-86	62958	17505	-79	62964	5571	-79	62971	
6397	7660	180	9688	-80	62993	20427	-87	63000	17505	-79	63007	5534	-79	63013	
6374	7639	162	9650	-80	63036	20427	-87	63042	17505	-79	63049	5571	-79	63056	
6360	7632	214	9650	-80	63078	20464	-87	63084	17542	-80	63091	5571	-79	63098	
6404	7650	127	9725	-80	63119	20464	-87	63125	17505	-79	63132	5571	-79	63139	
6419	7608	150	9688	-80	63158	20502	-86	63164	17467	-79	63171	5571	-79	63178	
6380	7629	104	9688	-80	63201	20464	-87	63208	17505	-79	63214	5609	-79	63221	
6421	7643	-54	9763	-80	63243	20464	-87	63250	17467	-79	63256	5642	-79	63263	
6416	7642	65	9763	-80	63285	20502	-85	63292	17505	-79	63299	5604	-79	63305	
6375	7654	107	9725	-80	63328	20464	-87	63335	17542	-79	63342	5604	-79	63348	
6402	7625	103	9725	-80	63369	20502	-87	63375	17505	-79	63382	5604	-79	63389	
6402	7625	103	9725	-80	63411	20502	-87	63418	17505	-79	63425	5604	-79	63432	
6433	7681	63	9800	-80	63453	20464	-87	63460	17505	-79	63467	5567	-79	63473	
6375	7654	107	9725	-80	63495	20464	-86	63502	17542	-79	63509	5604	-79	63515	
6397	7594	158	9688	-80	63537	20539	-87	63544	17505	-79	63550	5604	-79	63557	
6397	7643	193	9725	-80	63579	20502	-87	63586	17542	-79	63593	5562	-79	63600	
6370	7622	167	9688	-80	63621	20502	-87	63628	17542	-79	63634	5604	-79	63641	
6378	7606	90	9688	-79	63662	20502	-87	63669	17505	-79	63675	5637	-79	63682	
6364	7641	147	9688	-80	63703	20464	-87	63710	17542	-79	63716	5600	-79	63723	
6379	7648	237	9688	-80	63745	20474	-87	63752	17552	-79	63759	5543	-79	63766	
6419	7635	92	9725	-80	63789	20474	-86	63795	17476	-79	63802	5581	-79	63809	
6471	7626	213	9763	-80	63831	20549	-87	63837	17476	-79	63844	5506	-79	63851	
6417	7679	105	9725	-80	63872	20399	-87	63879	17476	-79	63885	5543	-79	63892	
6481	7636	163	9763	-80	63917	20511	-86	63924	17439	-79	63931	5506	-79	63937	
6426	7659	120	9725	-80	63961	20436	-87	63967	17472	-79	63974	5543	-79	63981	
6474	7653	135	9763	-80	64003	20474	-87	64010	17439	-79	64017	5506	-79	64024	
6464	7673	-29	9800	-80	64047	20436	-87	64053	17439	-79	64060	5581	-79	64067	
6425	7660	122	9725	-80	64091	20436	-86	64098	17476	-79	64105	5543	-79	64112	
6428	7663	29	9725	-79	64133	20399	-87	64140	17439	-79	64147	5581	-79	64154	
6434	7667	175	9725	-80	64175	20436	-87	64182	17476	-80	64188	5506	-79	64195	
6442	7699	122	9763	-80	64217	20399	-87	64224	17472	-79	64231	5506	-79	64238	
6373	7692	118	9725	-79	64262	20399	-88	64269	17542	-79	64275	5571	-79	64282	
6400	7662	216	9725	-79	64303	20474	-87	64310	17542	-79	64317	5534	-79	64324	
6424	7684	127	9763	-80	64345	20436	-88	64351	17505	-79	64358	5534	-79	64365	
6395	7681	86	9725	-80	64387	20399	-88	64394	17505	-79	64400	5571	-79	64407	
6401	7662	106	9725	-80	64430	20436	-88	64437	17505	-80	64444	5571	-79	64450	
6355	7696	127	9688	-80	64471	20361	-87	64478	17542	-79	64485	5571	-79	64492	
6399	7633	58	9688	-80	64513	20436	-87	64519	17467	-79	64527	5609	-79	64534	
6375	7650	110	9725	-80	64556	20474	-86	64562	17542	-80	64569	5609	-79	64577	
6387	7655	167	9725	-80	64599	20474	-87	64606	17542	-80	64613	5571	-79	64620	
6395	7681	86	9725	-80	64641	20399	-87	64648	17505	-79	64655	5571	-79	64661	
6380	7673	139	9725	-80	64681	20436	-86	64688	17542	-79	64695	5571	-79	64702	
6400	7662	216	9725	-80	64724	20474	-85	64731	17542	-79	64737	5534	-79	64744	
6439	7633	156	9735	-80	64764	20502	-86	64771	17476	-79	64778	5543	-79	64784	
6387	7633	219	9660	-80	64806	20464	-86	64813	17514	-79	64820	5543	-79	64827	
6441	7625	132	9697	-80	64851	20464	-87	64858	17434	-79	64866	5543	-79	64873	
6343	7629	153	9660	-79	64895	20464	-87	64902	17552	-79	64908	5618	-79	64916	
6396	7608	306	9622	-79	64940	20502	-87	64946	17514	-80	64953	5506	-79	64960	
6409	7581	190	9660	-79	64980	20539	-86	64987	17476	-79	64994	5581	-79	65001	
6427	7617	186	9697	-80	65021	20502	-86	65028	17476	-79	65036	5543	-79	65042	
6399	7646	195	9697	-79	65064	20464	-87	65070	17514	-79	65077	5543	-79	65084	
6428	7617	185	9697	-80	65105	20502	-87	65112	17472	-80	65119	5543	-79	65126	
6399	7640	264	9660	-80	65149	20464	-87	65156	17514	-79	65163	5506	-79	65169	
6423	7661	189	9697	-79	65193	20427	-87	65199	17476	-79	65206	5506	-79	65213	
6407	7669	212	9697	-80	65236	20427	-87	65243	17509	-79	65249	5506	-79	65256	
6409	7666	144	9688	-80	65277	20399	-87	65283	17476	-79	65290	5534	-79	65297	
6415	7699	98	9725	-80	65319	20361	-87	65326	17476	-79	65332	5534	-78	65339	
6418	7633	-46	9725	-79	65360	20436	-87	65367	17439	-79	65375	5646	-79	65382	
6419	7654	82	9725	-79	65404	20436	-87	65411	17472	-79	65418	5571	-79	65425	
6384	7659	60	9725	-80	65448	20436	-87	65455	17514	-79	65462	5609	-79	65469	
6416	7652	187	9725	-79	65489	20474	-87	65496	17509	-79	65502	5534	-79	65509	
6370	7644	202	9688	-80	65530	20474	-86	65537	17552	-79	65544	5571	-79	65550	
6365	7668	90	9725	-79	65574	20436	-86	65580	17547	-79	65587	5609	-79	65594	
6394	7664	224	9725	-79	65614	20474	-86	65621	17552	-80	65628	5534	-79	65634	
6379	7633	139	9725	-79	65658	20511	-86	65664	17552	-80	65671	5609	-79	65678	
6393	7648	102	9763	-79	65700	20511	-86	65707	17552	-79	65714	5609	-79	65720	
6408	7681	82	9763	-79	65743	20436	-87	65750	17514	-79	65757	5571	-79	65763	
6379	7635	103	9697	-80	65785	20464	-87	65792	17514	-80	65799	5609	-79	65806	
6438	7609	142	9735	-80	65828	20539	-86	65835	17476	-79	65842	5571	-79	65849	
6379	7635	103	9697	-80	65871	20464	-87	65878	17514	-79	65884	5609	-79	65891	
6399	7632	91	9735	-80	65913	20502	-86	65920	17514	-79	65927	5609	-79	65933	
6425	7596	175	9697	-80	65954	20539	-87	65961	17476	-80	65968	5571	-79	65975	
6373	7602	159	9660	-80	65997	20502	-86	66004	17514	-80	66011	5609	-79	66017	
6398	7624	180	9697	-79	66040	20502	-86	66047	17514	-79	66053	5571	-79	66060	
6416	7606	228	9660	-79	66081	20502	-87	66088	17476	-79	66095	5534	-79	66102	
6386	7617	128	9697	-79	66124	20502	-87	66131	17514	-80	66137	5609	-79	66144	
6385	7609	211	9660	-79	66165	20502	-85	66172	17514	-79	66179	5571	-79	66186	
6412	7630	125	9697	-79	66208	20464	-86	66215	17472	-79	66222	5571	-79	66228	
6394	7592	230	9660	-79	66248	20539	-86	66255	17514	-79	66262	5571	-79	66269	
6433	7609	42	9725	-79	66289	20502	-86	66296	17444	-79	66303	5609	-79	66310	
6432	7608	152	9725	-80	66332	20539	-86	66339	17481	-80	66345	5571	-79	66352	
6444	7615	99	9725	-79	66374	20502	-85	66381	17444	-80	66388	5571	-79	66395	
6442	7608	180	9688	-80	66415	20502	-86	66422	17444	-80	66429	5534	-79	66436	
6435	7603	33	9688	-79	66457	20464	-86	66464	17406	-79	66471	5609	-79	66477	
6436	7632	182	9725	-79	66498	20502	-86	66505	17481	-79	66512	5534	-79	66519	
6425	7619	109	9688	-80	66540	20464	-86	66546	17444	-80	66553	5571	-79	66560	
6449	7647	152	9763	-80	66582	20502	-86	66589	17481	-80	66596	5534	-79	66603	
6427	7627	20	9725	-80	66625	20464	-86	66632	17444	-79	66639	5609	-79	66645	
6412	7612	162	9688	-80	66669	20502	-86	66676	17481	-79	66683	5571	-79	66689	
6451	7591	101	9688	-80	66710	20502	-86	66717	17406	-79	66724	5571	-79	66730	
6447	7609	87	9688	-80	66752	20464	-87	66759	17406	-79	66765	5571	-79	66772	
Err	Err	Err	9688	-80	66794	20502	-87	66801	17406	-79	66765	5646	-80	66815	
6409	7577	210	9650	-80	66837	20539	-86	66844	17476	-80	66851	5571	-79	66858	
6439	7680	97	9763	-80	66880	20427	-87	66887	17472	-79	66894	5534	-79	66901	
6369	7650	87	9688	-80	66922	20427	-87	66928	17514	-79	66935	5609	-79	66942	
6421	7642	100	9725	-80	66964	20464	-86	66972	17472	-80	66979	5571	-79	66985	
6458	7645	31	9763	-80	67006	20464	-87	67013	17434	-79	67019	5571	-79	67026	
6420	7641	102	9725	-79	67047	20464	-87	67053	17476	-79	67061	5571	-79	67067	
6436	7654	173	9763	-80	67089	20502	-87	67096	17509	-79	67103	5534	-79	67110	
6443	7656	206	9725	-80	67129	20464	-87	67136	17476	-80	67143	5496	-79	67149	
6427	7675	46	9763	-80	67170	20427	-87	67176	17476	-79	67183	5571	-79	67192	
6395	7620	187	9688	-80	67212	20502	-86	67219	17514	-79	67226	5571	-79	67232	
6407	7629	134	9688	-80	67256	20464	-87	67263	17476	-79	67270	5571	-79	67276	
6364	7664	74	9688	-80	67299	20399	-87	67305	17514	-79	67312	5609	-79	67319	
6500	7770	425	9688	-80	67299	20436	-87	67349	17509	-79	67356	5609	-79	67363	
6404	7599	109	9688	-79	67384	20511	-86	67391	17476	-79	67398	5609	-79	67405	
6378	7627	116	9688	-80	67425	20474	-87	67432	17514	-80	67439	5609	-79	67445	
6382	7651	145	9688	-80	67468	20436	-87	67475	17514	-80	67481	5571	-79	67488	
6423	7679	114	9725	-80	67510	20399	-87	67517	17472	-79	67524	5534	-79	67531	
Err	Err	Err	9725	-80	67553	20399	-87	67560	17472	-79	67524	5609	-79	67574	
6356	7689	71	9725	-80	67599	20399	-86	67606	17552	-79	67613	5609	-79	67620	
6390	7693	3	9763	-80	67643	20399	-86	67650	17514	-80	67657	5609	-79	67664	
6362	7662	177	9688	-79	67686	20436	-86	67692	17552	-80	67699	5571	-79	67706	
6405	7650	29	9725	-79	67728	20436	-86	67735	17476	-79	67742	5609	-79	67749	
6414	7629	47	9725	-79	67772	20474	-86	67781	17472	-80	67787	5609	-79	67794	
6399	7637	175	9650	-79	67815	20427	-86	67821	17476	-79	67828	5543	-79	67835	
6400	7644	99	9688	-79	67856	20427	-86	67863	17476	-79	67870	5581	-79	67877	
6410	7601	222	9650	-79	67898	20502	-85	67905	17476	-79	67911	5543	-79	67918	
6405	7618	195	9650	-79	67941	20464	-86	67947	17472	-79	67954	5543	-79	67961	
6408	7652	151	9688	-79	67982	20427	-86	67990	17476	-79	67997	5543	-79	68004	
6377	7647	204	9650	-79	68026	20427	-86	68032	17514	-79	68040	5543	-79	68047	
6386	7628	225	9650	-79	68069	20464	-86	68075	17509	-80	68082	5543	-79	68090	
6420	7637	191	9725	-79	68111	20502	-86	68119	17509	-79	68125	5543	-79	68132	
6422	7671	139	9763	-79	68153	20464	-86	68160	17514	-79	68166	5543	-79	68173	
6402	7674	252	9725	-79	68196	20464	-86	68202	17552	-80	68209	5506	-79	68216	
6390	7669	95	9725	-80	68238	20427	-86	68245	17514	-79	68252	5581	-79	68259	
6400	7644	99	9688	-80	68279	20427	-85	68285	17476	-79	68292	5581	-79	68299	
6373	7653	80	9697	-80	68320	20427	-86	68326	17514	-79	68333	5609	-79	68340	
6350	7656	195	9660	-80	68361	20427	-86	68368	17552	-79	68375	5571	-79	68382	
6400	7616	153	9660	-80	68403	20464	-86	68410	17472	-79	68417	5571	-79	68424	
6358	7645	139	9697	-80	68446	20464	-87	68452	17552	-79	68459	5609	-79	68466	
6419	7621	61	9735	-80	68488	20502	-86	68495	17476	-79	68502	5609	-79	68509	
6372	7660	103	9735	-80	68531	20464	-87	68538	17552	-79	68545	5609	-79	68551	
6384	7659	134	9697	-80	68574	20427	-87	68580	17514	-80	68588	5571	-79	68594	
6404	7656	122	9735	-80	68616	20464	-87	68623	17514	-79	68630	5571	-79	68636	
6398	7625	73	9697	-79	68657	20464	-87	68663	17476	-79	68670	5609	-79	68677	
6419	7621	61	9735	-80	68699	20502	-87	68706	17476	-79	68713	5609	-79	68719	
6424	7645	92	9735	-80	68741	20464	-86	68748	17476	-79	68754	5571	-79	68761	
6412	7630	125	9697	-80	68782	20464	-87	68789	17472	-79	68796	5571	-79	68802	
6432	7654	49	9763	-80	68824	20464	-87	68831	17476	-79	68838	5581	-79	68845	
6392	7668	92	9725	-80	68865	20427	-87	68872	17509	-79	68879	5581	-79	68886	
6441	7654	191	9725	-80	68906	20464	-86	68913	17472	-79	68919	5506	-79	68926	
6364	7648	182	9688	-80	68948	20464	-87	68955	17552	-79	68962	5581	-79	68969	
6432	7649	40	9725	-80	68989	20427	-86	68995	17439	-79	69002	5581	-79	69009	
6416	7633	169	9688	-80	69032	20464	-87	69038	17476	-79	69045	5543	-79	69052	
6463	7649	180	9763	-80	69074	20502	-86	69081	17472	-79	69088	5506	-79	69094	
6415	7680	197	9725	-80	69117	20427	-86	69124	17509	-79	69131	5506	-79	69137	
6404	7633	144	9725	-80	69158	20502	-87	69165	17514	-80	69172	5581	-79	69178	
6416	7640	89	9725	-80	69201	20464	-87	69208	17476	-79	69215	5581	-79	69221	
6436	7670	164	9725	-80	69244	20427	-87	69250	17472	-79	69257	5506	-79	69264	
6417	7632	168	9688	-80	69284	20464	-86	69291	17472	-79	69298	5543	-79	69304	
6456	7643	18	9763	-80	69327	20464	-87	69334	17434	-80	69340	5581	-79	69347	
6394	7664	200	9725	-80	69370	20464	-86	69376	17542	-79	69383	5543	-79	69390	
6458	7717	76	9800	-80	69412	20389	-87	69419	17467	-79	69426	5506	-79	69433	
6437	7676	189	9763	-80	69455	20464	-87	69462	17505	-79	69468	5506	-79	69475	
6401	7641	193	9688	-80	69497	20464	-87	69504	17505	-79	69511	5543	-79	69517	
6400	7697	141	9763	-80	69540	20427	-87	69546	17542	-79	69553	5543	-79	69560	
6442	7633	180	9763	-80	69581	20539	-87	69588	17505	-79	69594	5543	-79	69601	
6370	7643	173	9688	-80	69621	20464	-87	69627	17542	-80	69634	5581	-79	69641	
6421	7629	264	9688	-80	69661	20502	-87	69668	17505	-80	69675	5506	-79	69681	
6437	7676	189	9763	-80	69704	20464	-87	69711	17505	-79	69718	5506	-79	69724	
6398	7669	214	9763	-80	69747	20502	-87	69754	17580	-79	69760	5543	-79	69767	
6394	7664	200	9725	-80	69791	20464	-87	69798	17542	-79	69804	5543	-79	69811	
6384	7655	246	9725	-80	69833	20502	-87	69840	17580	-79	69846	5543	-79	69853	
6416	7640	89	9725	-80	69874	20464	-86	69881	17476	-79	69887	5581	-79	69894	
6416	7640	89	9725	-80	69917	20464	-86	69923	17476	-79	69930	5581	-79	69937	
6417	7639	198	9725	-80	69960	20502	-85	69967	17514	-79	69973	5543	-79	69980	
6432	7654	49	9763	-80	70002	20464	-86	70009	17476	-80	70016	5581	-79	70022	
6408	7657	176	9725	-80	70043	20464	-87	70050	17514	-79	70057	5543	-79	70064	
6388	7662	183	9688	-80	70087	20427	-87	70093	17514	-79	70100	5543	-79	70107	
6416	7633	169	9688	-80	70129	20464	-87	70136	17476	-80	70143	5543	-79	70150	
6422	7671	139	9763	-80	70171	20464	-86	70178	17514	-79	70186	5543	-79	70192	
6399	7649	116	9725	-80	70214	20464	-86	70221	17509	-79	70228	5581	-79	70235	
6404	7633	144	9725	-80	70259	20502	-86	70266	17514	-79	70273	5581	-79	70280	
6410	7665	83	9763	-80	70301	20464	-86	70308	17514	-79	70315	5581	-79	70322	
6384	7659	134	9697	-80	70342	20427	-86	70349	17514	-79	70356	5571	-79	70363	
6390	7642	159	9697	-80	70385	20464	-86	70392	17514	-79	70399	5571	-79	70405	
6406	7654	118	9735	-79	70426	20464	-87	70433	17509	-79	70440	5571	-79	70446	
6358	7645	139	9697	-80	70468	20464	-87	70475	17552	-79	70482	5609	-79	70488	
6409	7632	126	9697	-80	70511	20464	-87	70518	17476	-80	70525	5571	-79	70532	
6421	7563	223	9660	-80	70554	20577	-86	70561	17476	-79	70568	5571	-79	70575	
6358	7645	139	9697	-80	70599	20464	-87	70606	17552	-80	70613	5609	-79	70619	
6393	7650	65	9735	-80	70641	20464	-87	70648	17514	-79	70655	5609	-79	70662	
6398	7624	180	9697	-80	70682	20502	-86	70688	17514	-79	70695	5571	-79	70702	
6405	7675	1	9735	-80	70722	20389	-87	70729	17472	-79	70736	5609	-79	70743	
6371	7645	164	9660	-80	70765	20427	-87	70771	17514	-80	70778	5571	-79	70785	
6406	7654	118	9735	-80	70809	20464	-87	70815	17509	-79	70822	5571	-79	70829	
6409	7710	72	9772	-80	70850	20389	-88	70857	17514	-80	70864	5553	-79	70871	
6407	7703	157	9735	-80	70890	20389	-88	70897	17514	-80	70904	5515	-79	70911	
6393	7688	186	9697	-80	70932	20389	-88	70939	17514	-79	70946	5515	-79	70953	
6431	7636	177	9660	-80	70976	20427	-88	70984	17439	-79	70991	5515	-79	70997	
6389	7662	157	9697	-79	71020	20427	-88	71026	17514	-79	71033	5553	-79	71040	
6396	7688	183	9697	-80	71062	20389	-88	71069	17509	-79	71076	5515	-79	71083	
6396	7638	253	9660	-80	71103	20464	-87	71109	17514	-80	71116	5515	-79	71123	
6421	7666	205	9735	-80	71145	20464	-88	71152	17514	-79	71158	5515	-79	71165	
6392	7669	180	9735	-80	71187	20464	-87	71194	17547	-79	71201	5553	-79	71207	
6435	7623	223	9697	-80	71229	20502	-87	71236	17476	-80	71243	5515	-79	71250	
6450	7637	194	9735	-80	71271	20502	-87	71277	17472	-79	71284	5515	-79	71291	
6376	7705	135	9735	-80	71314	20389	-88	71321	17552	-79	71327	5553	-79	71334	
6403	7685	64	9763	-80	71355	20427	-87	71362	17514	-79	71369	5581	-79	71376	
6415	7605	241	9688	-80	71398	20539	-88	71405	17509	-79	71411	5543	-79	71418	
6424	7680	45	9800	-80	71439	20464	-88	71446	17514	-80	71453	5581	-79	71460	
6400	7701	35	9763	-80	71484	20389	-87	71491	17509	-79	71497	5581	-79	71504	
6390	7669	95	9725	-80	71525	20427	-88	71532	17514	-80	71539	5581	-79	71545	
6402	7674	252	9725	-80	71565	20464	-87	71572	17552	-79	71579	5506	-79	71585	
6415	7680	197	9725	-79	71607	20427	-87	71614	17509	-79	71621	5506	-79	71627	
6394	7701	155	9763	-79	71650	20427	-87	71656	17552	-79	71663	5543	-79	71670	
6403	7681	174	9763	-80	71691	20464	-87	71698	17552	-79	71705	5543	-79	71712	
6381	7686	185	9725	-80	71735	20427	-86	71742	17552	-79	71748	5543	-79	71755	
6405	7690	81	9800	-80	71776	20464	-87	71782	17552	-79	71789	5581	-79	71796	
6419	7715	146	9763	-79	71817	20389	-87	71824	17514	-80	71831	5506	-79	71837	
6418	7638	166	9697	-80	71858	20464	-87	71865	17476	-79	71872	5543	-79	71879	
6389	7638	140	9697	-80	71900	20464	-87	71906	17509	-79	71913	5581	-79	71920	
6431	7643	208	9697	-80	71941	20464	-87	71948	17476	-79	71954	5506	-79	71961	
6399	7641	170	9660	-80	71982	20427	-87	71989	17476	-79	71996	5543	-79	72003	
6420	7645	80	9735	-79	72026	20464	-87	72033	17476	-79	72040	5581	-79	72047	
6392	7665	172	9697	-80	72068	20427	-87	72075	17514	-79	72082	5543	-79	72089	
6420	7645	80	9735	-80	72110	20464	-87	72117	17476	-79	72123	5581	-79	72131	
6392	7665	172	9697	-80	72152	20427	-86	72159	17514	-80	72166	5543	-79	72173	
6406	7622	191	9660	-80	72195	20464	-87	72202	17476	-79	72208	5543	-79	72215	
6395	7667	73	9697	-80	72236	20389	-87	72243	17476	-80	72249	5581	-79	72256	
6418	7661	54	9735	-80	72279	20427	-87	72285	17472	-79	72292	5581	-79	72299	
6432	7642	209	9697	-80	72319	20464	-86	72326	17472	-80	72333	5506	-79	72339	
6392	7658	242	9660	-79	72359	20427	-87	72366	17514	-80	72372	5506	-79	72379	
6387	7627	198	9622	-80	72401	20427	-87	72408	17481	-79	72415	5543	-79	72422	
6467	7624	159	9697	-80	72448	20464	-87	72454	17406	-79	72461	5506	-79	72468	
6452	7636	96	9697	-80	72488	20427	-87	72495	17406	-79	72501	5543	-79	72508	
6423	7665	102	9697	-80	72531	20389	-87	72538	17444	-80	72545	5543	-79	72552	
6436	7626	240	9697	-79	72573	20502	-87	72581	17481	-79	72588	5506	-79	72595	
6436	7628	138	9697	-80	72618	20464	-87	72625	17444	-79	72632	5543	-79	72639	
6417	7633	146	9660	-80	72661	20427	-87	72668	17444	-79	72675	5543	-79	72682	
6397	7643	174	9660	-80	72704	20427	-86	72710	17481	-80	72717	5543	-79	72724	
6409	7625	105	9660	-80	72745	20427	-86	72752	17444	-80	72759	5581	-79	72766	
6397	7648	199	9697	-80	72788	20464	-87	72795	17519	-80	72802	5543	-79	72809	
6440	7653	165	9697	-80	72830	20427	-87	72837	17444	-80	72844	5506	-79	72851	
6452	7622	135	9725	-80	72873	20497	-87	72880	17444	-79	72887	5543	-79	72894	
6427	7649	140	9725	-80	72916	20460	-86	72922	17476	-79	72930	5543	-79	72937	
6417	7643	84	9725	-80	72959	20460	-87	72966	17476	-80	72972	5581	-79	72981	
Percentuale di fallimenti nel positioning: 1.0%