Distanza: 50000.0
X [mm]	Y [mm]	Z [mm]	A0 	 RSS 	 Time 	 A1 	 RSS 	 Time 	 A2 	 RSS 	 Time 	 A3 	 RSS 	 Time 	 
28402	34018	-2662	0	0	9963521	0	0	1705985	0	0	1705985	0	0	1705985	
29224	36163	-13577	49731	-91	313687	33024	-83	313694	39718	-88	313701	34263	-84	313708	
31960	37397	-1342	49656	-92	313716	32987	-83	313723	39675	-90	313730	34263	-85	313737	
31340	37626	-4177	49731	-90	313778	32949	-84	313753	39643	-90	313760	34263	-85	313767	
31178	36850	-8409	49731	-90	313808	33062	-84	313785	39638	-89	313792	34300	-83	313798	
31122	36896	-8371	49731	-90	313808	33024	-83	313815	39680	-89	313821	34300	-84	313828	
31420	37332	-5706	49731	-91	313868	32987	-83	313845	39680	-90	313851	34300	-84	313858	
31127	36971	-7763	49731	-91	313868	32987	-83	313875	39675	-90	313882	34263	-84	313889	
31122	36896	-8371	49694	-91	313928	33024	-83	313905	39680	-89	313912	34300	-84	313919	
31496	37608	-4280	49769	-90	313957	33062	-83	313935	39718	-89	313942	34263	-84	313949	
31045	36781	-8798	49656	-91	313987	33024	-83	313964	39643	-90	313971	34300	-84	313978	
31155	36737	-8470	49694	-93	314017	32987	-84	313994	39680	-89	314001	34300	-84	314008	
31747	37338	-4673	49694	-93	314017	33024	-83	314024	39675	-89	314031	34338	-85	314038	
31183	36988	-7418	49619	-94	314047	33024	-83	314054	39680	-89	314061	34263	-85	314068	
30731	36706	-9368	49544	-95	314077	33024	-83	314084	39680	-89	314091	34263	-85	314098	
31459	37384	-5152	49619	-94	314107	33024	-83	314114	39713	-89	314121	34263	-85	314128	
30979	36885	-8696	49694	-93	314168	32987	-83	314144	39718	-89	314151	34300	-85	314158	
31345	37536	-5291	49694	-93	314168	33024	-83	314174	39713	-89	314181	34300	-85	314188	
30935	37004	-7928	49610	-93	314198	32987	-83	314205	39718	-89	314212	34188	-86	314218	
31119	36988	-7812	49647	-93	314228	32949	-83	314234	39680	-89	314241	34225	-85	314248	
31177	37121	-7324	49685	-92	314258	32987	-83	314264	39750	-89	314271	34225	-86	314278	
29274	36147	-13539	49647	-92	314288	33024	-83	314294	39680	-89	314301	34225	-85	314308	
31108	36957	-8053	49685	-92	314316	33024	-82	314323	39718	-89	314330	34263	-85	314336	
31111	36897	-8247	49722	-90	314377	33024	-83	314354	39680	-88	314361	34263	-86	314368	
31173	37055	-7538	49722	-91	314408	32987	-84	314384	39713	-89	314391	34225	-86	314397	
31076	36994	-8041	49722	-91	314408	33024	-82	314414	39755	-88	314421	34338	-85	314428	
29468	36199	-13124	49685	-92	314466	33062	-83	314444	39675	-89	314451	34225	-87	314458	
31056	37290	-6907	49610	-93	314497	32987	-83	314474	39680	-89	314481	34263	-85	314488	
29179	36017	-13812	49722	-90	314526	33024	-84	314504	39680	-89	314511	34225	-86	314518	
29196	36101	-13833	49722	-90	314526	33024	-84	314533	39713	-89	314540	34263	-86	314546	
31070	36999	-7720	49647	-91	314585	33024	-84	314562	39680	-89	314569	34188	-86	314576	
29274	36147	-13539	49647	-91	314585	33024	-84	314592	39680	-89	314599	34225	-86	314605	
31167	37011	-7541	49647	-91	314615	32987	-83	314622	39680	-88	314629	34188	-87	314636	
29674	36401	-12256	49685	-92	314646	33024	-84	314654	39718	-89	314660	34188	-86	314667	
29803	36428	-12074	49685	-93	314676	33062	-84	314683	39718	-89	314689	34188	-86	314696	
30958	36896	-8473	49685	-91	314705	33057	-85	314714	39718	-89	314721	34263	-86	314727	
29319	36013	-13730	49722	-90	314765	33095	-84	314743	39600	-89	314750	34225	-86	314756	
31212	36837	-8124	49722	-89	314797	33057	-84	314774	39600	-88	314781	34225	-85	314787	
29432	36214	-13165	49685	-90	314825	33057	-84	314804	39755	-88	314811	34263	-85	314818	
31485	37260	-5781	49760	-90	314857	33095	-84	314832	39643	-87	314839	34263	-85	314846	
31594	37370	-4867	49760	-90	314857	33057	-84	314863	39680	-89	314870	34263	-85	314877	
31184	37355	-6733	49685	-89	314887	33095	-83	314894	39605	-88	314901	34338	-84	314907	
31284	37005	-7369	49722	-89	314917	33057	-84	314924	39675	-89	314931	34225	-85	314938	
31036	36899	-8463	49797	-88	314977	33095	-83	314954	39713	-88	314961	34300	-85	314968	
31428	37071	-6887	49797	-88	314977	33095	-83	314983	39675	-89	314990	34225	-86	314997	
29401	36085	-13669	49722	-89	315007	33170	-84	315013	39680	-89	315020	34300	-85	315027	
29216	36079	-13814	49722	-88	315036	33095	-83	315042	39718	-89	315049	34300	-86	315056	
31192	37060	-7620	49797	-86	315096	33170	-84	315073	39718	-88	315080	34338	-85	315087	
31397	37037	-7336	49797	-86	315096	33132	-84	315103	39713	-88	315110	34300	-85	315116	
29538	36186	-13105	49760	-86	315126	33132	-84	315133	39680	-89	315140	34263	-86	315147	
31455	37200	-6611	49797	-86	315155	33132	-85	315163	39793	-89	315170	34300	-85	315177	
29860	36398	-12279	49835	-87	315186	33170	-85	315193	39793	-88	315200	34300	-84	315207	
31623	37414	-4751	49722	-88	315215	33132	-85	315223	39708	-89	315230	34300	-85	315236	
31396	37086	-7170	49760	-87	315247	33132	-85	315253	39746	-90	315260	34300	-85	315267	
29814	36290	-12433	49722	-88	315276	33170	-85	315283	39746	-90	315290	34263	-85	315297	
31396	37086	-7170	49760	-88	315305	33132	-85	315313	39746	-90	315319	34300	-85	315326	
31420	37056	-7066	49760	-88	315336	33132	-84	315343	39708	-89	315349	34263	-85	315356	
31556	37650	-3888	49722	-88	315366	33170	-84	315373	39783	-89	315379	34338	-85	315386	
29757	36502	-12315	49760	-87	315425	33095	-84	315403	39783	-89	315410	34263	-85	315417	
29625	36353	-12713	49760	-87	315425	33132	-84	315432	39783	-87	315439	34300	-86	315445	
29841	36399	-12550	49797	-87	315454	33170	-83	315460	39783	-87	315467	34300	-85	315474	
29461	36257	-13249	49797	-87	315512	33132	-83	315489	39821	-87	315496	34338	-85	315503	
29841	36399	-12550	49797	-87	315512	33170	-84	315519	39783	-87	315526	34300	-85	315533	
29479	36170	-13372	49760	-87	315541	33170	-83	315548	39783	-87	315555	34338	-85	315562	
30220	36750	-10824	49760	-86	315570	33170	-83	315577	39858	-87	315584	34263	-84	315591	
29461	36257	-13249	49760	-86	315599	33132	-83	315606	39821	-87	315613	34338	-84	315620	
29461	36257	-13249	49760	-86	315628	33132	-83	315634	39821	-87	315641	34338	-84	315648	
29756	36394	-12553	49760	-86	315685	33207	-83	315663	39821	-87	315670	34338	-84	315676	
30036	36570	-11890	49760	-87	315713	33245	-83	315691	39858	-86	315698	34338	-84	315705	
29242	36184	-13777	49722	-87	315743	33095	-84	315721	39783	-87	315728	34338	-84	315735	
31343	37224	-6696	49760	-87	315774	33099	-84	315751	39825	-87	315757	34272	-84	315764	
29610	36272	-12978	49760	-87	315774	33174	-83	315781	39755	-87	315788	34310	-84	315794	
29860	36576	-11937	49797	-86	315803	33099	-83	315809	39825	-86	315816	34272	-84	315823	
31672	37728	-2842	49760	-86	315832	33099	-83	315839	39793	-86	315845	34272	-84	315852	
29628	36367	-12799	49797	-86	315862	33137	-83	315868	39788	-87	315875	34310	-84	315882	
29500	36365	-13070	49760	-87	315891	33099	-83	315897	39793	-87	315904	34310	-85	315911	
29720	36373	-12452	49797	-86	315948	33137	-83	315926	39750	-87	315933	34272	-85	315939	
29385	36230	-13394	49797	-86	315948	33099	-84	315955	39755	-87	315961	34310	-84	315968	
29776	36457	-12533	49797	-87	315977	33137	-84	315983	39825	-88	315990	34310	-84	315997	
31522	37846	-2543	49797	-87	316035	33099	-84	316012	39793	-87	316018	34235	-84	316025	
29625	36405	-12743	49797	-87	316035	33099	-84	316041	39830	-86	316048	34310	-84	316055	
29805	36389	-12537	49797	-87	316063	33137	-84	316070	39755	-88	316077	34272	-84	316084	
29482	36260	-12998	49685	-87	316091	33099	-84	316098	39750	-88	316105	34272	-84	316112	
31305	37060	-7500	49760	-87	316121	33099	-84	316128	39755	-88	316134	34310	-84	316141	
31662	37549	-4094	49797	-88	316151	33099	-85	316158	39718	-88	316165	34272	-84	316172	
29667	36410	-12731	49797	-87	316180	33137	-84	316187	39793	-88	316194	34310	-84	316201	
29628	36367	-12799	49797	-87	316209	33137	-84	316216	39788	-87	316223	34310	-84	316230	
31636	37459	-4906	49797	-87	316238	33099	-85	316245	39755	-88	316252	34272	-84	316258	
Err	Err	Err	49769	-88	316296	33099	-85	316245	39750	-88	316281	34314	-83	316288	
29582	36209	-13252	49769	-87	316324	33207	-84	316303	39793	-88	316310	34352	-84	316316	
29575	36245	-13009	49769	-87	316324	33132	-85	316331	39718	-88	316338	34277	-85	316345	
29757	36300	-12642	49731	-88	316381	33170	-85	316360	39750	-88	316367	34277	-85	316374	
29658	36334	-12749	49731	-87	316411	33170	-85	316388	39793	-88	316395	34314	-84	316402	
31493	37081	-6813	49731	-87	316411	33170	-85	316418	39718	-88	316424	34277	-85	316431	
29880	36483	-12241	49807	-86	316471	33170	-85	316448	39755	-87	316455	34277	-85	316462	
31364	36936	-7673	49807	-86	316471	33170	-85	316478	39680	-88	316484	34314	-85	316491	
30230	36684	-11102	49807	-87	316501	33170	-85	316508	39788	-87	316515	34239	-85	316522	
30057	36613	-11539	49731	-87	316559	33170	-85	316537	39830	-88	316544	34277	-85	316550	
31327	37046	-7597	49769	-88	316590	33170	-85	316566	39793	-88	316573	34352	-84	316580	
29579	36256	-13060	49769	-88	316618	33170	-85	316596	39755	-88	316603	34314	-85	316610	
29816	36474	-12158	49731	-88	316647	33132	-85	316625	39793	-87	316632	34277	-85	316639	
29547	36234	-13134	49731	-88	316676	33132	-85	316654	39718	-88	316661	34277	-85	316668	
29658	36449	-12603	49769	-87	316705	33095	-85	316683	39788	-88	316690	34277	-86	316696	
29880	36483	-12241	49769	-87	316705	33170	-85	316712	39755	-88	316719	34277	-84	316725	
30997	36862	-8662	49769	-88	316764	33095	-85	316741	39718	-89	316748	34314	-85	316754	
30297	36666	-10856	49769	-88	316764	33170	-86	316770	39755	-89	316777	34202	-86	316784	
29237	36136	-13912	49760	-88	316792	33132	-86	316799	39755	-89	316806	34347	-85	316813	
31662	37549	-4094	49835	-87	316851	33099	-86	316829	39718	-89	316835	34272	-85	316842	
29320	36162	-13616	49760	-88	316880	33099	-85	316857	39718	-89	316864	34310	-86	316871	
29619	36272	-12834	49797	-88	316910	33137	-84	316887	39718	-89	316894	34272	-86	316901	
31636	37459	-4906	49797	-88	316910	33099	-86	316916	39755	-89	316923	34272	-86	316930	
31316	37054	-7549	49797	-87	316939	33137	-85	316946	39755	-88	316953	34310	-86	316959	
29763	36423	-12486	49760	-88	316970	33137	-86	316977	39755	-89	316984	34272	-85	316990	
29954	36366	-12272	49797	-88	317027	33212	-85	317006	39750	-89	317013	34272	-86	317019	
29796	36336	-12593	49797	-88	317027	33174	-86	317034	39713	-89	317041	34272	-86	317048	
31058	36859	-8679	49797	-88	317086	33137	-85	317063	39718	-89	317070	34347	-85	317077	
31316	37054	-7549	49797	-88	317086	33137	-85	317093	39755	-89	317100	34310	-85	317106	
29320	36162	-13616	49797	-88	317145	33099	-86	317123	39718	-89	317130	34310	-85	317137	
31212	37084	-7563	49835	-88	317175	33174	-86	317152	39793	-88	317159	34310	-86	317166	
29320	36162	-13616	49835	-88	317175	33099	-85	317182	39718	-89	317189	34310	-86	317195	
29246	36118	-13773	49797	-88	317204	33099	-86	317210	39713	-89	317219	34310	-85	317226	
31227	37038	-7871	49760	-87	317234	33137	-85	317241	39793	-88	317248	34347	-86	317255	
31426	37108	-7035	49835	-88	317264	33137	-85	317270	39750	-89	317279	34310	-85	317286	
31185	36917	-8347	49835	-87	317325	33099	-85	317302	39713	-89	317309	34347	-85	317316	
29696	36419	-12594	49835	-87	317325	33137	-85	317332	39793	-89	317339	34310	-86	317346	
29650	36286	-12896	49797	-86	317354	33174	-86	317361	39750	-88	317369	34310	-86	317375	
29467	36301	-13312	49872	-86	317412	33137	-85	317391	39793	-88	317397	34347	-85	317404	
29389	36322	-13419	49872	-86	317412	33099	-85	317419	39793	-88	317426	34347	-85	317433	
29575	36301	-13010	49835	-87	317470	33137	-85	317448	39755	-89	317455	34310	-86	317461	
31682	37473	-4426	49797	-88	317500	33137	-85	317476	39718	-89	317483	34310	-86	317490	
31308	36966	-8036	49797	-87	317532	33174	-85	317508	39755	-89	317515	34385	-85	317522	
29552	36320	-13103	49797	-87	317532	33137	-86	317538	39750	-89	317545	34310	-86	317552	
31515	37113	-6864	49835	-87	317560	33212	-84	317568	39755	-89	317575	34310	-86	317582	
29930	36475	-12118	49797	-87	317591	33174	-85	317598	39755	-88	317605	34272	-86	317611	
29650	36286	-12896	49797	-88	317620	33174	-84	317628	39750	-88	317635	34310	-86	317642	
29466	36167	-13369	49760	-87	317650	33137	-86	317658	39755	-88	317665	34310	-86	317672	
29750	36408	-12590	49835	-87	317680	33137	-86	317687	39718	-88	317694	34272	-86	317700	
30274	36571	-11214	49835	-87	317739	33250	-84	317718	39793	-88	317725	34272	-85	317731	
29736	36396	-12715	49797	-87	317769	33174	-85	317747	39750	-88	317753	34310	-86	317760	
31407	37015	-7452	49797	-87	317800	33174	-85	317778	39718	-88	317784	34310	-86	317791	
29828	36287	-12518	49872	-86	317829	33212	-85	317808	39685	-89	317814	34272	-86	317821	
29689	36339	-12899	49835	-86	317859	33174	-85	317837	39722	-89	317843	34310	-85	317850	
31389	37479	-5823	49835	-86	317889	33212	-85	317866	39722	-90	317872	34347	-85	317879	
31814	37731	-157	49835	-86	317889	33174	-85	317897	39685	-90	317903	34272	-85	317910	
29931	36478	-11924	49835	-88	317949	33174	-85	317927	39760	-88	317934	34272	-85	317941	
31854	37660	-1806	49797	-87	317980	33174	-85	317957	39722	-89	317964	34272	-86	317971	
29912	36291	-12256	49797	-87	317980	33174	-84	317987	39685	-89	317994	34235	-86	318000	
31628	37579	-3885	49797	-87	318040	33174	-84	318015	39647	-90	318022	34310	-86	318029	
29441	36056	-13640	49797	-87	318040	33137	-85	318047	39647	-89	318054	34272	-84	318060	
29682	36247	-12863	49797	-87	318099	33174	-85	318077	39685	-89	318084	34272	-85	318091	
31193	36942	-8144	49797	-87	318099	33137	-84	318106	39722	-90	318113	34347	-85	318120	
31814	37731	-157	49835	-88	318130	33174	-84	318136	39685	-90	318143	34272	-85	318150	
31417	37021	-7353	49760	-87	318159	33174	-84	318167	39722	-89	318174	34310	-85	318181	
31276	36887	-8247	49797	-87	318190	33137	-84	318197	39685	-90	318204	34347	-86	318210	
31843	37563	-3318	49797	-87	318250	33212	-84	318227	39685	-90	318234	34310	-85	318241	
29854	36428	-12385	49797	-87	318250	33174	-84	318256	39722	-89	318263	34272	-85	318270	
31473	37052	-6985	49835	-87	318279	33137	-85	318286	39685	-89	318292	34272	-85	318299	
29779	36394	-12488	49807	-86	318339	33174	-84	318317	39783	-88	318323	34300	-85	318330	
29597	36376	-12874	49807	-86	318339	33146	-84	318346	39821	-87	318352	34338	-86	318359	
Err	Err	Err	49769	-87	318368	33146	-84	318346	39746	-89	318384	34375	-85	318391	
31034	36974	-8513	49807	-87	318399	33109	-85	318406	39783	-90	318413	34375	-85	318419	
29659	36422	-12705	49731	-87	318458	33109	-85	318436	39783	-90	318443	34300	-85	318450	
29506	36229	-13258	49731	-87	318488	33184	-84	318466	39783	-89	318473	34338	-85	318480	
31170	37014	-8197	49807	-87	318518	33146	-85	318495	39821	-88	318502	34375	-85	318509	
31034	36974	-8513	49769	-88	318548	33109	-84	318526	39783	-89	318532	34375	-84	318539	
29569	36363	-13006	49731	-88	318577	33146	-84	318555	39821	-89	318562	34338	-84	318569	
31270	37101	-7561	49731	-88	318577	33146	-85	318584	39821	-90	318591	34338	-85	318597	
31305	37026	-7869	49807	-87	318608	33184	-84	318615	39783	-89	318622	34375	-84	318628	
29345	36240	-13540	49807	-87	318638	33146	-85	318645	39821	-88	318652	34375	-85	318659	
31865	37547	-3428	49807	-86	318697	33184	-85	318674	39746	-89	318681	34338	-85	318688	
29470	36266	-13269	49807	-86	318697	33146	-86	318704	39783	-89	318711	34338	-85	318717	
29647	36382	-12811	49731	-87	318726	33109	-85	318733	39821	-89	318739	34300	-85	318746	
31567	37893	-2233	49807	-87	318755	33109	-85	318761	39746	-89	318768	34375	-85	318775	
29285	36187	-13647	49835	-87	318812	33109	-84	318790	39783	-89	318797	34338	-85	318804	
31489	37632	-4334	49760	-87	318843	33109	-84	318819	39685	-88	318826	34347	-84	318832	
31568	37589	-4105	49760	-87	318873	33137	-84	318850	39685	-88	318856	34347	-86	318863	
31249	37299	-6557	49760	-87	318873	33174	-83	318880	39685	-88	318886	34347	-85	318893	
31389	37479	-5823	49835	-86	318903	33212	-84	318910	39722	-89	318917	34347	-85	318924	
31392	37115	-7184	49835	-86	318933	33137	-83	318940	39760	-88	318947	34310	-85	318954	
29419	36121	-13590	49835	-86	318992	33137	-83	318970	39722	-89	318977	34310	-85	318984	
31647	37455	-5060	49797	-88	319022	33099	-83	318999	39722	-88	319005	34347	-84	319012	
31296	36929	-8067	49797	-88	319022	33174	-84	319028	39722	-88	319035	34347	-84	319042	
31528	37187	-6473	49835	-88	319081	33212	-83	319058	39797	-88	319065	34310	-85	319072	
31276	36898	-8204	49835	-88	319081	33137	-83	319088	39685	-88	319095	34347	-85	319102	
31276	36898	-8204	49835	-86	319112	33137	-83	319119	39685	-89	319125	34347	-85	319132	
29594	36262	-13068	49797	-88	319142	33137	-83	319149	39685	-88	319155	34272	-85	319162	
31715	37440	-5078	49760	-87	319200	33250	-83	319177	39760	-88	319184	34310	-85	319191	
31528	37243	-6205	49760	-87	319200	33174	-83	319207	39760	-89	319214	34385	-84	319221	
32032	37544	-839	49835	-86	319230	33137	-83	319237	39722	-90	319244	34347	-84	319251	
29369	36135	-13571	49760	-88	319260	33137	-83	319267	39722	-90	319274	34310	-86	319280	
29648	36296	-12951	49825	-86	319317	33174	-83	319295	39760	-90	319302	34310	-86	319309	
31313	37200	-6806	49788	-88	319347	33137	-83	319324	39685	-90	319331	34310	-85	319338	
31337	36991	-7436	49863	-88	319376	33109	-83	319354	39685	-89	319360	34310	-85	319367	
29684	36390	-12785	49900	-87	319405	33146	-84	319383	39760	-88	319390	34310	-86	319397	
31280	37172	-7191	49900	-87	319405	33146	-84	319412	39685	-89	319419	34347	-86	319426	
29742	36353	-12559	49825	-88	319464	33146	-84	319442	39722	-89	319449	34272	-86	319455	
30017	36524	-11894	49825	-88	319464	33184	-84	319471	39760	-89	319478	34272	-86	319484	
29351	36171	-13540	49825	-87	319522	33109	-84	319500	39722	-89	319507	34310	-85	319514	
31294	36868	-8215	49825	-87	319522	33184	-84	319529	39685	-89	319536	34347	-86	319542	
31602	37627	-3617	49825	-89	319552	33146	-84	319559	39685	-89	319566	34272	-86	319572	
29822	36441	-12417	49825	-89	319611	33146	-84	319589	39722	-89	319596	34272	-86	319603	
32011	37350	-3590	49825	-89	319611	33146	-84	319618	39647	-90	319625	34347	-85	319632	
29679	36281	-12806	49825	-88	319670	33146	-84	319648	39685	-89	319654	34272	-86	319661	
31742	37598	-3093	49825	-88	319670	33109	-84	319677	39647	-90	319684	34310	-86	319690	
31576	37646	-3421	49825	-89	319700	33071	-84	319707	39647	-89	319713	34272	-86	319720	
31595	37693	-3713	49900	-88	319731	33146	-84	319738	39760	-90	319744	34272	-86	319751	
31462	37156	-6750	49863	-89	319791	33071	-84	319768	39685	-90	319775	34272	-86	319782	
31370	36980	-7560	49863	-90	319822	33109	-84	319798	39647	-90	319805	34272	-86	319812	
31516	37714	-3707	49900	-92	319852	33071	-84	319828	39713	-91	319835	34338	-87	319842	
31502	37116	-7010	49938	-96	319884	33174	-84	319859	39750	-91	319866	34338	-88	319873	
31446	37205	-6857	49788	-97	319915	33137	-84	319891	39793	-93	319898	34338	-90	319904	
31537	37215	-6193	49788	-91	319946	33137	-84	319923	39755	-93	319930	34263	-91	319937	
31508	37602	-5139	49825	-88	319976	33099	-84	319953	39900	-92	319960	34338	-85	319967	
29870	36567	-12060	49825	-87	320006	33174	-84	319984	39868	-93	319990	34338	-84	319997	
29628	36429	-12831	49825	-87	320006	33137	-85	320013	39825	-92	320020	34338	-83	320027	
29627	36344	-12886	49825	-87	320035	33174	-85	320042	39793	-91	320049	34338	-83	320056	
31529	37796	-3706	49825	-85	320096	33174	-85	320073	39793	-91	320080	34300	-82	320087	
31461	37087	-7025	49825	-86	320126	33137	-85	320103	39713	-91	320110	34300	-83	320116	
29627	36344	-12886	49825	-86	320126	33174	-85	320133	39793	-90	320140	34338	-82	320147	
31411	37031	-7294	49788	-86	320155	33174	-85	320163	39713	-89	320170	34300	-83	320177	
31546	37602	-4349	49825	-87	320186	33174	-85	320193	39718	-88	320200	34375	-82	320207	
29730	36313	-12833	49788	-87	320245	33174	-86	320224	39755	-89	320231	34300	-83	320238	
29564	36160	-13189	49788	-86	320274	33174	-85	320252	39718	-89	320259	34300	-83	320266	
29730	36313	-12833	49788	-87	320303	33174	-86	320281	39755	-89	320288	34300	-83	320294	
29971	36484	-11982	49788	-87	320303	33212	-85	320310	39793	-89	320316	34300	-82	320323	
30000	36445	-11895	49797	-87	320363	33174	-85	320340	39722	-88	320346	34235	-82	320353	
29638	36265	-13028	49722	-87	320392	33118	-85	320370	39722	-89	320377	34272	-83	320383	
31876	37477	-2910	49722	-87	320392	33118	-85	320399	39722	-90	320405	34272	-83	320413	
29698	36384	-12625	49760	-88	320452	33118	-85	320430	39760	-89	320437	34272	-83	320443	
31428	37839	-3063	49722	-89	320483	33081	-85	320459	39722	-90	320466	34272	-83	320473	
31949	37537	-542	49722	-89	320483	33081	-85	320490	39760	-95	320497	34272	-85	320504	
31573	37351	-5206	49685	-99	320546	33081	-85	320523	39685	-93	320529	34310	-88	320536	
31267	36785	-8230	49685	-99	320546	33081	-84	320553	39685	-93	320559	34310	-87	320566	
31140	36866	-8261	49835	-91	320606	33043	-85	320582	39647	-92	320589	34310	-86	320596	
31449	36974	-7374	49797	-90	320636	33156	-84	320613	39647	-90	320619	34272	-86	320626	
31735	37490	-3618	49760	-91	320667	33081	-84	320642	39647	-90	320649	34310	-86	320656	
29337	36062	-13746	49797	-91	320697	33118	-84	320674	39647	-90	320682	34272	-86	320689	
31204	37248	-6830	49797	-91	320728	33081	-84	320704	39722	-90	320712	34310	-86	320719	
31106	36912	-8589	49797	-91	320728	33081	-85	320734	39722	-90	320741	34347	-85	320748	
31370	36984	-7616	49835	-90	320758	33118	-85	320765	39685	-91	320772	34310	-86	320779	
31355	37015	-7471	49797	-91	320788	33118	-85	320795	39685	-90	320802	34272	-86	320808	
31345	37028	-7549	49797	-90	320818	33118	-85	320825	39722	-89	320832	34310	-86	320839	
31106	36912	-8589	49797	-88	320849	33081	-85	320855	39722	-90	320862	34347	-85	320869	
31443	37068	-7194	49835	-88	320879	33146	-85	320885	39722	-89	320892	34310	-86	320899	
30175	36667	-11153	49835	-89	320937	33146	-84	320915	39797	-88	320922	34235	-86	320929	
31566	37662	-3623	49797	-89	320968	33109	-85	320944	39685	-90	320951	34310	-86	320957	
29354	36098	-13753	49797	-89	320997	33146	-85	320975	39685	-90	320982	34310	-86	320988	
31274	37002	-7809	49872	-88	321027	33109	-85	321004	39722	-89	321011	34310	-85	321017	
29574	36276	-13157	49760	-89	321056	33146	-85	321034	39722	-89	321041	34310	-85	321047	
29679	36211	-12909	49797	-88	321086	33184	-85	321063	39685	-90	321071	34272	-86	321078	
31281	36952	-7973	49835	-89	321117	33146	-85	321093	39722	-90	321100	34347	-86	321107	
29104	35988	-14322	49835	-89	321117	33109	-85	321123	39722	-90	321131	34347	-85	321138	
31355	36912	-7835	49797	-89	321176	33184	-84	321153	39685	-90	321160	34310	-85	321167	
31452	37518	-5214	49797	-89	321176	33146	-85	321183	39722	-90	321190	34310	-86	321197	
31332	37055	-7379	49835	-89	321207	33109	-86	321213	39722	-90	321221	34310	-85	321228	
29477	36193	-13331	49797	-88	321238	33109	-85	321244	39685	-89	321251	34272	-86	321258	
31558	37835	-2123	49760	-88	321266	33109	-85	321273	39685	-89	321280	34272	-85	321287	
29500	36161	-13458	49760	-89	321324	33184	-85	321302	39685	-89	321309	34310	-85	321316	
31284	36961	-7841	49750	-89	321355	33146	-85	321331	39722	-89	321338	34310	-86	321345	
31944	37282	-4013	49750	-89	321355	33109	-85	321361	39685	-89	321368	34347	-85	321375	
29476	36221	-13303	49788	-89	321385	33109	-85	321392	39685	-89	321398	34272	-85	321405	
31434	37149	-6517	49788	-89	321444	33184	-85	321420	39685	-89	321427	34347	-85	321434	
31615	37237	-5673	49825	-89	321474	33146	-84	321450	39685	-90	321457	34310	-85	321464	
31331	37555	-5379	49750	-89	321504	33109	-85	321480	39722	-90	321487	34272	-86	321494	
29390	36139	-13495	49750	-89	321504	33146	-85	321510	39722	-89	321517	34310	-86	321524	
31367	37027	-7450	49825	-89	321533	33146	-85	321539	39722	-89	321546	34310	-85	321553	
31546	37636	-3968	49825	-89	321593	33146	-84	321569	39722	-89	321576	34310	-86	321583	
31199	37049	-7569	49825	-89	321593	33109	-86	321600	39685	-89	321607	34310	-86	321614	
29530	36098	-13557	49825	-88	321651	33184	-85	321630	39685	-89	321636	34310	-86	321643	
29233	36074	-13951	49825	-88	321651	33146	-85	321658	39722	-89	321665	34347	-86	321672	
32044	37404	-1703	49788	-88	321711	33146	-85	321688	39685	-89	321694	34272	-86	321701	
31546	37636	-3968	49788	-88	321742	33146	-85	321718	39722	-89	321724	34310	-86	321731	
29476	36221	-13303	49788	-88	321771	33109	-86	321749	39685	-89	321756	34272	-86	321762	
29730	36370	-12658	49825	-88	321800	33146	-85	321778	39722	-90	321785	34272	-86	321791	
31602	37627	-3617	49750	-88	321831	33146	-85	321807	39685	-90	321814	34272	-86	321820	
32044	37404	-1703	49825	-87	321861	33146	-85	321838	39685	-90	321844	34272	-86	321851	
31338	36961	-7619	49788	-88	321891	33146	-85	321868	39647	-90	321875	34310	-86	321881	
29476	36221	-13303	49788	-88	321891	33109	-85	321898	39685	-90	321905	34272	-86	321912	
31511	37089	-6742	49750	-88	321951	33184	-84	321927	39722	-89	321934	34272	-86	321941	
31273	36951	-7831	49788	-87	321981	33109	-85	321958	39685	-89	321964	34272	-86	321971	
31486	37524	-4747	49788	-87	321981	33184	-84	321988	39722	-90	321995	34272	-85	322002	
29535	36183	-13173	49750	-87	322011	33184	-85	322018	39722	-89	322025	34310	-85	322032	
29459	36159	-13345	49713	-88	322040	33109	-85	322047	39722	-90	322054	34272	-86	322061	
31556	37913	-1212	49825	-89	322099	33146	-84	322076	39760	-90	322082	34272	-86	322089	
31557	37648	-3652	49750	-88	322129	33109	-85	322105	39685	-89	322112	34272	-86	322119	
31689	37649	-3724	49750	-88	322129	33184	-85	322136	39760	-89	322143	34310	-86	322150	
29476	36221	-13303	49788	-89	322189	33109	-86	322166	39685	-89	322173	34272	-86	322180	
31546	37636	-3968	49825	-87	322220	33146	-85	322195	39722	-88	322202	34310	-86	322209	
29530	36098	-13557	49788	-89	322249	33184	-85	322227	39685	-89	322234	34310	-86	322240	
31414	37022	-7172	49788	-89	322249	33146	-85	322256	39685	-89	322262	34272	-86	322269	
31662	37632	-3389	49788	-89	322310	33146	-86	322286	39685	-89	322293	34310	-85	322299	
29610	36260	-13116	49788	-88	322340	33184	-85	322318	39722	-89	322325	34310	-86	322331	
31615	37237	-5673	49788	-88	322340	33146	-85	322346	39685	-89	322353	34310	-85	322360	
31264	36949	-8081	49788	-88	322370	33146	-86	322377	39722	-88	322384	34338	-86	322391	
31467	37494	-5318	49825	-88	322401	33146	-86	322408	39685	-89	322414	34338	-86	322421	
31342	37815	-4385	49863	-88	322432	33109	-85	322438	39685	-90	322445	34338	-86	322452	
31260	37478	-6187	49788	-88	322491	33109	-86	322468	39685	-90	322475	34375	-86	322481	
31264	36949	-8081	49750	-88	322521	33146	-85	322498	39722	-89	322504	34338	-86	322511	
29306	36094	-13740	49750	-88	322521	33109	-85	322528	39722	-90	322535	34300	-86	322541	
31484	37161	-6732	49788	-88	322549	33146	-85	322556	39722	-90	322563	34300	-86	322570	
29905	36406	-12474	49863	-87	322580	33184	-85	322588	39760	-89	322595	34300	-87	322602	
31523	37330	-5736	49825	-88	322609	33109	-86	322616	39685	-90	322623	34338	-86	322630	
31550	37628	-3838	49750	-89	322672	33109	-85	322648	39685	-90	322654	34300	-87	322661	
31222	36907	-8072	49825	-88	322702	33109	-86	322678	39685	-90	322685	34300	-86	322692	
31340	36953	-7748	49825	-88	322732	33146	-86	322708	39685	-90	322715	34300	-86	322722	
31568	37939	-614	49825	-88	322732	33109	-86	322739	39685	-90	322746	34300	-86	322752	
31523	37330	-5736	49825	-87	322761	33109	-86	322768	39685	-90	322775	34338	-86	322781	
31329	37486	-5618	49825	-88	322791	33146	-86	322798	39722	-90	322805	34300	-87	322811	
29164	35966	-14171	49788	-88	322850	33146	-86	322828	39722	-90	322835	34338	-87	322842	
31550	37628	-3838	49788	-88	322850	33109	-86	322857	39685	-90	322864	34300	-86	322870	
31342	36966	-7825	49760	-88	322911	33146	-86	322888	39685	-91	322895	34338	-86	322902	
31273	36989	-7777	49760	-89	322941	33184	-86	322918	39722	-90	322925	34338	-86	322932	
31342	36966	-7825	49835	-87	322971	33146	-86	322948	39685	-90	322954	34338	-87	322961	
31254	36979	-8148	49835	-87	322971	33109	-86	322978	39722	-92	322984	34375	-86	322991	
31557	37775	-3502	49835	-89	323000	33071	-86	323007	39760	-91	323014	34375	-86	323021	
29680	36277	-12939	49797	-89	323029	33184	-86	323038	39722	-91	323044	34300	-86	323051	
29471	36183	-13292	49760	-89	323059	33146	-86	323067	39722	-90	323074	34300	-86	323081	
29760	36443	-12390	49797	-89	323089	33146	-86	323096	39797	-90	323103	34300	-87	323110	
31238	36926	-8080	49760	-89	323150	33109	-87	323127	39685	-89	323134	34300	-87	323141	
32023	37462	-1746	49760	-89	323150	33146	-86	323157	39722	-90	323164	34338	-87	323170	
31293	37100	-7328	49760	-88	323210	33184	-86	323187	39760	-90	323194	34300	-87	323201	
29471	36183	-13292	49797	-88	323238	33146	-86	323217	39722	-90	323224	34300	-87	323230	
31266	36884	-8275	49760	-90	323270	33146	-86	323245	39685	-90	323252	34338	-86	323259	
31752	37495	-3868	49797	-90	323300	33184	-86	323277	39760	-90	323284	34300	-87	323291	
29526	36173	-13343	49797	-90	323300	33146	-86	323307	39722	-90	323314	34300	-87	323321	
31325	36940	-7753	49760	-90	323360	33221	-86	323337	39685	-90	323344	34300	-86	323351	
31535	37216	-5955	49760	-90	323360	33184	-86	323367	39722	-90	323373	34375	-86	323380	
30190	36718	-11301	49816	-90	323418	33184	-86	323397	39793	-90	323403	34272	-87	323410	
30094	36642	-11567	49853	-90	323448	33174	-85	323427	39793	-89	323433	34272	-87	323440	
29356	36126	-13711	49853	-90	323448	33174	-86	323456	39718	-90	323462	34347	-87	323469	
29915	36525	-12167	49891	-89	323478	33174	-86	323487	39793	-89	323493	34310	-86	323500	
29550	36238	-13296	49853	-89	323538	33174	-86	323515	39788	-89	323522	34347	-86	323529	
30337	36668	-10965	49853	-89	323568	33212	-86	323545	39750	-89	323551	34235	-87	323558	
29952	36539	-11986	49853	-90	323598	33174	-86	323576	39830	-89	323583	34310	-87	323590	
31316	37145	-7051	49816	-90	323629	33174	-86	323605	39755	-89	323612	34272	-87	323619	
31741	37151	-5889	49891	-89	323659	33287	-86	323636	39718	-90	323643	34272	-87	323650	
30036	36455	-11897	49816	-90	323688	33212	-85	323666	39713	-90	323673	34272	-87	323680	
31639	37261	-5582	49853	-90	323718	33174	-86	323695	39755	-90	323702	34235	-87	323709	
30150	36525	-11784	49853	-90	323748	33212	-87	323726	39755	-90	323733	34272	-87	323740	
30207	36632	-11209	49853	-90	323748	33174	-86	323755	39755	-89	323762	34235	-88	323768	
30147	36540	-11482	49816	-88	323806	33174	-86	323784	39750	-89	323791	34235	-88	323797	
30329	36678	-10976	49816	-88	323806	33212	-86	323813	39755	-90	323819	34235	-88	323826	
30007	36448	-11937	49778	-90	323836	33212	-85	323843	39750	-90	323849	34272	-88	323856	
30268	36678	-11107	49891	-90	323865	33212	-86	323872	39793	-90	323879	34272	-87	323886	
30033	36475	-11838	49825	-89	323923	33212	-86	323901	39755	-92	323908	34272	-87	323915	
31293	37307	-6494	49713	-90	323953	33118	-86	323930	39718	-91	323937	34310	-87	323944	
31195	36861	-8308	49788	-90	323982	33118	-86	323959	39680	-92	323966	34310	-86	323973	
29598	36204	-13047	49788	-90	324011	33156	-86	323989	39680	-92	323996	34272	-87	324003	
29736	36237	-12867	49788	-90	324011	33193	-86	324018	39675	-92	324026	34272	-86	324033	
31214	36934	-8129	49788	-90	324070	33156	-86	324048	39718	-92	324055	34347	-86	324062	
31083	36829	-8781	49825	-89	324102	33043	-86	324077	39680	-92	324086	34347	-86	324092	
31525	37179	-6404	49825	-89	324102	33156	-87	324109	39750	-92	324116	34272	-87	324123	
31567	37627	-3649	49788	-89	324163	33118	-85	324139	39680	-92	324146	34272	-87	324152	
31567	37627	-3649	49788	-89	324194	33118	-86	324170	39680	-92	324177	34272	-87	324183	
29477	36095	-13420	49788	-89	324194	33156	-86	324201	39643	-92	324208	34272	-87	324215	
31332	37006	-7210	49788	-89	324253	33193	-86	324230	39675	-92	324237	34235	-87	324244	
31643	37637	-3888	49863	-89	324284	33231	-85	324260	39643	-91	324267	34272	-88	324274	
29821	36359	-12558	49863	-89	324284	33156	-86	324291	39718	-91	324297	34272	-88	324304	
29987	36589	-11905	49863	-90	324341	33156	-86	324319	39755	-90	324326	34272	-87	324332	
29696	36280	-12894	49788	-90	324370	33193	-86	324348	39718	-91	324355	34310	-87	324361	
30195	36691	-11051	49891	-89	324399	33118	-86	324376	39755	-90	324384	34197	-87	324390	
29996	36410	-12046	49891	-89	324399	33193	-86	324405	39713	-92	324412	34263	-87	324419	
-19224	-696	-1010	49891	-89	324399	33184	-87	324435	39718	-92	324442	34300	-86	324449	
31326	36954	-7842	49816	-90	324457	33259	-86	324464	39713	-93	324471	34338	-87	324478	
31593	37980	-1456	49853	-90	324516	33221	-86	324494	39713	-91	324500	34375	-87	324507	
29921	36376	-12242	49853	-90	324545	33184	-86	324523	39713	-92	324530	34263	-87	324537	
29443	36150	-13618	49816	-90	324574	33221	-86	324551	39750	-93	324558	34375	-85	324565	
31659	37501	-4531	49816	-90	324574	33221	-85	324580	39680	-93	324587	34338	-86	324594	
29734	36231	-12856	49853	-91	324604	33221	-86	324611	39680	-93	324618	34300	-87	324624	
29788	36372	-12527	49816	-90	324632	33184	-86	324639	39755	-92	324646	34300	-86	324653	
29722	36230	-12796	49853	-89	324690	33184	-86	324668	39643	-94	324675	34263	-87	324682	
31715	37567	-3566	49816	-89	324721	33221	-86	324697	39638	-93	324704	34300	-87	324711	
31424	36973	-7289	49853	-89	324750	33221	-86	324728	39643	-93	324734	34263	-88	324741	
31688	37517	-4146	49853	-89	324750	33146	-86	324757	39680	-93	324764	34300	-87	324771	
29749	36332	-12673	49891	-89	324781	33184	-86	324787	39713	-93	324794	34300	-87	324801	
29637	36181	-13185	49853	-88	324838	33184	-86	324816	39680	-94	324823	34300	-86	324830	
31770	37798	259	49853	-89	324868	33221	-85	324845	39750	-92	324852	34263	-87	324859	
31483	36911	-7655	49891	-88	324898	33259	-85	324875	39675	-92	324881	34338	-87	324888	
31307	36891	-8059	49891	-88	324898	33184	-85	324905	39643	-92	324912	34338	-87	324918	
31314	36889	-8241	49825	-88	324928	33221	-84	324934	39718	-91	324941	34375	-86	324948	
31475	37055	-7032	49825	-89	324988	33193	-85	324964	39718	-90	324971	34300	-86	324978	
29578	36110	-13333	49863	-90	325016	33193	-85	324994	39680	-92	325001	34300	-86	325008	
30162	36540	-11721	49863	-90	325016	33193	-85	325023	39755	-92	325030	34263	-87	325037	
29940	36485	-12011	49825	-89	325074	33156	-85	325051	39755	-92	325058	34263	-86	325065	
30108	36480	-11818	49825	-89	325074	33231	-85	325080	39718	-92	325087	34263	-87	325094	
29642	36250	-13068	49863	-88	325103	33118	-85	325110	39680	-93	325116	34263	-86	325123	
31323	36896	-7867	49825	-90	325161	33118	-85	325138	39643	-92	325145	34300	-87	325152	
31526	37651	-4111	49863	-90	325191	33118	-85	325167	39718	-92	325174	34338	-86	325181	
29652	36301	-12970	49788	-90	325220	33156	-84	325198	39718	-93	325205	34300	-87	325212	
31275	36863	-8366	49788	-90	325220	33193	-85	325227	39713	-92	325234	34375	-86	325241	
31262	36920	-7857	49825	-89	325280	33118	-85	325257	39643	-92	325264	34300	-87	325271	
29822	36389	-12328	49788	-89	325309	33156	-86	325287	39718	-90	325294	34263	-87	325300	
31635	37444	-4652	49788	-89	325309	33118	-86	325316	39718	-89	325323	34300	-87	325329	
31427	36963	-7186	49788	-89	325339	33156	-85	325346	39643	-90	325353	34300	-88	325360	
29596	36273	-12846	49750	-88	325370	33118	-86	325376	39718	-90	325383	34263	-88	325390	
31583	37634	-4019	49863	-88	325398	33118	-86	325405	39713	-90	325412	34300	-88	325418	
31474	37031	-6682	49788	-88	325459	33081	-85	325435	39610	-90	325443	34263	-88	325449	
29285	36072	-13798	49863	-87	325488	33118	-86	325465	39685	-90	325473	34300	-88	325479	
29403	36176	-13556	49788	-88	325516	33118	-86	325494	39685	-89	325501	34300	-88	325508	
31252	37018	-7737	49788	-88	325516	33081	-86	325523	39722	-89	325530	34300	-88	325537	
31636	37751	-2436	49825	-87	325547	33081	-86	325553	39647	-90	325560	34300	-88	325567	
31569	37109	-6546	49863	-87	325606	33156	-86	325583	39685	-89	325590	34263	-88	325597	
29369	36151	-13486	49863	-87	325635	33081	-86	325613	39647	-89	325619	34263	-88	325626	
29252	36072	-13941	49863	-87	325635	33081	-85	325642	39685	-89	325649	34300	-88	325656	
29252	36072	-13941	49863	-88	325664	33081	-87	325672	39685	-90	325679	34300	-88	325686	
31404	37468	-5255	49863	-87	325724	33118	-85	325701	39647	-89	325708	34263	-87	325714	
31323	37561	-5416	49863	-87	325724	33118	-86	325732	39722	-89	325739	34300	-88	325745	
31333	36889	-8024	49825	-88	325785	33156	-85	325762	39647	-90	325769	34300	-88	325776	
31386	36978	-7593	49900	-87	325815	33156	-86	325792	39685	-89	325799	34300	-87	325806	
29557	36220	-13108	49825	-87	325844	33118	-85	325822	39647	-89	325829	34263	-88	325835	
31376	37031	-7478	49825	-87	325844	33156	-86	325851	39722	-89	325857	34300	-88	325864	
31339	36907	-7845	49788	-88	325905	33193	-85	325882	39685	-90	325889	34300	-88	325896	
31526	37141	-6634	49788	-88	325905	33193	-85	325912	39760	-89	325918	34300	-88	325925	
29659	36198	-13085	49713	-89	325963	33156	-87	325942	39680	-89	325949	34272	-88	325955	
31524	37121	-6406	49713	-89	325963	33156	-86	325972	39713	-90	325978	34235	-88	325985	
29688	36411	-12631	49750	-89	325995	33118	-87	326001	39755	-89	326008	34272	-88	326015	
29709	36403	-12522	49750	-90	326054	33156	-87	326032	39793	-90	326038	34310	-87	326045	
31400	37045	-7136	49788	-90	326084	33156	-86	326061	39718	-89	326067	34272	-87	326074	
30069	36553	-11552	49788	-90	326084	33156	-86	326091	39755	-89	326098	34235	-88	326105	
31713	37645	-2868	49825	-88	326113	33193	-86	326121	39713	-89	326128	34235	-88	326135	
29814	36383	-12504	49788	-90	326174	33156	-86	326152	39713	-89	326159	34272	-87	326165	
31336	36979	-7723	49825	-90	326204	33156	-86	326181	39718	-90	326188	34310	-87	326195	
29659	36198	-13085	49825	-90	326204	33156	-85	326211	39680	-90	326218	34272	-87	326225	
30169	36469	-11681	49825	-90	326232	33231	-85	326239	39680	-90	326246	34235	-86	326253	
29827	36361	-12519	49750	-91	326262	33193	-85	326268	39713	-91	326275	34272	-87	326282	
31283	37003	-7678	49788	-91	326323	33193	-85	326299	39718	-90	326305	34310	-86	326312	
31356	36917	-7828	49788	-90	326354	33156	-86	326331	39675	-91	326338	34310	-86	326345	
31336	36979	-7723	49788	-90	326354	33156	-85	326361	39718	-91	326368	34310	-87	326375	
30118	36499	-11750	49825	-90	326413	33231	-85	326391	39755	-91	326398	34272	-87	326405	
29659	36198	-13085	49825	-90	326413	33156	-86	326421	39680	-91	326428	34272	-87	326435	
29853	36437	-12212	49788	-90	326472	33118	-86	326450	39722	-91	326456	34235	-87	326463	
29494	36071	-13535	49825	-90	326502	33156	-86	326481	39647	-92	326487	34272	-87	326494	
30083	36392	-11999	49825	-90	326502	33231	-85	326510	39647	-92	326516	34235	-87	326523	
29544	36029	-13516	49825	-90	326562	33193	-86	326540	39610	-92	326547	34272	-87	326554	
29556	36071	-13451	49825	-90	326562	33231	-86	326570	39647	-92	326577	34310	-87	326584	
31407	37773	-4218	49825	-90	326592	33193	-86	326599	39722	-91	326606	34310	-87	326613	
31444	36979	-7501	49863	-89	326622	33193	-87	326630	39685	-93	326637	34310	-87	326644	
29940	36363	-12330	49788	-90	326682	33156	-86	326661	39685	-93	326667	34235	-87	326674	
29967	36467	-11876	49788	-90	326682	33156	-86	326690	39722	-91	326697	34235	-87	326704	
29727	36193	-13028	49863	-89	326741	33193	-86	326719	39647	-93	326726	34272	-88	326733	
31951	37463	-3477	49788	-89	326772	33193	-86	326748	39647	-92	326755	34310	-87	326762	
31547	37099	-6494	49788	-89	326772	33156	-86	326780	39685	-92	326787	34235	-87	326794	
31916	37611	-222	49788	-89	326803	33231	-86	326810	39647	-92	326817	34235	-87	326824	
29544	36029	-13516	49788	-89	326861	33193	-86	326840	39610	-93	326846	34272	-87	326853	
31195	36920	-8104	49788	-89	326891	33156	-86	326868	39685	-92	326875	34310	-86	326882	
31360	36840	-8002	49825	-89	326922	33231	-86	326898	39647	-92	326905	34347	-86	326912	
29693	36206	-13016	49825	-89	326922	33193	-86	326929	39647	-92	326935	34272	-86	326942	
31585	37606	-4146	49825	-89	326981	33156	-86	326957	39685	-92	326964	34375	-87	326971	
29667	36159	-13235	49788	-89	327010	33203	-86	326989	39685	-92	326995	34300	-87	327002	
31190	36857	-8437	49788	-89	327010	33090	-86	327017	39647	-92	327024	34300	-87	327030	
31340	36908	-7992	49825	-88	327040	33165	-86	327047	39685	-92	327054	34338	-87	327061	
29907	36359	-12382	49825	-88	327071	33203	-85	327077	39685	-92	327084	34263	-87	327091	
31340	36908	-7992	49825	-88	327130	33165	-86	327106	39685	-91	327113	34338	-87	327120	
29501	36149	-13258	49825	-88	327130	33128	-87	327137	39647	-92	327144	34263	-87	327150	
29426	36133	-13484	49825	-89	327188	33128	-86	327166	39722	-93	327173	34300	-86	327180	
31340	36908	-7992	49825	-89	327188	33165	-86	327195	39685	-90	327202	34338	-87	327209	
29501	36149	-13258	49825	-89	327248	33128	-87	327226	39647	-92	327232	34263	-87	327239	
31420	36927	-7766	49825	-89	327278	33203	-86	327255	39685	-92	327262	34338	-88	327268	
31613	37573	-3838	49825	-89	327278	33128	-86	327285	39610	-91	327292	34300	-88	327299	
29426	36133	-13484	49825	-89	327338	33128	-86	327316	39722	-90	327323	34300	-87	327330	
31617	37825	-1737	49825	-89	327368	33203	-85	327345	39647	-91	327352	34300	-87	327359	
31427	37012	-7405	49825	-89	327368	33128	-86	327375	39647	-90	327382	34300	-88	327389	
31855	37531	-3148	49788	-89	327398	33165	-86	327405	39685	-91	327412	34263	-86	327419	
31353	36866	-8081	49750	-90	327459	33165	-84	327435	39647	-91	327442	34338	-86	327449	
31623	37763	-2339	49750	-90	327459	33165	-85	327465	39680	-91	327472	34235	-87	327479	
31556	37767	-3457	49788	-89	327517	33165	-86	327495	39680	-91	327502	34272	-87	327508	
29616	36188	-13068	49863	-89	327545	33165	-86	327523	39675	-89	327530	34272	-87	327537	
31601	37638	-3917	49863	-89	327545	33165	-85	327552	39718	-89	327559	34310	-87	327566	
31507	36949	-7170	49788	-90	327576	33203	-85	327583	39643	-91	327589	34272	-86	327596	
29737	36305	-12655	49863	-90	327634	33165	-86	327612	39713	-91	327619	34272	-87	327626	
29754	36306	-12832	49750	-89	327663	33203	-86	327641	39718	-89	327648	34310	-86	327654	
31459	36998	-7263	49750	-89	327663	33203	-85	327670	39713	-90	327676	34310	-87	327683	
29817	36291	-12538	49825	-89	327693	33203	-86	327699	39680	-91	327706	34272	-87	327713	
31487	37110	-6912	49825	-89	327721	33203	-86	327728	39755	-88	327735	34310	-87	327742	
31556	37767	-3457	49788	-89	327780	33165	-86	327758	39680	-90	327765	34272	-87	327772	
31775	37637	-3103	49863	-90	327810	33203	-86	327787	39680	-91	327794	34310	-87	327800	
29982	36433	-12068	49788	-90	327838	33165	-86	327817	39680	-90	327824	34235	-87	327830	
29510	36108	-13342	49825	-89	327868	33165	-86	327845	39643	-91	327852	34272	-87	327859	
31384	36952	-7594	49825	-89	327868	33165	-86	327874	39680	-90	327881	34310	-87	327888	
31716	37606	-3090	49825	-89	327898	33128	-86	327905	39680	-89	327912	34310	-87	327919	
29592	36238	-13051	49788	-89	327958	33128	-86	327936	39713	-88	327943	34272	-87	327949	
29893	36374	-12296	49825	-89	327988	33165	-86	327965	39680	-90	327972	34235	-87	327978	
31534	37071	-6800	49788	-89	328018	33165	-86	327994	39685	-90	328001	34272	-87	328008	
30048	36537	-11767	49788	-89	328018	33165	-86	328025	39722	-90	328032	34235	-86	328039	
31420	36951	-7525	49825	-89	328048	33165	-85	328055	39647	-90	328062	34272	-86	328069	
29782	36266	-12645	49788	-90	328080	33203	-86	328087	39685	-91	328094	34272	-86	328100	
29832	36311	-12474	49750	-90	328138	33203	-86	328116	39685	-88	328122	34272	-86	328129	
Err	Err	Err	49788	-89	328168	33203	-86	328116	39722	-88	328153	34272	-86	328160	
29655	36154	-13069	49788	-90	328198	33203	-86	328175	39647	-90	328182	34272	-87	328188	
29503	36047	-13456	49825	-89	328228	33165	-86	328205	39647	-90	328212	34272	-87	328218	
31625	37131	-6309	49863	-89	328258	33240	-85	328235	39722	-89	328242	34272	-87	328248	
31595	37086	-6613	49825	-89	328290	33203	-86	328265	39685	-90	328272	34272	-87	328279	
30189	36554	-11370	49713	-89	328319	33165	-86	328297	39685	-88	328304	34197	-87	328311	
31510	36979	-6944	49713	-89	328319	33203	-86	328327	39647	-89	328334	34235	-87	328341	
31726	37597	-3622	49825	-89	328351	33165	-86	328357	39722	-89	328364	34272	-87	328371	
30047	36507	-11676	49825	-88	328380	33165	-84	328387	39722	-89	328394	34235	-87	328400	
30048	36537	-11767	49788	-89	328439	33165	-86	328416	39722	-89	328423	34235	-87	328430	
31682	37583	-3212	49788	-90	328471	33165	-86	328447	39647	-89	328454	34235	-87	328460	
29934	36434	-12161	49816	-88	328499	33165	-85	328477	39685	-89	328484	34235	-87	328491	
31614	37487	-4588	49853	-88	328530	33165	-85	328506	39647	-90	328513	34300	-86	328520	
Percentuale di fallimenti nel positioning: 0.6%