Distanza: 25000.0
X [mm]	Y [mm]	Z [mm]	A0 	 RSS 	 Time 	 A1 	 RSS 	 Time 	 A2 	 RSS 	 Time 	 A3 	 RSS 	 Time 	 
15493	18754	-407	24666	-82	153519	17228	-80	153525	20333	-84	153532	9289	-79	153539	
15436	18783	-443	24666	-82	153562	17153	-81	153569	20370	-84	153576	9289	-79	153582	
15458	18752	-582	24629	-82	153607	17190	-81	153614	20333	-84	153621	9327	-80	153628	
15458	18773	-439	24666	-82	153651	17190	-81	153657	20370	-84	153664	9289	-79	153671	
15493	18754	-407	24666	-82	153693	17228	-80	153700	20333	-84	153707	9289	-79	153714	
15468	18783	-296	24704	-82	153735	17190	-80	153742	20370	-85	153749	9251	-79	153755	
15468	18767	-377	24666	-82	153777	17190	-80	153783	20333	-85	153791	9289	-79	153798	
15468	18767	-377	24666	-82	153819	17190	-80	153825	20333	-85	153832	9289	-79	153839	
15503	18764	-255	24704	-82	153862	17228	-81	153869	20333	-85	153876	9251	-79	153882	
15459	18764	-370	24629	-82	153905	17228	-80	153912	20370	-84	153920	9289	-79	153926	
15486	18781	-287	24704	-83	153948	17190	-80	153955	20333	-84	153961	9289	-79	153968	
15529	18737	-472	24666	-83	153991	17265	-80	153998	20295	-85	154005	9327	-79	154011	
15530	18765	-410	24694	-83	154036	17256	-80	154042	20328	-85	154049	9322	-79	154056	
15490	18785	-390	24657	-83	154080	17256	-80	154087	20399	-85	154094	9322	-79	154100	
15495	18794	-335	24694	-83	154125	17219	-80	154132	20366	-85	154140	9322	-79	154147	
15476	18794	-419	24694	-83	154171	17181	-80	154178	20361	-85	154185	9322	-79	154192	
15495	18770	-394	24657	-83	154214	17256	-80	154220	20366	-84	154227	9322	-79	154234	
15544	18800	-409	24732	-83	154260	17256	-81	154267	20366	-85	154274	9359	-79	154281	
15488	18800	-420	24694	-83	154304	17219	-80	154311	20403	-84	154318	9322	-79	154325	
15470	18793	-433	24657	-83	154349	17219	-80	154356	20403	-84	154363	9322	-79	154370	
15453	18775	-534	24657	-83	154394	17181	-81	154401	20366	-84	154408	9322	-79	154415	
15470	18793	-433	24657	-83	154434	17219	-80	154441	20403	-84	154447	9322	-79	154454	
15470	18793	-433	24657	-83	154472	17219	-80	154479	20403	-84	154485	9322	-79	154492	
15477	18817	-396	24694	-83	154511	17219	-80	154517	20441	-84	154524	9322	-79	154531	
15479	18777	-450	24657	-83	154552	17219	-81	154559	20366	-84	154566	9322	-79	154573	
15473	18768	-384	24657	-83	154592	17219	-80	154599	20366	-84	154606	9284	-79	154612	
15501	18767	-441	24657	-83	154636	17256	-80	154642	20361	-84	154649	9322	-79	154656	
15469	18810	-403	24694	-83	154681	17181	-81	154688	20399	-84	154695	9322	-79	154701	
15463	18819	-331	24694	-83	154723	17181	-80	154730	20403	-84	154737	9322	-79	154743	
15451	18851	-449	24694	-83	154769	17181	-80	154776	20478	-84	154782	9359	-79	154789	
15499	18821	-282	24732	-83	154815	17219	-80	154821	20403	-84	154828	9322	-79	154835	
15477	18817	-396	24694	-83	154860	17219	-80	154866	20441	-84	154873	9322	-79	154880	
15470	18793	-433	24657	-83	154904	17219	-80	154911	20403	-84	154918	9322	-79	154924	
15453	18802	-319	24657	-84	154947	17219	-80	154954	20441	-84	154961	9284	-79	154968	
15496	18839	-285	24732	-83	154991	17219	-80	154998	20441	-84	155005	9322	-79	155012	
15467	18852	-250	24732	-83	155033	17181	-80	155040	20441	-84	155047	9322	-79	155053	
15487	18844	-415	24732	-83	155073	17190	-80	155080	20436	-84	155087	9359	-79	155094	
15498	18813	-299	24732	-82	155117	17190	-80	155124	20366	-84	155131	9322	-79	155137	
15448	18807	-454	24657	-82	155162	17190	-80	155169	20399	-85	155176	9359	-79	155182	
15444	18842	-367	24732	-83	155204	17115	-80	155211	20403	-84	155217	9322	-79	155224	
15466	18821	-401	24694	-82	155247	17190	-80	155254	20399	-84	155261	9359	-79	155268	
15452	18841	-402	24732	-82	155291	17153	-80	155298	20441	-84	155305	9322	-79	155311	
15445	18849	-405	24694	-82	155334	17153	-80	155341	20436	-84	155348	9359	-79	155354	
15438	18824	-331	24694	-82	155376	17153	-80	155383	20403	-84	155389	9322	-79	155398	
15481	18842	-449	24732	-82	155419	17190	-81	155427	20441	-84	155434	9359	-79	155441	
15438	18824	-331	24694	-82	155463	17153	-81	155470	20403	-84	155477	9322	-79	155484	
15462	18818	-318	24694	-83	155508	17190	-81	155514	20403	-84	155521	9322	-79	155528	
15456	18830	-456	24694	-82	155552	17153	-81	155558	20403	-84	155565	9359	-80	155572	
15479	18841	-240	24769	-82	155594	17143	-81	155600	20370	-84	155607	9322	-79	155614	
15504	18799	-349	24732	-82	155637	17181	-81	155644	20333	-84	155650	9322	-79	155657	
15522	18805	-457	24732	-82	155679	17219	-81	155687	20370	-84	155694	9359	-79	155701	
15502	18803	-421	24694	-83	155724	17219	-81	155730	20370	-84	155737	9359	-79	155744	
15477	18793	-438	24694	-83	155765	17181	-80	155772	20333	-84	155779	9359	-79	155787	
15487	18819	-305	24732	-83	155812	17181	-80	155818	20370	-84	155827	9322	-79	155833	
15453	18795	-282	24694	-82	155856	17181	-81	155863	20370	-84	155869	9284	-79	155877	
15480	18788	-250	24694	-83	155900	17219	-80	155907	20370	-83	155914	9284	-79	155920	
15454	18778	-520	24657	-83	155942	17181	-80	155949	20370	-82	155956	9322	-80	155962	
15469	18764	-428	24657	-83	155987	17219	-80	155994	20370	-83	156001	9284	-79	156007	
15320	18758	-1170	24732	-82	156031	17219	-80	156037	20408	-84	156044	9284	-79	156051	
15474	18812	-326	24694	-82	156071	17219	-80	156077	20408	-84	156084	9322	-79	156091	
15425	18804	-353	24657	-82	156112	17153	-81	156119	20399	-83	156126	9289	-80	156133	
15287	18726	-1170	24694	-82	156155	17190	-80	156162	20441	-83	156169	9251	-79	156176	
15433	18814	-428	24657	-82	156200	17153	-80	156207	20403	-83	156214	9327	-80	156221	
15453	18768	-465	24657	-82	156243	17190	-80	156250	20366	-83	156257	9289	-79	156264	
15445	18771	-265	24657	-82	156286	17190	-80	156293	20366	-84	156299	9251	-79	156306	
15468	18781	-398	24657	-82	156330	17228	-81	156337	20403	-83	156343	9289	-79	156350	
15438	18804	-409	24694	-82	156371	17153	-80	156378	20399	-84	156386	9289	-79	156393	
15427	18778	-313	24657	-82	156415	17153	-81	156421	20366	-84	156428	9251	-79	156435	
15464	18776	-323	24694	-82	156459	17190	-80	156465	20366	-84	156472	9251	-79	156479	
15406	18823	-519	24657	-82	156500	17190	-80	156507	20399	-84	156514	9251	-80	156521	
15459	18771	-420	24657	-82	156542	17190	-81	156549	20361	-84	156555	9289	-79	156562	
15432	18737	-278	24619	-83	156585	17190	-81	156592	20328	-84	156599	9214	-79	156606	
15469	18764	-428	24657	-83	156629	17219	-81	156636	20370	-84	156643	9284	-79	156650	
15460	18755	-382	24657	-83	156672	17219	-80	156679	20370	-84	156686	9247	-79	156693	
15469	18764	-428	24657	-82	156714	17219	-80	156721	20370	-84	156728	9284	-79	156735	
15483	18764	-434	24657	-82	156758	17219	-81	156765	20333	-84	156772	9322	-79	156779	
15464	18741	-427	24619	-82	156801	17219	-81	156807	20333	-84	156814	9284	-79	156821	
15498	18773	-312	24694	-83	156842	17219	-81	156849	20333	-85	156856	9284	-79	156863	
15510	18746	-397	24694	-83	156884	17219	-80	156890	20295	-85	156897	9284	-79	156904	
15459	18773	-423	24657	-83	156928	17181	-80	156935	20333	-85	156942	9322	-79	156948	
15472	18715	-542	24619	-83	156970	17219	-81	156976	20295	-84	156983	9284	-79	156990	
15449	18755	-427	24657	-83	157011	17143	-80	157018	20295	-84	157024	9284	-79	157031	
15453	18754	-454	24619	-83	157053	17219	-80	157060	20370	-84	157067	9284	-79	157073	
15440	18751	-429	24619	-83	157096	17181	-80	157102	20333	-84	157109	9284	-79	157116	
15457	18763	-284	24629	-83	157138	17247	-80	157144	20399	-85	157151	9251	-79	157158	
15424	18725	-496	24554	-83	157181	17247	-81	157187	20399	-85	157194	9251	-79	157201	
12852	16764	-5341	24554	-83	157181	17247	-81	157231	20324	-84	157238	9214	-79	157245	
15258	18685	-1163	24591	-83	157269	17247	-80	157275	20441	-84	157282	9214	-79	157289	
15376	18724	-400	24516	-83	157312	17209	-80	157319	20403	-83	157325	9214	-79	157332	
15422	18705	-521	24554	-83	157354	17209	-81	157360	20328	-83	157367	9251	-79	157374	
15431	18720	-423	24554	-83	157395	17247	-81	157403	20366	-84	157409	9251	-79	157416	
15396	18737	-561	24554	-83	157438	17247	-80	157445	20366	-83	157452	9176	-78	157459	
15446	18725	-312	24591	-83	157481	17247	-80	157488	20366	-83	157495	9214	-79	157501	
15416	18668	-541	24516	-83	157525	17247	-80	157531	20324	-83	157538	9214	-79	157545	
15402	18712	-451	24554	-84	157567	17209	-80	157574	20366	-83	157581	9214	-79	157588	
15387	18705	-442	24516	-84	157610	17209	-81	157617	20366	-83	157623	9214	-79	157630	
15461	18717	-412	24619	-84	157653	17209	-80	157659	20291	-83	157666	9247	-79	157673	
15442	18714	-351	24582	-84	157695	17247	-80	157702	20361	-83	157709	9209	-79	157716	
15445	18732	-366	24582	-84	157739	17247	-80	157746	20366	-83	157753	9247	-79	157760	
15241	18622	-1405	24544	-84	157782	17247	-80	157789	20366	-83	157796	9247	-79	157803	
15437	18771	-630	24619	-84	157825	17247	-80	157832	20361	-84	157839	9247	-79	157846	
15306	18609	-1387	24582	-84	157866	17284	-80	157873	20366	-83	157880	9247	-79	157887	
15389	18773	-649	24582	-84	157906	17209	-80	157913	20366	-83	157920	9247	-79	157927	
15431	18740	-493	24582	-84	157949	17209	-81	157956	20366	-84	157963	9284	-79	157970	
15422	18753	-536	24619	-84	157992	17172	-81	157999	20366	-84	158006	9284	-79	158013	
15452	18735	-354	24619	-84	158036	17209	-80	158042	20328	-83	158049	9247	-79	158056	
15423	18717	-324	24582	-84	158080	17209	-80	158087	20328	-84	158093	9209	-79	158100	
15317	18630	-1334	24619	-84	158121	17247	-80	158128	20366	-84	158135	9247	-79	158142	
15435	18720	-312	24591	-84	158166	17219	-81	158173	20328	-85	158180	9214	-79	158187	
15405	18744	-293	24591	-84	158209	17181	-80	158215	20366	-84	158222	9214	-79	158229	
15403	18715	-485	24554	-84	158252	17181	-81	158259	20328	-84	158266	9251	-79	158272	
15411	18746	-326	24629	-84	158296	17143	-80	158302	20328	-84	158309	9214	-79	158316	
15412	18728	-419	24554	-84	158338	17219	-80	158345	20366	-83	158352	9251	-79	158359	
15382	18741	-523	24554	-84	158382	17181	-81	158389	20403	-83	158396	9251	-79	158403	
15413	18747	-421	24591	-84	158425	17181	-80	158432	20366	-83	158439	9251	-79	158445	
15256	18625	-1371	24591	-84	158466	17219	-80	158473	20361	-84	158479	9214	-79	158486	
15394	18729	-498	24554	-84	158505	17181	-81	158512	20366	-83	158519	9251	-79	158526	
15409	18739	-432	24554	-84	158549	17219	-81	158556	20399	-84	158562	9251	-79	158569	
15366	18735	-389	24554	-84	158592	17143	-81	158599	20366	-84	158606	9214	-79	158613	
15387	18727	-371	24554	-84	158634	17181	-80	158641	20366	-84	158648	9214	-79	158655	
15399	18741	-552	24582	-84	158676	17143	-80	158683	20333	-85	158691	9284	-79	158698	
15432	18712	-581	24582	-84	158719	17181	-81	158726	20295	-84	158733	9284	-79	158739	
15431	18744	-336	24619	-84	158761	17181	-80	158768	20333	-84	158775	9247	-79	158782	
15399	18741	-552	24582	-84	158806	17143	-80	158813	20333	-84	158820	9284	-79	158827	
15459	18767	-371	24657	-84	158848	17181	-80	158855	20333	-85	158862	9284	-79	158869	
15422	18728	-547	24582	-84	158891	17181	-80	158897	20333	-84	158904	9284	-79	158911	
15417	18733	-412	24582	-84	158932	17181	-80	158939	20333	-84	158946	9247	-79	158952	
15429	18757	-493	24619	-84	158976	17181	-80	158982	20370	-84	158991	9284	-79	158997	
15464	18741	-427	24619	-84	159020	17219	-80	159027	20333	-84	159033	9284	-79	159041	
15429	18757	-493	24619	-84	159063	17181	-80	159070	20370	-84	159076	9284	-79	159083	
15440	18751	-429	24619	-84	159105	17181	-80	159111	20333	-84	159118	9284	-79	159125	
15453	18751	-366	24657	-84	159148	17181	-80	159155	20333	-84	159161	9247	-79	159168	
15433	18769	-290	24647	-84	159190	17181	-80	159197	20370	-84	159204	9247	-79	159210	
15463	18791	-339	24685	-84	159233	17181	-80	159240	20370	-84	159247	9284	-79	159254	
15243	18655	-1371	24610	-84	159277	17181	-80	159283	20370	-84	159290	9247	-79	159297	
15461	18768	-263	24685	-83	159319	17181	-80	159326	20333	-84	159332	9247	-79	159339	
15450	18775	-422	24685	-83	159361	17143	-81	159368	20333	-84	159374	9284	-79	159381	
15447	18762	-354	24647	-84	159405	17181	-80	159411	20333	-84	159419	9284	-79	159425	
15453	18783	-455	24647	-83	159447	17181	-80	159454	20370	-84	159461	9322	-79	159468	
15461	18715	-362	24610	-83	159491	17219	-80	159498	20295	-84	159505	9247	-79	159511	
15475	18743	-460	24647	-83	159533	17219	-80	159540	20333	-84	159547	9284	-79	159554	
15463	18766	-489	24647	-83	159577	17181	-81	159584	20333	-84	159590	9322	-79	159597	
15439	18727	-378	24610	-83	159618	17181	-80	159625	20295	-84	159632	9247	-79	159639	
15481	18735	-381	24647	-83	159660	17219	-81	159667	20295	-84	159673	9284	-79	159680	
15441	18751	-341	24629	-84	159703	17181	-80	159710	20333	-84	159717	9251	-79	159724	
15399	18708	-447	24554	-83	159745	17181	-80	159751	20333	-84	159758	9214	-79	159765	
15471	18715	-446	24629	-83	159787	17219	-80	159793	20295	-84	159800	9251	-79	159807	
15444	18725	-426	24591	-83	159828	17219	-80	159835	20333	-84	159842	9251	-79	159849	
15437	18716	-352	24591	-83	159871	17219	-80	159878	20333	-85	159885	9214	-79	159891	
15443	18707	-415	24591	-83	159915	17219	-80	159921	20295	-84	159928	9251	-79	159935	
15444	18722	-338	24629	-83	159956	17181	-80	159963	20295	-85	159970	9214	-79	159977	
15471	18715	-446	24629	-84	160000	17219	-81	160008	20295	-84	160014	9251	-79	160021	
15437	18716	-352	24591	-84	160042	17219	-81	160049	20333	-84	160055	9214	-79	160062	
15212	18606	-1533	24554	-84	160083	17181	-81	160090	20333	-84	160097	9251	-79	160104	
15443	18707	-415	24591	-84	160124	17219	-80	160131	20295	-84	160137	9251	-79	160144	
15444	18725	-426	24591	-84	160165	17219	-80	160172	20333	-84	160179	9251	-79	160185	
15461	18726	-451	24591	-83	160209	17247	-81	160215	20333	-84	160222	9284	-79	160229	
15434	18729	-368	24591	-83	160250	17209	-80	160257	20333	-84	160264	9247	-79	160271	
15444	18728	-517	24591	-84	160294	17209	-81	160301	20333	-85	160308	9284	-79	160314	
15444	18728	-517	24591	-84	160337	17209	-80	160344	20333	-84	160350	9284	-79	160357	
15451	18744	-326	24629	-83	160381	17209	-80	160387	20333	-85	160394	9247	-79	160401	
15447	18734	-608	24591	-83	160424	17209	-80	160431	20333	-84	160438	9322	-79	160445	
15431	18718	-436	24554	-84	160467	17247	-80	160474	20370	-84	160481	9247	-79	160487	
15423	18709	-613	24554	-84	160511	17209	-81	160518	20333	-84	160525	9284	-79	160532	
15421	18703	-522	24554	-84	160553	17209	-80	160560	20295	-84	160567	9284	-79	160574	
15446	18717	-463	24591	-84	160596	17209	-80	160602	20295	-84	160609	9284	-79	160616	
15503	18749	-391	24666	-84	160637	17247	-81	160644	20333	-84	160651	9284	-79	160658	
15444	18728	-517	24591	-83	160681	17209	-81	160688	20333	-84	160694	9284	-79	160701	
15412	18744	-450	24619	-83	160723	17143	-80	160730	20333	-84	160737	9247	-79	160744	
15255	18572	-1566	24544	-84	160766	17219	-80	160773	20333	-84	160780	9247	-79	160787	
15414	18763	-422	24619	-84	160809	17143	-80	160816	20333	-84	160823	9284	-79	160829	
15431	18758	-492	24619	-84	160851	17181	-81	160858	20333	-84	160865	9322	-79	160872	
15453	18751	-366	24657	-83	160893	17181	-80	160899	20333	-84	160907	9247	-79	160914	
15418	18755	-594	24582	-83	160937	17181	-80	160943	20370	-84	160950	9322	-79	160957	
15274	18636	-1414	24619	-83	160979	17181	-81	160987	20370	-84	160993	9247	-79	161000	
15448	18731	-557	24582	-83	161020	17219	-80	161027	20333	-84	161034	9322	-79	161041	
15459	18767	-371	24657	-83	161062	17181	-80	161069	20333	-84	161076	9284	-79	161082	
15459	18743	-519	24619	-83	161104	17181	-80	161111	20295	-84	161118	9322	-79	161125	
15449	18778	-396	24657	-83	161148	17181	-80	161156	20370	-84	161163	9284	-79	161170	
15473	18779	-296	24694	-83	161193	17181	-81	161200	20333	-84	161206	9284	-79	161213	
15468	18732	-417	24629	-83	161236	17209	-80	161243	20295	-85	161250	9284	-79	161256	
15451	18744	-326	24629	-83	161280	17209	-81	161287	20333	-84	161294	9247	-79	161301	
15475	18748	-478	24666	-84	161323	17209	-81	161330	20333	-84	161337	9284	-79	161343	
15431	18743	-511	24591	-84	161365	17209	-80	161372	20370	-83	161379	9284	-78	161386	
15471	18773	-399	24666	-84	161410	17209	-81	161416	20370	-84	161423	9284	-79	161430	
15451	18744	-326	24629	-83	161453	17209	-81	161459	20333	-85	161466	9247	-79	161473	
15484	18733	-451	24629	-83	161496	17247	-81	161502	20333	-83	161509	9284	-79	161516	
15448	18757	-427	24591	-84	161538	17247	-80	161546	20408	-84	161552	9284	-79	161559	
15444	18728	-517	24591	-84	161583	17209	-80	161589	20333	-85	161596	9284	-79	161603	
15451	18744	-326	24629	-83	161626	17209	-80	161632	20333	-85	161639	9247	-79	161646	
15446	18717	-463	24591	-84	161670	17209	-81	161676	20295	-84	161683	9284	-79	161690	
15447	18748	-392	24629	-84	161711	17209	-80	161717	20333	-84	161724	9284	-79	161731	
Err	Err	Err	24629	-84	161753	17181	-81	161760	20333	-85	161767	9284	-79	161731	
15412	18726	-435	24554	-84	161797	17219	-80	161805	20370	-84	161812	9251	-79	161819	
15299	18680	-1292	24666	-83	161840	17219	-80	161847	20370	-84	161855	9251	-79	161862	
15409	18750	-384	24591	-83	161884	17181	-81	161890	20370	-85	161897	9251	-79	161904	
15418	18740	-261	24629	-83	161927	17181	-81	161934	20333	-84	161941	9214	-79	161947	
15446	18756	-420	24629	-84	161968	17181	-80	161975	20333	-84	161982	9289	-79	161988	
15462	18737	-342	24629	-83	162011	17219	-80	162017	20333	-84	162024	9251	-79	162031	
15428	18717	-399	24591	-84	162054	17181	-81	162060	20295	-84	162067	9251	-79	162074	
15212	18606	-1533	24554	-84	162096	17181	-80	162103	20333	-84	162110	9251	-79	162117	
15418	18740	-261	24629	-84	162139	17181	-81	162146	20333	-83	162153	9214	-79	162159	
15423	18734	-415	24591	-83	162180	17181	-80	162187	20333	-84	162194	9251	-79	162200	
15292	18665	-1085	24629	-83	162226	17219	-80	162233	20408	-84	162240	9176	-79	162247	
15418	18740	-261	24629	-83	162267	17181	-80	162273	20333	-85	162280	9214	-79	162287	
15420	18716	-402	24591	-83	162308	17181	-81	162315	20295	-84	162322	9247	-79	162329	
15418	18735	-398	24591	-83	162351	17181	-80	162357	20333	-85	162364	9247	-79	162371	
15440	18747	-350	24629	-83	162391	17181	-81	162397	20333	-83	162404	9247	-79	162411	
15420	18751	-516	24629	-83	162427	17143	-80	162434	20333	-84	162441	9284	-79	162447	
15418	18735	-398	24591	-83	162466	17181	-81	162473	20333	-84	162480	9247	-79	162487	
15455	18741	-437	24629	-83	162510	17181	-81	162517	20295	-85	162524	9284	-79	162531	
15384	18742	-394	24591	-84	162554	17143	-80	162561	20333	-84	162568	9247	-79	162574	
15418	18725	-609	24591	-83	162596	17181	-80	162603	20333	-84	162609	9284	-79	162616	
15433	18744	-593	24591	-83	162638	17181	-81	162645	20333	-84	162651	9322	-79	162658	
15446	18752	-457	24629	-83	162681	17181	-81	162687	20333	-84	162694	9284	-79	162701	
15420	18754	-603	24591	-84	162724	17181	-80	162730	20370	-84	162737	9322	-79	162744	
15456	18792	-283	24694	-84	162767	17181	-80	162773	20361	-84	162780	9284	-79	162787	
15455	18763	-468	24619	-84	162809	17219	-80	162816	20366	-84	162823	9322	-79	162829	
15450	18779	-385	24657	-84	162851	17181	-81	162857	20366	-84	162864	9284	-79	162871	
15453	18776	-378	24657	-84	162892	17181	-81	162899	20361	-84	162906	9284	-79	162912	
15459	18786	-230	24694	-83	162936	17181	-81	162942	20366	-84	162949	9247	-79	162956	
15433	18757	-470	24619	-83	162977	17181	-80	162984	20361	-84	162991	9284	-79	162998	
15459	18734	-362	24619	-84	163018	17219	-80	163025	20328	-84	163032	9247	-79	163039	
15435	18748	-429	24619	-84	163061	17181	-81	163068	20328	-84	163074	9284	-80	163082	
15423	18779	-421	24619	-84	163106	17181	-80	163112	20403	-85	163119	9284	-79	163126	
12678	16622	-5567	24619	-84	163106	17181	-81	163157	20366	-84	163164	9284	-79	163172	
15423	18779	-421	24619	-84	163197	17181	-80	163203	20403	-84	163210	9284	-79	163217	
15472	18753	-349	24657	-83	163238	17219	-80	163245	20328	-84	163252	9284	-79	163259	
15453	18789	-303	24657	-84	163281	17209	-81	163288	20399	-84	163294	9284	-79	163302	
15442	18749	-383	24619	-84	163327	17209	-80	163333	20366	-84	163340	9251	-79	163347	
15451	18761	-202	24657	-83	163369	17209	-81	163376	20366	-84	163383	9214	-79	163390	
15488	18744	-272	24657	-83	163412	17247	-80	163419	20328	-84	163426	9251	-79	163432	
15442	18749	-383	24619	-83	163457	17209	-80	163464	20366	-84	163471	9251	-79	163478	
15419	18761	-366	24619	-83	163502	17172	-81	163508	20366	-84	163515	9251	-79	163522	
15429	18813	-348	24657	-83	163547	17172	-81	163554	20436	-84	163561	9289	-79	163568	
15478	18776	-281	24694	-83	163589	17209	-80	163596	20366	-84	163603	9251	-79	163610	
15442	18749	-383	24619	-83	163631	17209	-81	163638	20366	-84	163645	9251	-79	163652	
15321	18674	-1164	24657	-83	163675	17209	-81	163681	20403	-84	163688	9214	-79	163695	
15473	18744	-345	24657	-83	163716	17209	-81	163723	20324	-85	163729	9251	-79	163736	
15289	18651	-1375	24619	-83	163757	17209	-80	163764	20403	-84	163771	9251	-79	163777	
15441	18751	-341	24629	-83	163801	17181	-80	163808	20333	-84	163815	9251	-79	163821	
15398	18738	-556	24554	-83	163844	17181	-81	163851	20370	-85	163858	9284	-79	163865	
15427	18769	-284	24666	-83	163886	17143	-81	163893	20333	-84	163901	9247	-79	163908	
15417	18753	-477	24591	-84	163930	17181	-81	163937	20370	-84	163944	9284	-79	163951	
15396	18745	-281	24591	-84	163976	17181	-81	163982	20370	-84	163991	9209	-79	163998	
15433	18744	-593	24591	-83	164020	17181	-80	164026	20333	-84	164033	9322	-79	164041	
15471	18776	-447	24666	-83	164063	17181	-80	164070	20333	-84	164077	9322	-79	164084	
15444	18787	-306	24666	-83	164105	17181	-80	164112	20370	-83	164119	9284	-79	164126	
15418	18735	-398	24591	-83	164147	17181	-80	164154	20333	-84	164161	9247	-79	164167	
15446	18752	-457	24629	-83	164190	17181	-81	164197	20333	-84	164204	9284	-79	164210	
15414	18780	-416	24629	-83	164233	17143	-81	164240	20370	-84	164247	9284	-79	164253	
15376	18778	-340	24591	-83	164276	17143	-81	164283	20408	-84	164290	9247	-79	164297	
15433	18744	-593	24591	-83	164317	17181	-80	164324	20333	-84	164331	9322	-79	164338	
15417	18753	-477	24591	-83	164360	17181	-81	164367	20370	-84	164373	9284	-79	164380	
15416	18759	-330	24629	-83	164404	17143	-81	164411	20333	-85	164418	9247	-79	164424	
15429	18757	-515	24629	-83	164446	17181	-81	164453	20370	-84	164460	9284	-79	164467	
15422	18784	-297	24666	-83	164487	17143	-81	164494	20370	-84	164501	9247	-79	164508	
15389	18766	-428	24591	-83	164529	17143	-81	164535	20370	-84	164542	9284	-79	164550	
15389	18766	-428	24591	-83	164573	17143	-81	164580	20370	-84	164586	9284	-79	164593	
15397	18750	-357	24591	-83	164616	17181	-81	164623	20370	-85	164630	9247	-79	164636	
15418	18725	-609	24591	-83	164658	17181	-80	164664	20333	-84	164671	9284	-79	164678	
15373	18763	-578	24554	-83	164701	17181	-80	164708	20445	-84	164714	9284	-79	164721	
15374	18758	-584	24554	-83	164745	17143	-81	164751	20370	-84	164758	9322	-79	164765	
15384	18742	-394	24591	-83	164786	17143	-81	164793	20333	-84	164800	9247	-79	164807	
15436	18725	-523	24591	-83	164830	17181	-81	164837	20305	-84	164844	9284	-79	164850	
15428	18722	-408	24591	-83	164874	17181	-81	164881	20305	-84	164888	9247	-79	164895	
15441	18727	-632	24591	-83	164917	17181	-80	164923	20305	-84	164930	9322	-79	164937	
15413	18739	-371	24591	-83	164958	17181	-80	164965	20342	-84	164972	9247	-79	164978	
15435	18745	-612	24629	-83	165002	17143	-81	165009	20305	-84	165015	9322	-79	165022	
15418	18744	-570	24591	-83	165044	17143	-81	165051	20305	-84	165058	9322	-79	165064	
15435	18745	-612	24629	-83	165085	17143	-80	165092	20305	-84	165099	9322	-79	165105	
15410	18735	-500	24591	-84	165126	17143	-81	165132	20305	-84	165139	9284	-79	165146	
9531	14279	-6932	24591	-84	165126	17181	-81	165175	20342	-85	165182	9284	-79	165189	
12962	16837	-5295	24591	-84	165126	17181	-81	165219	20342	-84	165226	9322	-79	165233	
15410	18735	-500	24591	-83	165259	17143	-81	165266	20305	-84	165272	9284	-79	165279	
15405	18727	-520	24554	-83	165301	17181	-80	165308	20342	-84	165314	9284	-79	165321	
15403	18720	-449	24554	-83	165343	17181	-81	165350	20333	-84	165357	9247	-79	165364	
15450	18722	-539	24591	-83	165385	17219	-80	165392	20333	-84	165399	9284	-79	165405	
15418	18725	-609	24591	-83	165429	17181	-80	165435	20333	-84	165442	9284	-79	165449	
15395	18749	-451	24591	-83	165471	17143	-80	165477	20333	-84	165484	9284	-79	165491	
15433	18744	-593	24591	-84	165515	17181	-81	165522	20333	-84	165528	9322	-79	165535	
15410	18755	-554	24591	-83	165556	17143	-81	165563	20333	-84	165570	9322	-79	165577	
15420	18751	-516	24629	-83	165598	17143	-80	165605	20333	-85	165612	9284	-79	165619	
15417	18753	-477	24591	-83	165640	17181	-80	165647	20370	-84	165653	9284	-79	165660	
15462	18734	-385	24629	-83	165683	17219	-81	165690	20333	-84	165697	9247	-79	165704	
15456	18761	-385	24629	-83	165727	17219	-81	165733	20370	-84	165740	9284	-79	165747	
15417	18753	-477	24591	-83	165771	17181	-81	165778	20370	-84	165784	9284	-79	165791	
15453	18760	-508	24629	-83	165813	17181	-80	165820	20333	-84	165827	9322	-79	165834	
15441	18727	-632	24591	-83	165857	17181	-80	165864	20305	-85	165870	9322	-79	165877	
15460	18743	-567	24629	-83	165900	17181	-80	165907	20305	-84	165914	9322	-79	165921	
15400	18741	-574	24591	-83	165942	17143	-81	165949	20342	-84	165957	9284	-79	165963	
15423	18763	-586	24629	-83	165986	17143	-80	165993	20342	-84	166000	9322	-79	166007	
15436	18725	-523	24591	-83	166031	17181	-81	166038	20305	-84	166045	9284	-79	166052	
15424	18738	-520	24591	-83	166073	17181	-81	166080	20342	-85	166087	9284	-79	166094	
15417	18776	-268	24666	-83	166115	17143	-81	166122	20342	-84	166128	9247	-79	166137	
15448	18729	-419	24629	-83	166161	17181	-81	166168	20305	-84	166175	9247	-79	166182	
15421	18765	-458	24629	-83	166206	17143	-80	166213	20342	-84	166220	9284	-79	166227	
15405	18727	-520	24554	-83	166249	17181	-81	166256	20342	-84	166263	9284	-79	166270	
15454	18742	-417	24629	-83	166292	17181	-81	166299	20305	-84	166306	9284	-79	166313	
15435	18760	-389	24629	-83	166335	17181	-81	166342	20342	-84	166349	9284	-79	166356	
15462	18772	-350	24666	-82	166379	17181	-81	166386	20333	-84	166393	9284	-79	166399	
15423	18734	-415	24591	-83	166420	17181	-80	166427	20333	-84	166433	9251	-79	166440	
15423	18734	-415	24591	-83	166464	17181	-81	166470	20333	-84	166477	9251	-79	166484	
15395	18759	-533	24591	-83	166506	17143	-81	166513	20370	-84	166519	9289	-79	166526	
15429	18744	-349	24591	-83	166549	17219	-81	166556	20370	-84	166563	9251	-79	166569	
15409	18750	-384	24591	-83	166592	17181	-81	166599	20370	-85	166606	9251	-79	166613	
15446	18756	-420	24629	-83	166634	17181	-81	166641	20333	-85	166648	9289	-79	166656	
15425	18766	-300	24629	-83	166680	17181	-81	166686	20370	-84	166693	9251	-79	166700	
15423	18734	-415	24591	-83	166723	17181	-81	166730	20333	-84	166737	9251	-79	166744	
15395	18737	-339	24591	-83	166766	17143	-80	166773	20333	-84	166779	9214	-79	166786	
15425	18766	-300	24629	-82	166811	17181	-80	166817	20370	-84	166824	9251	-79	166831	
15430	18774	-275	24666	-82	166853	17143	-81	166860	20333	-84	166867	9251	-79	166874	
15409	18744	-327	24596	-82	166898	17181	-80	166905	20370	-84	166912	9214	-79	166918	
15370	18772	-666	24558	-82	166939	17181	-81	166946	20370	-85	166953	9251	-79	166960	
15424	18731	-445	24596	-82	166981	17181	-80	166988	20333	-84	166995	9251	-79	167002	
15404	18711	-552	24558	-82	167024	17181	-81	167031	20333	-84	167037	9251	-79	167045	
15393	18812	-627	24633	-82	167071	17181	-80	167078	20408	-85	167085	9251	-79	167092	
15370	18772	-666	24558	-82	167113	17181	-80	167119	20370	-84	167126	9251	-79	167135	
15373	18749	-445	24558	-83	167159	17143	-80	167165	20370	-84	167172	9251	-79	167179	
15418	18723	-379	24596	-82	167200	17181	-80	167207	20333	-84	167215	9214	-79	167221	
15205	18696	-1319	24558	-82	167243	17181	-81	167250	20408	-84	167257	9251	-79	167264	
15418	18723	-379	24596	-83	167285	17181	-80	167292	20333	-84	167299	9214	-79	167306	
15388	18751	-481	24596	-82	167328	17143	-80	167334	20370	-84	167341	9251	-79	167348	
15205	18696	-1319	24558	-83	167370	17181	-81	167377	20408	-84	167384	9251	-79	167390	
15393	18759	-364	24629	-83	167410	17143	-82	167417	20380	-84	167424	9214	-79	167430	
15436	18725	-523	24591	-82	167454	17181	-81	167460	20305	-85	167467	9284	-79	167474	
15435	18745	-612	24629	-82	167496	17143	-81	167503	20305	-84	167510	9322	-79	167516	
15444	18766	-476	24629	-83	167538	17181	-80	167545	20342	-84	167552	9322	-79	167559	
Err	Err	Err	24591	-83	167582	17219	-81	167589	20305	-84	167595	9322	-79	167559	
15440	18782	-345	24666	-82	167625	17143	-81	167631	20342	-85	167638	9284	-79	167645	
15436	18725	-523	24591	-83	167666	17181	-80	167673	20305	-84	167680	9284	-79	167687	
15435	18760	-389	24629	-83	167708	17181	-81	167715	20342	-84	167722	9284	-79	167728	
15444	18766	-476	24629	-82	167751	17181	-81	167758	20342	-84	167765	9322	-79	167771	
15433	18748	-565	24591	-83	167794	17181	-81	167801	20342	-84	167808	9322	-79	167815	
15434	18787	-429	24666	-82	167836	17143	-81	167843	20342	-84	167850	9322	-79	167857	
15413	18739	-371	24591	-83	167879	17181	-81	167886	20342	-83	167892	9247	-79	167899	
15405	18802	-476	24619	-82	167920	17143	-80	167927	20408	-84	167934	9322	-79	167941	
15444	18753	-260	24657	-82	167962	17181	-81	167969	20333	-84	167976	9223	-79	167983	
15424	18781	-175	24694	-83	168006	17143	-81	168012	20370	-84	168019	9186	-79	168026	
15437	18764	-287	24657	-83	168049	17181	-81	168055	20370	-84	168062	9223	-79	168069	
15416	18743	-397	24619	-83	168090	17181	-81	168097	20370	-84	168104	9223	-79	168111	
15431	18770	-331	24657	-83	168134	17143	-81	168141	20333	-84	168148	9261	-79	168155	
15422	18781	-370	24657	-83	168175	17143	-81	168182	20370	-83	168189	9261	-79	168196	
15451	18761	-320	24657	-82	168216	17181	-81	168223	20333	-84	168230	9261	-79	168236	
15231	18629	-1308	24582	-83	168259	17181	-81	168266	20370	-83	168272	9186	-79	168279	
15396	18784	-402	24619	-83	168301	17143	-81	168308	20408	-84	168315	9261	-79	168322	
15196	18659	-1342	24582	-83	168344	17143	-80	168352	20370	-84	168358	9223	-79	168365	
15431	18736	-345	24619	-83	168386	17181	-81	168392	20333	-84	168399	9223	-79	168406	
15402	18802	-605	24629	-83	168426	17172	-81	168433	20370	-84	168440	9261	-79	168446	
15406	18753	-391	24591	-83	168467	17172	-81	168474	20370	-84	168481	9247	-79	168488	
15257	18660	-1325	24591	-83	168510	17209	-81	168516	20408	-84	168523	9247	-79	168530	
15440	18766	-366	24629	-83	168552	17209	-80	168558	20370	-84	168565	9284	-79	168572	
15447	18748	-392	24629	-83	168593	17209	-81	168599	20333	-84	168606	9284	-79	168613	
15444	18728	-517	24591	-83	168638	17209	-80	168645	20333	-84	168651	9284	-79	168658	
15434	18729	-368	24591	-83	168680	17209	-80	168687	20333	-84	168693	9247	-79	168702	
15447	18734	-608	24591	-83	168727	17209	-80	168733	20333	-84	168740	9322	-79	168747	
15413	18757	-473	24591	-83	168769	17172	-80	168776	20370	-83	168782	9284	-79	168789	
15444	18728	-517	24591	-83	168812	17209	-81	168818	20333	-84	168825	9284	-79	168832	
15444	18728	-517	24591	-82	168855	17209	-81	168862	20333	-85	168869	9284	-79	168876	
15413	18776	-512	24629	-83	168899	17172	-80	168906	20408	-85	168913	9284	-79	168921	
15407	18730	-435	24591	-83	168945	17143	-80	168951	20305	-84	168958	9247	-79	168965	
15448	18729	-419	24629	-82	168987	17181	-80	168993	20305	-84	169001	9247	-79	169008	
15410	18735	-500	24591	-83	169031	17143	-80	169038	20305	-84	169045	9284	-79	169051	
15368	18762	-568	24554	-83	169076	17143	-81	169082	20380	-84	169090	9322	-79	169096	
15424	18738	-520	24591	-83	169121	17181	-81	169127	20342	-84	169134	9284	-79	169141	
15418	18744	-570	24591	-83	169166	17143	-80	169172	20305	-84	169179	9322	-79	169186	
15430	18801	-447	24629	-83	169208	17181	-80	169214	20417	-84	169221	9322	-79	169228	
15400	18722	-475	24554	-83	169249	17181	-80	169255	20342	-84	169262	9247	-79	169270	
15400	18741	-574	24591	-84	169294	17143	-80	169301	20342	-84	169308	9284	-79	169315	
15365	18732	-448	24554	-83	169336	17143	-80	169343	20342	-84	169350	9247	-79	169357	
15391	18708	-459	24554	-83	169378	17181	-80	169385	20342	-84	169392	9209	-79	169398	
15438	18719	-596	24591	-83	169422	17219	-80	169428	20342	-84	169435	9284	-79	169442	
15443	18773	-286	24657	-83	169465	17181	-80	169471	20370	-84	169478	9247	-79	169485	
15464	18768	-283	24657	-83	169505	17219	-80	169512	20370	-84	169520	9251	-79	169527	
15412	18743	-371	24619	-83	169547	17181	-81	169554	20370	-84	169560	9214	-79	169567	
15405	18739	-375	24619	-83	169589	17143	-80	169596	20333	-84	169603	9214	-79	169610	
15298	18695	-1003	24694	-83	169634	17181	-81	169641	20370	-84	169647	9176	-79	169654	
15415	18722	-405	24619	-83	169674	17143	-81	169681	20295	-83	169688	9214	-79	169695	
15460	18746	-204	24657	-83	169716	17219	-81	169722	20333	-84	169729	9214	-79	169736	
15424	18759	-261	24657	-83	169759	17143	-81	169766	20333	-84	169773	9214	-79	169780	
15400	18732	-525	24582	-83	169804	17181	-81	169811	20370	-84	169817	9251	-79	169824	
15413	18786	-273	24657	-83	169846	17143	-80	169852	20370	-84	169859	9251	-79	169866	
15402	18767	-391	24619	-83	169887	17143	-81	169894	20370	-84	169901	9251	-79	169908	
15410	18780	-306	24619	-83	169931	17181	-80	169938	20408	-84	169945	9251	-79	169952	
15409	18750	-384	24591	-83	169972	17181	-80	169979	20370	-84	169986	9251	-79	169993	
15441	18751	-341	24629	-83	170014	17181	-80	170021	20333	-84	170028	9251	-79	170035	
15419	18751	-521	24591	-83	170057	17181	-80	170063	20370	-84	170070	9289	-79	170077	
15413	18754	-366	24629	-83	170099	17143	-80	170105	20333	-84	170112	9251	-79	170119	
15408	18740	-377	24629	-83	170141	17143	-80	170148	20333	-83	170154	9214	-79	170161	
15290	18620	-1337	24629	-83	170183	17219	-80	170190	20333	-84	170197	9214	-79	170204	
15416	18726	-366	24591	-83	170224	17181	-80	170230	20333	-84	170237	9214	-79	170244	
15406	18744	-323	24591	-83	170268	17181	-80	170274	20370	-83	170281	9214	-79	170288	
15425	18766	-300	24629	-83	170310	17181	-81	170317	20370	-84	170324	9251	-79	170331	
15406	18744	-323	24591	-83	170354	17181	-80	170361	20370	-83	170368	9214	-79	170374	
15409	18750	-384	24591	-83	170397	17181	-81	170404	20370	-84	170411	9251	-79	170417	
15446	18756	-420	24629	-83	170441	17181	-80	170448	20333	-84	170454	9289	-79	170461	
15413	18770	-280	24657	-83	170482	17143	-81	170489	20366	-83	170496	9214	-79	170503	
15442	18762	-470	24619	-83	170524	17219	-80	170531	20399	-84	170538	9284	-79	170544	
15408	18797	-269	24657	-83	170567	17143	-80	170574	20403	-83	170581	9247	-79	170587	
15433	18757	-470	24619	-83	170610	17181	-81	170617	20361	-84	170624	9284	-79	170631	
15427	18781	-533	24619	-83	170653	17181	-81	170660	20403	-84	170667	9322	-79	170673	
15440	18773	-376	24619	-83	170697	17219	-80	170704	20403	-84	170711	9284	-79	170718	
15419	18780	-382	24619	-83	170739	17181	-80	170746	20399	-84	170752	9284	-79	170759	
15412	18768	-464	24619	-83	170782	17143	-80	170789	20361	-85	170796	9284	-79	170803	
15453	18775	-534	24657	-84	170825	17181	-81	170832	20366	-84	170838	9322	-79	170845	
15419	18780	-382	24619	-83	170868	17181	-80	170875	20399	-84	170881	9284	-79	170888	
15400	18754	-558	24582	-83	170910	17181	-80	170917	20403	-83	170923	9284	-79	170930	
15397	18782	-471	24619	-83	170953	17143	-80	170960	20403	-84	170966	9284	-79	170973	
15426	18751	-559	24591	-83	170996	17172	-81	171003	20342	-83	171009	9322	-79	171016	
15450	18738	-395	24629	-83	171040	17209	-81	171047	20342	-84	171053	9247	-79	171060	
15452	18719	-521	24591	-83	171083	17209	-81	171090	20305	-83	171097	9284	-79	171103	
15407	18758	-493	24591	-83	171125	17172	-81	171131	20380	-84	171138	9284	-79	171145	
15452	18719	-521	24591	-83	171166	17209	-81	171173	20305	-84	171180	9284	-79	171187	
15428	18721	-685	24591	-83	171209	17172	-80	171216	20305	-84	171223	9322	-79	171230	
15416	18708	-647	24554	-83	171253	17209	-80	171260	20342	-84	171267	9284	-79	171273	
15417	18749	-449	24591	-83	171294	17172	-80	171301	20342	-84	171307	9284	-79	171314	
15476	18770	-344	24666	-83	171337	17209	-81	171344	20342	-83	171350	9284	-79	171357	
15441	18732	-531	24591	-83	171381	17209	-80	171388	20342	-84	171395	9284	-79	171402	
15417	18749	-449	24591	-83	171424	17172	-81	171430	20342	-84	171437	9284	-79	171444	
Err	Err	Err	24591	-83	171466	17172	-81	171430	20342	-84	171480	9284	-79	171487	
15447	18742	-570	24591	-83	171510	17209	-80	171516	20342	-83	171523	9322	-79	171530	
15422	18766	-510	24629	-83	171551	17172	-81	171558	20380	-84	171566	9289	-79	171573	
15452	18717	-542	24591	-83	171595	17209	-81	171602	20305	-83	171608	9289	-79	171616	
15423	18767	-383	24666	-83	171639	17134	-81	171646	20342	-83	171653	9251	-79	171659	
15416	18749	-458	24591	-82	171680	17172	-80	171687	20342	-83	171693	9289	-79	171700	
15449	18760	-486	24629	-83	171722	17209	-81	171729	20380	-83	171736	9289	-79	171742	
15427	18753	-334	24629	-83	171765	17172	-81	171772	20342	-84	171779	9251	-79	171786	
15462	18757	-381	24666	-83	171808	17172	-80	171816	20305	-83	171822	9289	-79	171829	
15421	18771	-315	24629	-83	171852	17172	-81	171858	20380	-83	171865	9251	-79	171872	
15267	18631	-1421	24591	-83	171894	17209	-80	171901	20380	-83	171908	9251	-79	171915	
15421	18771	-315	24629	-82	171938	17172	-81	171945	20380	-83	171952	9251	-79	171958	
15267	18631	-1421	24591	-82	171981	17209	-81	171987	20380	-83	171994	9251	-79	172001	
15387	18785	-364	24619	-82	172022	17134	-81	172029	20408	-83	172036	9251	-79	172042	
15469	18776	-368	24657	-82	172065	17209	-81	172072	20370	-83	172078	9289	-79	172085	
15447	18756	-362	24657	-82	172107	17172	-81	172115	20333	-83	172122	9251	-79	172128	
15438	18754	-230	24657	-83	172151	17172	-80	172157	20333	-84	172165	9214	-80	172171	
15372	18753	-345	24582	-83	172192	17134	-80	172199	20370	-83	172206	9214	-79	172213	
15441	18761	-397	24619	-82	172234	17209	-80	172241	20370	-84	172248	9289	-79	172255	
15458	18767	-298	24657	-83	172278	17209	-81	172285	20370	-83	172291	9251	-79	172298	
15421	18759	-380	24619	-83	172321	17172	-80	172328	20370	-83	172334	9251	-79	172341	
15421	18759	-380	24619	-83	172370	17172	-80	172377	20370	-84	172384	9251	-80	172391	
15436	18755	-309	24619	-83	172414	17209	-81	172421	20370	-83	172428	9251	-79	172434	
15436	18755	-309	24619	-83	172459	17209	-80	172465	20370	-83	172472	9251	-79	172479	
15421	18821	-525	24657	-83	172502	17209	-81	172508	20408	-84	172515	9251	-79	172522	
15433	18760	-285	24657	-83	172543	17181	-80	172550	20370	-83	172557	9214	-80	172564	
15438	18794	-272	24694	-83	172587	17143	-81	172594	20370	-83	172601	9251	-79	172607	
15413	18786	-273	24657	-83	172628	17143	-80	172635	20370	-84	172642	9251	-79	172649	
15419	18786	-177	24657	-83	172671	17181	-80	172678	20408	-83	172685	9214	-80	172691	
12032	16158	-6029	24657	-83	172671	17143	-81	172722	20370	-83	172729	9251	-79	172736	
15423	18752	-430	24619	-83	172760	17181	-80	172767	20370	-83	172774	9251	-80	172780	
15393	18787	-349	24619	-83	172803	17143	-81	172809	20408	-83	172816	9251	-79	172823	
15410	18780	-306	24619	-83	172845	17181	-81	172852	20408	-83	172859	9251	-79	172866	
15231	18673	-1308	24582	-83	172887	17181	-81	172894	20408	-83	172901	9251	-79	172908	
15366	18739	-502	24544	-83	172929	17143	-81	172936	20370	-83	172943	9251	-80	172949	
15404	18819	-545	24619	-83	172971	17219	-80	172978	20445	-84	172984	9251	-79	172991	
15227	18689	-1234	24619	-83	173013	17143	-81	173020	20408	-83	173027	9214	-79	173033	
15413	18786	-273	24657	-83	173059	17143	-81	173065	20370	-83	173072	9251	-79	173079	
15401	18776	-404	24619	-83	173102	17143	-81	173108	20370	-83	173115	9284	-79	173122	
15385	18795	-370	24619	-83	173145	17143	-81	173152	20408	-83	173159	9284	-79	173165	
15389	18776	-410	24619	-83	173188	17143	-81	173195	20408	-83	173202	9247	-79	173208	
15402	18766	-483	24582	-83	173232	17181	-81	173238	20408	-84	173245	9284	-79	173252	
15389	18776	-410	24619	-83	173276	17143	-81	173283	20408	-83	173289	9247	-79	173296	
15432	18823	-262	24694	-83	173318	17143	-80	173324	20408	-83	173331	9284	-79	173338	
15432	18774	-360	24657	-83	173362	17143	-80	173368	20333	-83	173375	9284	-79	173382	
15424	18813	-225	24694	-83	173403	17143	-81	173409	20408	-83	173416	9247	-79	173423	
15432	18823	-262	24694	-82	173446	17143	-81	173453	20408	-84	173459	9284	-79	173466	
15415	18754	-458	24582	-83	173490	17181	-81	173497	20370	-83	173503	9284	-79	173510	
15196	18682	-1336	24582	-83	173532	17143	-80	173539	20408	-84	173545	9247	-79	173552	
15356	18789	-457	24582	-83	173574	17106	-81	173581	20408	-83	173588	9284	-79	173595	
15391	18783	-570	24619	-83	173617	17106	-81	173624	20370	-84	173631	9322	-79	173638	
15356	18789	-457	24582	-83	173659	17106	-81	173666	20408	-84	173673	9284	-79	173680	
15359	18754	-495	24582	-83	173702	17106	-81	173709	20370	-84	173716	9247	-79	173722	
15185	18681	-1487	24582	-83	173745	17143	-80	173752	20445	-83	173759	9284	-79	173766	
15411	18793	-453	24657	-83	173786	17143	-81	173792	20408	-84	173799	9284	-79	173806	
15432	18774	-360	24657	-83	173827	17143	-81	173834	20333	-83	173841	9284	-79	173847	
15389	18776	-410	24619	-83	173869	17143	-81	173876	20408	-84	173883	9247	-79	173890	
15377	18804	-408	24619	-83	173912	17106	-81	173918	20408	-83	173925	9284	-79	173932	
15399	18741	-552	24582	-83	173956	17143	-81	173962	20333	-83	173969	9284	-79	173976	
15338	18774	-514	24544	-83	173997	17106	-81	174004	20408	-84	174011	9284	-79	174018	
15417	18783	-276	24657	-83	174041	17143	-81	174048	20370	-83	174055	9247	-79	174062	
15369	18771	-418	24582	-83	174086	17134	-81	174093	20408	-84	174100	9247	-79	174107	
15421	18784	-457	24657	-83	174129	17134	-81	174135	20370	-84	174142	9289	-79	174149	
15407	18781	-304	24619	-83	174171	17172	-81	174177	20408	-83	174184	9251	-79	174191	
15262	18711	-1153	24657	-83	174214	17134	-81	174221	20445	-83	174228	9214	-79	174234	
15372	18753	-345	24582	-83	174257	17134	-80	174263	20370	-83	174271	9214	-79	174277	
15412	18776	-390	24657	-83	174299	17134	-80	174306	20370	-83	174313	9251	-79	174320	
15384	18768	-459	24582	-83	174345	17134	-80	174352	20370	-84	174358	9289	-79	174365	
15377	18803	-343	24619	-83	174387	17134	-80	174394	20445	-83	174401	9251	-79	174408	
15377	18803	-343	24619	-83	174428	17134	-80	174435	20445	-84	174442	9251	-79	174448	
15253	18637	-1323	24582	-83	174470	17209	-81	174477	20408	-83	174484	9214	-79	174491	
15421	18821	-525	24657	-83	174512	17209	-81	174520	20408	-83	174527	9251	-79	174534	
15403	18767	-334	24657	-83	174555	17134	-81	174562	20370	-84	174570	9214	-79	174577	
15393	18781	-411	24657	-82	174599	17106	-80	174605	20370	-83	174612	9251	-79	174620	
15423	18830	-332	24694	-82	174644	17143	-81	174651	20445	-84	174658	9284	-79	174665	
15407	18854	-337	24694	-83	174686	17106	-81	174693	20445	-83	174699	9322	-80	174706	
15377	18804	-408	24619	-83	174728	17106	-80	174735	20408	-83	174741	9284	-79	174748	
15389	18776	-410	24619	-83	174774	17143	-81	174781	20408	-83	174788	9247	-79	174794	
15370	18798	-323	24619	-83	174816	17106	-81	174823	20408	-83	174830	9247	-79	174836	
15352	18799	-508	24619	-82	174860	17068	-80	174867	20408	-83	174874	9284	-79	174881	
15398	18807	-401	24657	-83	174902	17106	-81	174909	20370	-83	174916	9322	-79	174922	
Percentuale di fallimenti nel positioning: 0.6%