Distanza: 50200.0
X [mm]	Y [mm]	Z [mm]	A0 	 RSS 	 Time 	 A1 	 RSS 	 Time 	 A2 	 RSS 	 Time 	 A3 	 RSS 	 Time 	 
29672	36304	-12846	2774695935	8192	4294903809	0	0	1705985	0	0	1705985	0	0	1705985	
Err	Err	Err	49778	-84	346982	0	0	1705985	0	0	1705985	0	0	1705985	
Err	Err	Err	49778	-84	346982	33165	-85	346989	39835	-84	346996	0	0	1705985	
Err	Err	Err	49778	-84	346982	33165	-85	346989	39835	-84	346996	34338	-81	347003	
Err	Err	Err	49778	-84	346982	33165	-85	346989	39835	-84	346996	34338	-81	347003	
Err	Err	Err	49778	-84	347013	33165	-85	346989	39835	-84	346996	34338	-81	347003	
Err	Err	Err	49778	-84	347013	33165	-85	346989	39835	-84	346996	34338	-81	347003	
Err	Err	Err	49778	-84	347013	33165	-85	347020	39835	-84	346996	34338	-81	347003	
Err	Err	Err	49778	-84	347013	33165	-85	347020	39872	-84	347026	34338	-81	347003	
Err	Err	Err	49778	-84	347013	33165	-85	347020	39872	-84	347026	34338	-81	347003	
Err	Err	Err	49778	-84	347013	33165	-85	347020	39872	-84	347026	34300	-81	347033	
31470	37321	-6191	49778	-84	347013	33165	-85	347020	39872	-84	347026	34300	-81	347033	
Err	Err	Err	49778	-84	347013	33165	-85	347020	39872	-84	347026	34300	-81	347033	
Err	Err	Err	49741	-85	347043	33165	-85	347020	39872	-84	347026	34300	-81	347033	
Err	Err	Err	49741	-85	347043	33165	-85	347020	39872	-84	347026	34300	-81	347033	
Err	Err	Err	49741	-85	347043	33203	-85	347050	39872	-84	347026	34300	-81	347033	
Err	Err	Err	49741	-85	347043	33203	-85	347050	39835	-85	347057	34300	-81	347033	
Err	Err	Err	49741	-85	347043	33203	-85	347050	39835	-85	347057	34338	-81	347064	
31766	37742	-2194	49741	-85	347043	33203	-85	347050	39835	-85	347057	34338	-81	347064	
Err	Err	Err	49778	-84	347073	33165	-85	347080	39835	-85	347057	34338	-81	347064	
Err	Err	Err	49778	-84	347073	33165	-85	347080	39872	-84	347087	34338	-81	347064	
Err	Err	Err	49778	-84	347073	33165	-85	347080	39872	-84	347087	34338	-81	347094	
29815	36551	-12281	49816	-84	347102	33165	-85	347080	39872	-84	347087	34338	-81	347094	
Err	Err	Err	49816	-84	347102	33240	-85	347109	39872	-84	347087	34338	-81	347094	
Err	Err	Err	49816	-84	347102	33240	-85	347109	39797	-84	347116	34338	-81	347094	
Err	Err	Err	49816	-84	347102	33240	-85	347109	39797	-84	347116	34338	-81	347094	
Err	Err	Err	49816	-84	347102	33240	-85	347109	39797	-84	347116	34300	-81	347123	
30094	36483	-11760	49816	-84	347102	33240	-85	347109	39797	-84	347116	34300	-81	347123	
Err	Err	Err	49816	-84	347132	33240	-85	347109	39797	-84	347116	34300	-81	347123	
Err	Err	Err	49816	-84	347132	33240	-85	347109	39797	-84	347116	34300	-81	347123	
Err	Err	Err	49816	-84	347132	33240	-84	347139	39797	-84	347116	34300	-81	347123	
Err	Err	Err	49816	-84	347132	33240	-84	347139	39797	-84	347116	34300	-81	347123	
Err	Err	Err	49816	-84	347132	33240	-84	347139	39835	-84	347145	34300	-81	347123	
Err	Err	Err	49816	-84	347132	33240	-84	347139	39835	-84	347145	34338	-81	347152	
31689	37718	-3199	49778	-84	347163	33240	-84	347139	39835	-84	347145	34338	-81	347152	
Err	Err	Err	49778	-84	347163	33240	-85	347170	39835	-84	347145	34338	-81	347152	
Err	Err	Err	49778	-84	347163	33240	-85	347170	39835	-84	347145	34338	-81	347152	
Err	Err	Err	49778	-84	347163	33240	-85	347170	39835	-84	347177	34338	-81	347152	
Err	Err	Err	49778	-84	347163	33240	-85	347170	39835	-84	347177	34375	-81	347184	
29741	36409	-12792	49778	-84	347163	33240	-85	347170	39835	-84	347177	34375	-81	347184	
Err	Err	Err	49816	-84	347193	33240	-85	347170	39835	-84	347177	34375	-81	347184	
Err	Err	Err	49816	-84	347193	33240	-85	347170	39835	-84	347177	34375	-81	347184	
Err	Err	Err	49816	-84	347193	33203	-85	347199	39835	-84	347177	34375	-81	347184	
Err	Err	Err	49816	-84	347193	33203	-85	347199	39835	-85	347206	34375	-81	347184	
29638	36310	-13148	49816	-84	347193	33203	-85	347199	39835	-85	347206	34375	-81	347213	
Err	Err	Err	49816	-83	347221	33203	-85	347199	39835	-85	347206	34375	-81	347213	
Err	Err	Err	49816	-83	347221	33165	-85	347228	39835	-85	347206	34375	-81	347213	
Err	Err	Err	49816	-83	347221	33165	-85	347228	39835	-85	347206	34375	-81	347213	
Err	Err	Err	49816	-83	347221	33165	-85	347228	39797	-85	347235	34375	-81	347213	
Err	Err	Err	49816	-83	347221	33165	-85	347228	39797	-85	347235	34375	-81	347213	
Err	Err	Err	49816	-83	347221	33165	-85	347228	39797	-85	347235	34300	-81	347241	
29851	36473	-12242	49816	-84	347250	33165	-85	347228	39797	-85	347235	34300	-81	347241	
Err	Err	Err	49816	-84	347250	33203	-85	347257	39797	-85	347235	34300	-81	347241	
Err	Err	Err	49816	-84	347250	33203	-85	347257	39872	-84	347264	34300	-81	347241	
Err	Err	Err	49816	-84	347250	33203	-85	347257	39872	-84	347264	34338	-81	347271	
29966	36559	-11994	49816	-84	347250	33203	-85	347257	39872	-84	347264	34338	-81	347271	
Err	Err	Err	49778	-84	347281	33203	-85	347257	39872	-84	347264	34338	-81	347271	
Err	Err	Err	49778	-84	347281	33203	-85	347287	39872	-84	347264	34338	-81	347271	
Err	Err	Err	49778	-84	347281	33203	-85	347287	39835	-84	347294	34338	-81	347271	
Err	Err	Err	49778	-84	347281	33203	-85	347287	39835	-84	347294	34300	-81	347301	
30109	36667	-11548	49778	-84	347281	33203	-85	347287	39835	-84	347294	34300	-81	347301	
Err	Err	Err	49778	-84	347312	33203	-85	347287	39835	-84	347294	34300	-81	347301	
Err	Err	Err	49778	-84	347312	33203	-85	347287	39835	-84	347294	34300	-81	347301	
Err	Err	Err	49778	-84	347312	33203	-85	347320	39835	-84	347294	34300	-81	347301	
Err	Err	Err	49778	-84	347312	33203	-85	347320	39872	-83	347326	34300	-81	347301	
Err	Err	Err	49778	-84	347312	33203	-85	347320	39872	-83	347326	34338	-81	347333	
31788	37815	-501	49778	-84	347312	33203	-85	347320	39872	-83	347326	34338	-81	347333	
Err	Err	Err	49778	-84	347343	33203	-85	347320	39872	-83	347326	34338	-81	347333	
Err	Err	Err	49778	-84	347343	33203	-85	347350	39872	-83	347326	34338	-81	347333	
Err	Err	Err	49778	-84	347343	33203	-85	347350	39835	-84	347356	34338	-81	347333	
Err	Err	Err	49778	-84	347343	33203	-85	347350	39835	-84	347356	34338	-81	347333	
Err	Err	Err	49778	-84	347343	33203	-85	347350	39835	-84	347356	34263	-82	347363	
30286	36717	-10875	49778	-84	347343	33203	-85	347350	39835	-84	347356	34263	-82	347363	
Err	Err	Err	49778	-84	347343	33203	-85	347350	39835	-84	347356	34263	-82	347363	
Err	Err	Err	49741	-84	347372	33203	-85	347350	39835	-84	347356	34263	-82	347363	
Err	Err	Err	49741	-84	347372	33203	-85	347350	39835	-84	347356	34263	-82	347363	
Err	Err	Err	49741	-84	347372	33165	-86	347380	39835	-84	347356	34263	-82	347363	
Err	Err	Err	49741	-84	347372	33165	-86	347380	39835	-84	347356	34263	-82	347363	
Err	Err	Err	49741	-84	347372	33165	-86	347380	39835	-85	347387	34263	-82	347363	
Err	Err	Err	49741	-84	347372	33165	-86	347380	39835	-85	347387	34263	-81	347394	
Err	Err	Err	49741	-84	347372	33165	-86	347380	39835	-85	347387	34263	-81	347394	
31627	37573	-4449	49741	-84	347404	33165	-86	347380	39835	-85	347387	34263	-81	347394	
Err	Err	Err	49741	-84	347404	33203	-85	347410	39835	-84	347417	34263	-81	347394	
Err	Err	Err	49741	-84	347404	33203	-85	347410	39835	-84	347417	34300	-81	347424	
31631	37532	-4833	49816	-84	347434	33203	-85	347410	39835	-84	347417	34300	-81	347424	
Err	Err	Err	49816	-84	347434	33203	-85	347410	39835	-84	347417	34300	-81	347424	
Err	Err	Err	49816	-84	347434	33203	-85	347440	39835	-84	347417	34300	-81	347424	
Err	Err	Err	49816	-84	347434	33203	-85	347440	39835	-84	347447	34300	-81	347424	
Err	Err	Err	49816	-84	347434	33203	-85	347440	39835	-84	347447	34263	-81	347454	
30329	36752	-10740	49816	-84	347434	33203	-85	347440	39835	-84	347447	34263	-81	347454	
Err	Err	Err	49816	-84	347434	33203	-85	347440	39835	-84	347447	34263	-81	347454	
Err	Err	Err	49778	-84	347463	33203	-85	347440	39835	-84	347447	34263	-81	347454	
Err	Err	Err	49778	-84	347463	33203	-84	347470	39835	-84	347447	34263	-81	347454	
Err	Err	Err	49778	-84	347463	33203	-84	347470	39835	-84	347447	34263	-81	347454	
Err	Err	Err	49778	-84	347463	33203	-84	347470	39872	-85	347477	34263	-81	347454	
Err	Err	Err	49778	-84	347463	33203	-84	347470	39872	-85	347477	34263	-81	347454	
30431	36820	-10572	49778	-84	347463	33203	-84	347470	39872	-85	347477	34263	-81	347483	
Err	Err	Err	49778	-84	347463	33203	-84	347470	39872	-85	347477	34263	-81	347483	
Err	Err	Err	49849	-84	347492	33203	-84	347470	39872	-85	347477	34263	-81	347483	
Err	Err	Err	49849	-84	347492	33203	-84	347470	39872	-85	347477	34263	-81	347483	
Err	Err	Err	49849	-84	347492	33170	-85	347499	39872	-85	347477	34263	-81	347483	
Err	Err	Err	49849	-84	347492	33170	-85	347499	39830	-85	347505	34263	-81	347483	
Err	Err	Err	49849	-84	347492	33170	-85	347499	39830	-85	347505	34263	-81	347483	
Err	Err	Err	49849	-84	347492	33170	-85	347499	39830	-85	347505	34291	-81	347512	
31563	37313	-5925	49849	-84	347492	33170	-85	347499	39830	-85	347505	34291	-81	347512	
Err	Err	Err	49811	-84	347522	33170	-85	347499	39830	-85	347505	34291	-81	347512	
Err	Err	Err	49811	-84	347522	33207	-85	347529	39830	-85	347505	34291	-81	347512	
Err	Err	Err	49811	-84	347522	33207	-85	347529	39900	-84	347536	34291	-81	347512	
Err	Err	Err	49811	-84	347522	33207	-85	347529	39900	-84	347536	34366	-81	347543	
31457	37340	-6148	49849	-84	347582	33132	-85	347559	39868	-84	347566	34291	-81	347573	
30053	36708	-11409	49811	-84	347611	33132	-85	347589	39868	-84	347596	34291	-81	347603	
29801	36521	-12420	49811	-84	347611	33132	-85	347619	39868	-84	347626	34328	-82	347632	
29648	36528	-12643	49811	-84	347640	33132	-85	347647	39905	-83	347654	34366	-81	347661	
31385	37341	-6532	49807	-84	347671	33132	-85	347679	39905	-85	347686	34328	-81	347693	
30264	36867	-10991	49849	-84	347731	33207	-85	347709	39905	-84	347716	34328	-81	347722	
29720	36504	-12540	49849	-84	347731	33132	-85	347738	39830	-85	347745	34328	-81	347751	
29826	36585	-12267	49844	-84	347760	33170	-85	347769	39905	-84	347775	34366	-82	347782	
30104	36766	-11243	49811	-85	347820	33170	-85	347798	39905	-84	347804	34328	-81	347811	
29943	36647	-12004	49811	-84	347850	33207	-85	347828	39905	-84	347835	34366	-81	347842	
Err	Err	Err	49811	-84	347850	33207	-85	347828	39863	-85	347866	34403	-81	347873	
29553	36524	-12749	49849	-84	347910	33132	-85	347888	39943	-83	347895	34403	-81	347901	
31412	37288	-6566	49844	-84	347941	33132	-85	347918	39863	-84	347925	34328	-81	347932	
29417	36242	-13415	49844	-84	347941	33132	-85	347948	39830	-84	347955	34366	-81	347962	
29994	36661	-11638	49886	-84	347970	33170	-85	347976	39868	-84	347983	34328	-81	347990	
31418	37228	-6894	49811	-85	348000	33170	-85	348008	39863	-85	348015	34366	-81	348022	
29236	36255	-13806	49774	-84	348031	33132	-86	348038	39868	-84	348045	34403	-81	348052	
29955	36559	-12142	49811	-84	348060	33170	-86	348068	39868	-84	348075	34328	-82	348082	
31418	37228	-6894	49811	-84	348090	33170	-85	348098	39863	-84	348105	34366	-82	348112	
29801	36521	-12420	49811	-84	348121	33132	-85	348128	39868	-84	348135	34328	-81	348142	
31420	37306	-6639	49849	-83	348149	33170	-86	348157	39905	-85	348164	34366	-81	348170	
31444	37311	-6404	49886	-84	348211	33132	-85	348187	39868	-84	348194	34328	-81	348201	
29851	36603	-12139	49886	-84	348211	33170	-85	348218	39900	-84	348224	34366	-81	348231	
29978	36725	-11661	49882	-84	348239	33170	-85	348247	39943	-84	348253	34366	-81	348260	
31089	37157	-7842	49849	-84	348300	33132	-86	348278	39868	-84	348284	34366	-82	348291	
31420	37306	-6639	49849	-84	348300	33170	-86	348308	39905	-84	348314	34366	-81	348321	
29665	36406	-12801	49844	-84	348331	33170	-85	348337	39863	-84	348344	34366	-81	348351	
30056	36555	-11703	49844	-83	348359	33207	-85	348367	39868	-84	348374	34328	-81	348381	
31321	37210	-7307	49811	-84	348389	33170	-85	348396	39905	-84	348402	34403	-82	348409	
31223	37094	-7971	49811	-84	348451	33170	-86	348427	39863	-84	348434	34403	-81	348441	
29669	36462	-12745	49811	-84	348451	33170	-84	348458	39868	-84	348464	34366	-81	348471	
30004	36681	-11531	49811	-84	348479	33170	-85	348486	39900	-83	348493	34328	-81	348500	
29765	36479	-12413	49807	-84	348538	33165	-85	348515	39835	-85	348522	34338	-82	348529	
30214	36744	-11142	49849	-84	348568	33203	-85	348544	39872	-84	348551	34300	-82	348558	
31592	37609	-4623	49849	-84	348568	33165	-85	348574	39872	-84	348581	34375	-81	348588	
30033	36656	-11503	49811	-84	348628	33165	-85	348606	39872	-84	348613	34300	-81	348620	
30204	36725	-11106	49811	-84	348628	33203	-85	348635	39872	-85	348641	34300	-81	348648	
31728	37601	-3972	49849	-84	348687	33203	-85	348664	39835	-84	348671	34263	-81	348677	
30126	36735	-11315	49882	-84	348716	33203	-85	348694	39910	-84	348701	34338	-81	348708	
30603	37020	-9653	49849	-84	348745	33203	-84	348723	39910	-84	348730	34263	-82	348736	
31578	37456	-5332	49849	-84	348745	33165	-85	348752	39910	-83	348758	34300	-81	348765	
29748	36372	-12734	49811	-84	348776	33203	-85	348783	39797	-85	348790	34338	-81	348796	
31595	37716	-3384	49807	-84	348805	33165	-85	348811	39797	-84	348818	34300	-81	348825	
29909	36521	-12135	49849	-84	348836	33165	-86	348843	39797	-84	348849	34300	-81	348856	
30204	36725	-11106	49811	-84	348865	33203	-85	348871	39872	-85	348878	34300	-81	348885	
29971	36592	-11862	49811	-85	348894	33165	-85	348901	39835	-85	348907	34300	-81	348914	
29971	36592	-11862	49807	-85	348951	33165	-84	348929	39835	-85	348936	34300	-81	348943	
29974	36601	-11848	49807	-85	348951	33165	-86	348958	39835	-85	348965	34300	-81	348972	
29577	36406	-12855	49811	-84	348980	33128	-85	348987	39835	-84	348994	34338	-81	349000	
30009	36704	-11641	49807	-84	349009	33165	-85	349015	39905	-85	349022	34328	-81	349029	
30018	36606	-11758	49811	-85	349037	33203	-85	349044	39868	-84	349051	34328	-82	349058	
30024	36637	-11781	49807	-84	349067	33203	-85	349073	39863	-85	349080	34328	-81	349087	
29979	36609	-11814	49811	-84	349125	33165	-86	349103	39830	-85	349109	34291	-81	349116	
29916	36716	-11904	49849	-84	349154	33165	-85	349132	39943	-84	349139	34366	-81	349145	
29981	36592	-12055	49849	-84	349154	33240	-86	349160	39868	-84	349167	34366	-81	349174	
31812	37709	-2878	49811	-84	349212	33165	-85	349189	39830	-85	349196	34403	-81	349203	
29770	36424	-12621	49811	-84	349212	33203	-85	349219	39868	-84	349226	34366	-81	349233	
29635	36431	-12777	49811	-84	349269	33165	-85	349247	39868	-85	349254	34366	-82	349261	
30255	36753	-11062	49811	-84	349269	33240	-85	349276	39905	-85	349283	34328	-81	349289	
30126	36625	-11555	49811	-84	349326	33240	-84	349305	39863	-85	349311	34328	-81	349318	
31563	37332	-6139	49811	-84	349326	33240	-84	349333	39905	-84	349340	34366	-81	349346	
29819	36468	-12368	49849	-84	349385	33165	-86	349363	39825	-86	349370	34328	-81	349377	
31553	37332	-6215	49849	-84	349385	33203	-85	349392	39868	-85	349399	34366	-81	349406	
29663	36464	-12610	49844	-84	349415	33165	-86	349422	39863	-85	349429	34366	-81	349436	
31488	37315	-6460	49849	-84	349475	33165	-86	349451	39868	-85	349458	34366	-81	349465	
31502	37253	-6575	49849	-85	349505	33203	-85	349481	39863	-85	349488	34366	-81	349495	
29919	36553	-12014	49849	-85	349505	33165	-85	349512	39868	-85	349518	34328	-81	349525	
29812	36590	-12318	49877	-84	349562	33203	-85	349540	39933	-85	349547	34403	-81	349554	
29812	36590	-12318	49839	-84	349591	33203	-85	349569	39933	-85	349576	34403	-81	349582	
29936	36645	-12035	49877	-84	349619	33203	-85	349597	39896	-85	349604	34366	-81	349611	
29843	36487	-12560	49914	-84	349648	33240	-85	349626	39896	-85	349633	34403	-81	349640	
29990	36625	-11969	49877	-84	349676	33203	-85	349654	39896	-85	349661	34366	-81	349668	
31465	37271	-6803	49877	-84	349676	33203	-85	349683	39896	-85	349690	34403	-81	349696	
30337	36846	-10907	49877	-84	349706	33203	-85	349713	39933	-85	349720	34328	-81	349727	
30159	36759	-11395	49877	-84	349764	33240	-85	349742	39933	-85	349748	34366	-81	349755	
29997	36702	-11865	49877	-84	349793	33203	-85	349771	39896	-85	349778	34366	-81	349785	
30073	36645	-11709	49877	-84	349793	33240	-84	349800	39896	-85	349807	34366	-81	349814	
29941	36499	-12220	49877	-84	349822	33240	-84	349829	39858	-85	349836	34366	-81	349843	
-19366	-624	-1030	49877	-84	349880	33240	-86	349858	39896	-85	349865	34366	-81	349872	
31509	37255	-6581	49877	-84	349880	33203	-85	349886	39858	-85	349893	34366	-82	349900	
30307	36788	-10903	49877	-84	349909	33240	-85	349916	39896	-85	349924	34328	-81	349931	
30550	36962	-10081	49877	-84	349939	33240	-85	349946	39896	-86	349953	34291	-81	349960	
29843	36487	-12560	49877	-84	349968	33240	-85	349975	39896	-84	349982	34403	-81	349989	
29761	36452	-12624	49839	-84	350025	33240	-85	350004	39858	-86	350010	34403	-81	350017	
29794	36480	-12533	49849	-84	350055	33203	-85	350032	39858	-86	350039	34366	-81	350046	
30101	36651	-11394	49811	-84	350085	33170	-85	350061	39868	-85	350068	34300	-81	350075	
29751	36480	-12559	49811	-84	350115	33170	-85	350091	39830	-85	350098	34338	-81	350105	
30003	36645	-11869	49811	-84	350115	33207	-86	350122	39863	-85	350129	34338	-81	350135	
31597	37730	-4169	49849	-84	350144	33170	-85	350151	39905	-85	350158	34338	-81	350165	
29751	36480	-12559	49811	-84	350176	33170	-86	350184	39830	-85	350191	34338	-81	350198	
30070	36680	-11446	49807	-84	350236	33170	-85	350214	39868	-84	350221	34300	-81	350227	
29921	36485	-12082	49844	-85	350265	33207	-86	350243	39863	-85	350250	34338	-81	350256	
30248	36763	-10873	49844	-85	350265	33207	-84	350272	39868	-85	350279	34300	-81	350286	
30082	36683	-11382	49769	-84	350325	33170	-85	350301	39868	-85	350308	34300	-81	350315	
30028	36644	-11567	49769	-84	350325	33170	-85	350331	39868	-85	350338	34300	-82	350345	
31436	37267	-6620	49811	-85	350385	33170	-85	350360	39868	-85	350367	34338	-81	350374	
31210	37085	-7969	49849	-84	350416	33132	-86	350392	39830	-85	350399	34375	-81	350406	
31339	37276	-6910	49849	-84	350446	33095	-86	350423	39868	-85	350430	34338	-81	350437	
30229	36669	-11100	49849	-84	350446	33207	-85	350453	39868	-85	350460	34300	-81	350467	
31563	37276	-6244	49807	-84	350475	33245	-86	350483	39863	-85	350490	34338	-81	350497	
29941	36580	-12135	49849	-84	350535	33207	-85	350513	39825	-85	350520	34338	-81	350527	
31295	37221	-6942	49849	-84	350535	33170	-85	350542	39830	-85	350549	34300	-81	350556	
29954	36588	-11846	49844	-85	350595	33203	-85	350573	39868	-86	350580	34338	-81	350587	
29700	36469	-12563	49807	-84	350625	33128	-86	350603	39863	-85	350610	34338	-81	350617	
31159	37100	-7731	49849	-84	350656	33165	-86	350633	39830	-85	350640	34338	-81	350647	
30382	36798	-10833	49849	-84	350656	33278	-85	350663	39905	-85	350670	34338	-81	350677	
30188	36614	-11398	49807	-84	350685	33240	-85	350692	39825	-85	350699	34300	-81	350706	
30237	36675	-11381	49807	-85	350714	33203	-85	350723	39863	-86	350730	34300	-81	350736	
Err	Err	Err	49807	-84	350775	33203	-85	350723	39825	-86	350759	34338	-81	350766	
30369	36819	-10781	49807	-84	350775	33240	-86	350783	39868	-85	350790	34300	-81	350796	
30126	36644	-11529	49849	-84	350805	33203	-86	350813	39825	-85	350820	34300	-81	350826	
30109	36570	-11630	49849	-84	350864	33240	-85	350842	39868	-86	350848	34338	-81	350855	
30157	36698	-11512	49811	-84	350893	33240	-86	350870	39863	-85	350877	34338	-81	350884	
30083	36621	-11579	49849	-84	350923	33240	-85	350900	39868	-85	350906	34338	-82	350913	
30283	36738	-11168	49849	-84	350923	33203	-85	350930	39868	-85	350937	34300	-81	350943	
31566	37755	-3903	49811	-85	350985	33203	-85	350960	39868	-85	350966	34413	-82	350973	
30091	36722	-11512	49811	-85	350985	33203	-86	350992	39905	-84	350999	34338	-81	351006	
31544	37354	-6162	49886	-84	351045	33203	-86	351022	39905	-85	351029	34375	-82	351036	
31553	37324	-6164	49807	-84	351075	33203	-86	351052	39868	-85	351059	34338	-81	351065	
29753	36451	-12552	49849	-84	351104	33203	-85	351082	39863	-85	351089	34366	-81	351096	
30180	36736	-11307	49844	-84	351134	33203	-84	351112	39905	-85	351119	34328	-81	351126	
29685	36477	-12787	49849	-85	351163	33203	-85	351141	39900	-85	351148	34403	-81	351155	
31661	37361	-5558	49882	-84	351193	33240	-85	351170	39868	-85	351176	34328	-81	351183	
29827	36471	-12426	49849	-84	351223	33203	-86	351200	39863	-85	351207	34366	-81	351213	
29966	36544	-12157	49849	-84	351223	33278	-84	351230	39905	-85	351237	34403	-81	351243	
29809	36442	-12662	49807	-84	351252	33203	-86	351259	39868	-84	351266	34366	-81	351273	
29976	36672	-11914	49849	-84	351313	33203	-85	351289	39905	-86	351296	34366	-81	351302	
29610	36434	-12960	49849	-84	351313	33165	-86	351319	39830	-85	351326	34366	-82	351333	
30175	36666	-11397	49811	-84	351372	33240	-86	351349	39863	-85	351355	34328	-81	351362	
29770	36424	-12621	49849	-84	351401	33203	-86	351379	39868	-85	351386	34366	-81	351393	
30180	36736	-11307	49849	-84	351430	33203	-86	351408	39905	-84	351415	34328	-81	351421	
31156	37120	-7963	49844	-84	351459	33203	-85	351436	39868	-85	351443	34403	-81	351450	
29836	36523	-12471	49849	-84	351489	33240	-85	351466	39905	-85	351473	34403	-81	351480	
30113	36728	-11595	49886	-84	351517	33240	-86	351495	39905	-85	351502	34366	-81	351509	
31311	37170	-7539	49886	-84	351517	33165	-86	351524	39868	-85	351531	34403	-81	351538	
29780	36482	-12620	49816	-84	351576	33240	-85	351554	39900	-85	351560	34403	-81	351567	
29782	36576	-12310	49816	-84	351576	33142	-86	351583	39872	-85	351589	34338	-81	351596	
29868	36503	-12171	49816	-84	351605	33179	-86	351611	39872	-86	351618	34338	-81	351625	
31408	37225	-6807	49816	-84	351663	33142	-86	351640	39835	-85	351647	34338	-81	351654	
31918	37641	-2070	49816	-84	351663	33179	-85	351670	39872	-85	351677	34375	-81	351684	
29585	36463	-12776	49816	-84	351722	33142	-86	351700	39910	-84	351706	34375	-81	351713	
31591	37614	-4500	49853	-85	351752	33142	-86	351728	39872	-85	351735	34375	-81	351742	
31419	37442	-6064	49853	-84	351782	33104	-86	351759	39947	-84	351765	34338	-81	351772	
29923	36691	-11689	49891	-90	351811	33142	-86	351789	39910	-85	351796	34338	-81	351802	
29889	36765	-11919	49891	-90	351811	33142	-86	351818	39947	-85	351825	34375	-81	351832	
29993	36650	-11863	49891	-85	351841	33217	-85	351847	39910	-85	351854	34375	-81	351861	
29706	36472	-12695	49853	-84	351870	33179	-86	351877	39872	-86	351883	34375	-81	351890	
31264	37143	-7724	49853	-85	351898	33142	-86	351905	39872	-85	351912	34413	-81	351919	
30125	36803	-11031	49816	-84	351928	33179	-86	351935	39947	-84	351942	34338	-81	351949	
29554	36430	-12930	49816	-84	351986	33142	-85	351964	39872	-86	351971	34375	-82	351977	
31591	37614	-4500	49853	-84	352015	33142	-85	351992	39872	-85	351999	34375	-81	352006	
31596	37877	-3198	49853	-84	352045	33179	-86	352022	39872	-86	352029	34413	-81	352036	
29706	36472	-12695	49853	-85	352074	33179	-86	352052	39872	-86	352059	34375	-81	352066	
29907	36540	-12042	49853	-85	352074	33179	-85	352081	39872	-86	352088	34338	-81	352095	
30242	36813	-11063	49853	-84	352131	33245	-84	352109	39980	-85	352116	34375	-81	352123	
31430	37320	-6731	49853	-84	352131	33207	-85	352138	39943	-86	352144	34413	-81	352151	
31396	37238	-6957	49816	-84	352191	33207	-85	352168	39900	-86	352175	34375	-81	352182	
30314	36833	-10712	49816	-84	352220	33245	-85	352199	39938	-85	352205	34338	-81	352212	
31528	37301	-6393	49816	-84	352220	33245	-84	352227	39905	-86	352234	34375	-81	352241	
30221	36816	-11133	49853	-84	352280	33245	-85	352258	39980	-85	352264	34375	-81	352271	
31803	37799	-2408	49853	-84	352280	33245	-84	352287	39905	-86	352293	34375	-81	352300	
29865	36584	-12326	49816	-84	352310	33245	-85	352317	39938	-86	352323	34413	-81	352330	
29706	36430	-12836	49816	-85	352368	33245	-85	352346	39905	-86	352352	34413	-82	352359	
31472	37914	-3520	49816	-84	352398	33207	-86	352374	39905	-86	352381	34375	-81	352388	
30019	36642	-11979	49816	-84	352427	33282	-84	352404	39943	-85	352411	34413	-81	352418	
29970	36671	-11761	49816	-84	352427	33207	-85	352433	39943	-86	352440	34375	-81	352447	
29989	36610	-12125	49891	-85	352456	33207	-85	352462	39905	-86	352469	34375	-81	352476	
30200	36805	-11122	49816	-84	352484	33207	-85	352491	39938	-86	352497	34338	-81	352504	
30221	36816	-11133	49816	-85	352513	33245	-85	352519	39980	-85	352526	34375	-81	352533	
31396	37238	-6957	49778	-84	352541	33207	-85	352548	39900	-86	352555	34375	-81	352562	
30234	36743	-11202	49816	-84	352572	33245	-85	352579	39905	-87	352585	34338	-81	352592	
31803	37799	-2408	49886	-85	352631	33245	-85	352607	39905	-88	352614	34375	-81	352621	
31437	37244	-7006	49886	-85	352662	33207	-86	352639	39896	-88	352646	34413	-82	352652	
29779	36553	-12469	49886	-85	352662	33207	-85	352669	39933	-87	352676	34413	-81	352682	
29554	36315	-13406	49886	-84	352720	33245	-85	352698	39896	-87	352705	34450	-81	352712	
31722	37421	-5371	49882	-85	352750	33320	-84	352727	39933	-87	352734	34375	-81	352740	
30135	36730	-11355	49886	-84	352780	33207	-85	352757	39896	-88	352764	34338	-81	352770	
31673	37681	-4591	49886	-84	352780	33245	-85	352789	39933	-86	352796	34375	-81	352802	
29991	36651	-11935	49849	-85	352811	33207	-85	352819	39933	-87	352826	34375	-81	352832	
29779	36553	-12469	49886	-84	352840	33207	-86	352847	39933	-87	352854	34413	-81	352861	
29896	36671	-12026	49886	-84	352899	33207	-85	352877	39971	-87	352884	34413	-81	352890	
30025	36711	-11602	49886	-84	352899	33207	-85	352906	39933	-87	352913	34375	-81	352919	
31652	38018	-296	49844	-85	352929	33207	-84	352936	39971	-86	352943	34413	-81	352950	
-19439	-591	-1009	49844	-85	352929	33245	-86	352966	39971	-88	352973	34413	-81	352980	
30089	36664	-11704	49924	-85	352990	33245	-85	352997	39896	-87	353003	34375	-81	353010	
29793	36491	-12579	49886	-85	353020	33245	-86	353028	39896	-87	353035	34413	-81	353042	
30025	36711	-11602	49886	-85	353050	33207	-85	353057	39933	-88	353064	34375	-81	353071	
29929	36561	-12070	49924	-85	353110	33207	-85	353088	39896	-88	353095	34375	-81	353102	
30062	36742	-11585	49919	-85	353140	33207	-86	353118	39933	-88	353125	34375	-81	353132	
29972	36611	-12115	49882	-85	353170	33207	-87	353147	39896	-87	353154	34375	-81	353160	
30026	36699	-11675	49849	-85	353200	33170	-87	353178	39896	-88	353185	34338	-81	353192	
29751	36539	-12510	49849	-85	353200	33170	-86	353207	39896	-88	353214	34375	-81	353221	
30025	36711	-11602	49886	-85	353230	33207	-85	353238	39933	-87	353245	34375	-81	353251	
29757	36565	-12548	49849	-85	353260	33207	-86	353268	39933	-87	353275	34413	-81	353281	
29896	36671	-12026	49924	-85	353319	33207	-86	353297	39971	-88	353303	34413	-81	353310	
30225	36816	-11235	49924	-85	353319	33245	-86	353328	39933	-88	353335	34375	-81	353341	
29761	36630	-12324	49882	-85	353350	33170	-86	353357	39971	-88	353363	34413	-81	353370	
29837	36617	-12339	49886	-85	353410	33207	-85	353388	39933	-88	353394	34413	-81	353401	
29921	36564	-12220	49849	-84	353439	33207	-86	353418	39896	-87	353424	34375	-82	353431	
29751	36539	-12510	49844	-85	353469	33170	-86	353446	39896	-87	353453	34375	-81	353460	
31484	37296	-6555	49849	-84	353501	33170	-85	353477	39858	-87	353484	34375	-81	353491	
29493	36393	-13241	49886	-85	353529	33170	-85	353507	39896	-87	353514	34413	-82	353521	
30025	36711	-11602	49886	-84	353559	33207	-86	353537	39933	-87	353544	34375	-82	353551	
30025	36711	-11602	49886	-84	353559	33207	-85	353568	39933	-86	353575	34375	-81	353582	
30020	36636	-11915	49849	-85	353590	33245	-84	353597	39896	-87	353604	34375	-81	353610	
30280	36781	-10878	49886	-84	353649	33245	-85	353627	39896	-88	353634	34338	-81	353641	
31510	37783	-4174	49886	-85	353680	33203	-85	353656	39900	-87	353663	34403	-82	353670	
31549	37328	-6287	49886	-85	353680	33240	-86	353687	39900	-87	353694	34366	-81	353700	
29676	36391	-12955	49807	-85	353710	33240	-85	353717	39868	-87	353724	34403	-82	353730	
29895	36471	-12448	49886	-85	353739	33278	-85	353746	39868	-88	353753	34403	-81	353759	
31156	37120	-7963	49886	-85	353798	33203	-85	353775	39868	-86	353782	34403	-81	353789	
29812	36338	-12973	49849	-85	353828	33278	-84	353805	39830	-88	353812	34403	-81	353819	
31513	37677	-4541	49844	-85	353858	33240	-85	353835	39863	-88	353842	34403	-81	353848	
29458	36216	-13702	49844	-85	353858	33240	-85	353865	39868	-88	353872	34441	-81	353879	
29981	36592	-12055	49849	-86	353888	33240	-85	353895	39868	-87	353901	34366	-81	353908	
29836	36523	-12471	49811	-85	353946	33240	-85	353924	39905	-88	353931	34403	-81	353937	
29646	36328	-13129	49811	-85	353946	33240	-85	353953	39863	-88	353960	34403	-81	353967	
31510	37783	-4174	49886	-85	354005	33203	-85	353981	39900	-86	353988	34403	-81	353995	
31218	37281	-7466	49886	-85	354005	33240	-85	354012	39980	-86	354019	34441	-81	354026	
31529	37835	-3785	49886	-84	354037	33165	-85	354043	39905	-87	354050	34441	-81	354057	
29577	36329	-13281	49849	-84	354068	33203	-85	354076	39863	-87	354083	34403	-81	354090	
29522	36377	-13104	49844	-84	354098	33165	-85	354105	39905	-86	354112	34403	-81	354119	
29699	36491	-12576	49807	-84	354156	33203	-85	354133	39905	-86	354140	34403	-81	354147	
29739	36566	-12405	49811	-85	354185	33132	-85	354163	39872	-85	354169	34338	-82	354176	
31586	37352	-5872	49811	-85	354215	33207	-84	354192	39872	-85	354199	34338	-81	354205	
29983	36677	-11755	49844	-84	354245	33170	-85	354222	39910	-85	354229	34338	-81	354236	
30142	36701	-11445	49844	-84	354245	33207	-85	354251	39910	-85	354258	34338	-81	354265	
31483	37727	-4465	49807	-84	354273	33170	-86	354280	39872	-85	354287	34413	-81	354293	
29885	36508	-12271	49811	-85	354303	33207	-85	354310	39835	-84	354317	34338	-81	354323	
29759	36484	-12456	49849	-84	354332	33170	-85	354339	39910	-83	354345	34375	-81	354352	
30027	36638	-11655	49849	-84	354360	33207	-85	354367	39872	-85	354374	34338	-82	354380	
30051	36730	-11500	49849	-84	354418	33170	-85	354395	39910	-84	354402	34338	-81	354409	
30198	36825	-11193	49807	-84	354446	33207	-85	354424	39910	-85	354431	34338	-81	354438	
29977	36593	-11708	49886	-84	354475	33170	-85	354453	39835	-84	354460	34300	-82	354467	
Err	Err	Err	49886	-84	354475	33170	-84	354482	39835	-84	354460	34338	-82	354496	
29670	36373	-12884	49849	-84	354533	33207	-85	354511	39835	-85	354518	34375	-81	354525	
29809	36716	-12132	49849	-84	354533	33132	-85	354540	39947	-84	354547	34375	-81	354554	
29759	36484	-12456	49849	-84	354562	33170	-85	354569	39910	-85	354576	34375	-82	354583	
31521	37330	-6132	49849	-84	354620	33170	-85	354597	39872	-85	354604	34338	-81	354611	
29759	36484	-12456	49849	-84	354649	33170	-85	354627	39910	-84	354634	34375	-81	354641	
29670	36383	-12933	49849	-84	354649	33245	-84	354656	39872	-85	354662	34413	-81	354669	
29740	36545	-12444	49849	-85	354678	33165	-85	354684	39905	-85	354691	34375	-81	354698	
30010	36706	-11757	49886	-84	354735	33203	-85	354713	39943	-85	354720	34375	-82	354726	
31942	37738	402	49882	-84	354766	33203	-85	354742	39943	-84	354749	34338	-81	354756	
30147	36748	-11319	49882	-84	354766	33203	-85	354773	39905	-84	354779	34338	-81	354786	
30390	36902	-10484	49849	-84	354824	33240	-85	354802	39943	-84	354808	34338	-81	354815	
31608	37372	-5913	49849	-84	354824	33240	-85	354831	39905	-84	354838	34375	-81	354845	
30082	36687	-11603	49811	-84	354855	33240	-85	354861	39943	-84	354868	34375	-81	354875	
31208	37241	-7468	49811	-84	354914	33240	-85	354891	39938	-84	354897	34413	-81	354904	
30082	36687	-11603	49811	-84	354914	33240	-85	354921	39943	-85	354927	34375	-82	354934	
31614	37486	-5269	49844	-84	354973	33203	-85	354949	39943	-85	354956	34338	-81	354963	
30460	36965	-10286	49811	-84	355002	33240	-85	354980	39980	-84	354987	34338	-81	354994	
31118	37203	-7832	49849	-84	355031	33203	-85	355009	39938	-85	355016	34413	-82	355022	
29979	36678	-11784	49886	-84	355060	33203	-85	355038	39938	-84	355045	34375	-81	355052	
31942	37738	402	49886	-84	355060	33203	-85	355067	39943	-84	355074	34338	-81	355081	
29874	36580	-12117	49844	-84	355090	33203	-85	355097	39905	-84	355103	34375	-81	355110	
30322	36922	-10549	49849	-84	355119	33203	-85	355125	39976	-83	355132	34338	-81	355139	
30091	36722	-11512	49886	-84	355176	33203	-85	355154	39905	-84	355161	34338	-81	355168	
29908	36611	-12001	49853	-84	355205	33203	-85	355183	39900	-84	355190	34375	-81	355197	
30366	36874	-10682	49816	-84	355235	33240	-84	355212	39943	-84	355219	34338	-81	355226	
29716	36532	-12560	49816	-84	355235	33165	-85	355241	39905	-84	355248	34375	-81	355255	
29635	36314	-12952	49816	-84	355292	33203	-85	355271	39863	-85	355277	34375	-81	355284	
30067	36789	-11410	49816	-84	355292	33165	-85	355299	39938	-84	355306	34338	-81	355313	
30132	36734	-11413	49816	-84	355350	33203	-85	355328	39905	-84	355335	34338	-82	355341	
30073	36684	-11546	49816	-84	355350	33203	-85	355357	39905	-84	355363	34338	-81	355370	
30233	36771	-11182	49816	-84	355408	33240	-84	355385	39905	-84	355393	34338	-82	355400	
30073	36684	-11546	49816	-84	355408	33203	-85	355415	39905	-84	355423	34338	-81	355430	
29820	36476	-12373	49816	-85	355438	33203	-85	355445	39905	-85	355452	34375	-81	355458	
30069	36652	-11725	49816	-85	355466	33240	-85	355473	39938	-84	355480	34375	-81	355487	
29829	36545	-12199	49816	-84	355495	33203	-85	355502	39900	-85	355508	34375	-81	355515	
30014	36735	-11643	49816	-84	355554	33165	-85	355532	39905	-84	355538	34338	-81	355545	
30073	36684	-11546	49816	-84	355554	33203	-84	355561	39905	-84	355568	34338	-81	355574	
30150	36596	-11789	49816	-84	355613	33240	-85	355591	39868	-84	355598	34338	-81	355604	
29982	36616	-12013	49853	-84	355641	33165	-85	355620	39900	-85	355626	34338	-82	355633	
30237	36725	-11264	49853	-84	355670	33240	-84	355648	39900	-84	355655	34338	-82	355662	
30400	36939	-10477	49853	-84	355670	33203	-84	355677	39905	-85	355684	34300	-81	355690	
30233	36771	-11182	49853	-84	355727	33240	-84	355705	39905	-84	355712	34338	-82	355719	
31469	37284	-6647	49853	-84	355727	33170	-84	355734	39872	-83	355741	34375	-82	355748	
31424	37218	-6894	49816	-85	355787	33170	-84	355764	39835	-85	355771	34338	-82	355777	
30121	36738	-11338	49816	-84	355815	33170	-84	355794	39872	-84	355800	34300	-82	355807	
31771	37828	-1407	49816	-84	355845	33207	-84	355823	39872	-84	355830	34338	-82	355836	
30109	36597	-11599	49816	-84	355845	33207	-84	355852	39835	-84	355859	34300	-82	355866	
29875	36484	-12234	49816	-84	355874	33207	-84	355881	39835	-84	355888	34338	-82	355894	
31617	37634	-4072	49778	-83	355903	33170	-84	355910	39835	-84	355917	34338	-83	355923	
31469	37284	-6647	49853	-84	355935	33170	-84	355943	39872	-84	355949	34375	-83	355956	
31373	37209	-7104	49816	-84	355965	33170	-85	355973	39872	-83	355979	34375	-82	355986	
31617	37634	-4072	49778	-84	355996	33170	-84	356003	39835	-83	356009	34338	-82	356016	
31267	37182	-7524	49853	-83	356056	33132	-84	356033	39872	-84	356039	34375	-82	356046	
29780	36436	-12578	49853	-83	356056	33207	-84	356062	39872	-83	356069	34375	-82	356076	
29837	36476	-12241	49816	-83	356084	33170	-84	356092	39872	-83	356099	34338	-82	356106	
31771	37828	-1407	49853	-84	356145	33207	-84	356122	39872	-83	356129	34338	-82	356136	
30031	36633	-11566	49778	-83	356174	33170	-84	356152	39835	-83	356158	34300	-82	356165	
30095	36735	-11410	49853	-83	356204	33170	-84	356182	39872	-83	356189	34300	-82	356196	
31469	37284	-6647	49816	-84	356235	33170	-84	356211	39872	-83	356218	34375	-82	356225	
31771	37828	-1407	49816	-84	356235	33207	-84	356242	39872	-84	356249	34338	-82	356255	
29645	36372	-12976	49816	-83	356265	33207	-84	356272	39835	-84	356279	34375	-82	356286	
30156	36661	-11364	49778	-83	356323	33207	-84	356301	39835	-84	356308	34300	-82	356314	
29787	36451	-12367	49778	-83	356323	33170	-84	356330	39872	-83	356337	34338	-82	356344	
31492	38078	-1006	49778	-83	356352	33132	-84	356359	39872	-83	356365	34300	-82	356372	
30121	36738	-11338	49816	-83	356383	33170	-85	356392	39872	-83	356399	34300	-82	356405	
30069	36591	-11594	49778	-84	356444	33207	-85	356422	39835	-83	356428	34300	-82	356435	
31348	37109	-7413	49778	-84	356444	33207	-84	356451	39835	-84	356457	34375	-82	356464	
29723	36524	-12383	49778	-84	356504	33132	-84	356482	39872	-83	356488	34338	-82	356495	
29787	36451	-12367	49816	-84	356533	33170	-84	356511	39872	-83	356517	34338	-82	356524	
31851	37705	-2305	49816	-84	356562	33207	-84	356540	39872	-83	356546	34375	-82	356553	
31851	37705	-2305	49816	-84	356562	33207	-84	356569	39872	-83	356576	34375	-82	356582	
31469	37284	-6647	49853	-84	356624	33170	-84	356599	39872	-83	356606	34375	-82	356613	
30070	36618	-11863	49853	-84	356624	33207	-84	356631	39872	-83	356638	34338	-82	356645	
31851	37705	-2305	49853	-84	356683	33207	-84	356659	39872	-84	356666	34375	-82	356673	
30172	36683	-11256	49853	-84	356683	33245	-84	356691	39872	-83	356698	34338	-82	356704	
29231	36161	-13930	49816	-84	356713	33170	-84	356721	39835	-84	356728	34413	-83	356735	
29843	36537	-12405	49882	-84	356772	33217	-84	356750	39868	-84	356757	34375	-82	356764	
30288	36816	-10852	49849	-84	356801	33179	-84	356779	39900	-83	356786	34300	-82	356792	
29416	36312	-13400	49849	-83	356829	33179	-84	356807	39868	-83	356814	34413	-82	356821	
31366	37147	-7492	49886	-83	356860	33217	-84	356836	39868	-84	356843	34413	-82	356850	
29822	36586	-12211	49886	-83	356888	33179	-84	356866	39900	-84	356873	34375	-82	356880	
29978	36638	-11893	49886	-83	356888	33179	-84	356895	39868	-83	356902	34338	-82	356909	
29841	36605	-12115	49886	-84	356917	33179	-84	356924	39905	-84	356931	34375	-82	356937	
29912	36645	-11996	49844	-83	356974	33142	-84	356953	39905	-83	356960	34338	-82	356966	
29911	36579	-12002	49849	-83	357003	33179	-84	356981	39868	-84	356988	34338	-82	356995	
31433	37614	-5143	49849	-83	357003	33067	-85	357010	39868	-83	357016	34375	-82	357023	
29686	36548	-12533	49844	-83	357062	33142	-84	357040	39900	-84	357046	34375	-82	357053	
29940	36523	-12142	49844	-83	357062	33254	-84	357068	39868	-84	357075	34375	-82	357082	
30424	36910	-10549	49849	-84	357120	33217	-84	357098	39868	-84	357104	34300	-82	357111	
29843	36537	-12405	49849	-84	357120	33217	-84	357127	39868	-84	357133	34375	-83	357140	
29789	36555	-12407	49849	-84	357149	33179	-84	357156	39900	-83	357162	34375	-83	357169	
31636	37899	-2561	49849	-84	357207	33179	-84	357184	39868	-83	357191	34375	-82	357198	
31398	38079	-2178	49886	-83	357236	33104	-84	357214	39868	-84	357221	34338	-82	357227	
30099	36768	-11442	49886	-83	357265	33179	-84	357242	39905	-83	357249	34338	-83	357256	
31673	37652	-4437	49886	-83	357265	33207	-84	357271	39868	-84	357278	34328	-82	357285	
31407	37234	-7033	49811	-84	357295	33207	-84	357301	39905	-84	357309	34403	-82	357315	
31420	37306	-6639	49849	-83	357325	33170	-84	357332	39905	-84	357339	34366	-83	357346	
31600	37801	-3474	49849	-84	357386	33207	-84	357362	39905	-84	357369	34403	-82	357375	
30224	36705	-11301	49849	-84	357386	33245	-84	357393	39868	-83	357400	34328	-82	357406	
31506	38040	-2891	49882	-84	357444	33245	-84	357421	39943	-84	357429	34478	-82	357435	
29732	36500	-12633	49849	-83	357473	33207	-84	357451	39900	-83	357457	34403	-82	357464	
31286	37633	-5812	49882	-83	357503	33207	-84	357479	39905	-84	357486	34478	-83	357493	
31562	37950	-3062	49849	-85	357532	33207	-85	357510	39905	-84	357516	34441	-83	357523	
31622	37375	-5963	49849	-85	357532	33282	-84	357539	39938	-84	357545	34403	-82	357552	
30044	36731	-11724	49886	-83	357590	33207	-84	357568	39905	-84	357575	34366	-82	357582	
30044	36731	-11724	49807	-84	357620	33207	-84	357597	39905	-84	357604	34366	-82	357611	
30307	36744	-11129	49849	-84	357648	33245	-84	357626	39905	-84	357633	34328	-82	357640	
29942	36619	-11853	49849	-84	357648	33207	-84	357655	39900	-84	357662	34366	-82	357669	
30044	36731	-11724	49849	-84	357706	33207	-84	357684	39905	-83	357691	34366	-83	357698	
29953	36634	-11822	49811	-84	357735	33207	-84	357713	39905	-84	357720	34366	-82	357726	
31407	37234	-7033	49844	-83	357765	33207	-84	357742	39905	-83	357748	34403	-82	357755	
30250	36761	-11034	49924	-84	357793	33245	-84	357771	39905	-83	357778	34338	-83	357785	
29976	36662	-11739	49844	-84	357822	33170	-84	357800	39868	-84	357807	34338	-82	357814	
30003	36697	-11674	49844	-84	357822	33207	-84	357829	39943	-83	357836	34375	-82	357843	
31384	37704	-4931	49886	-83	357851	33170	-84	357858	39868	-84	357865	34375	-82	357871	
29683	36470	-12771	49849	-83	357910	33207	-84	357888	39905	-84	357895	34413	-82	357901	
30109	36709	-11427	49849	-83	357910	33207	-84	357917	39900	-84	357923	34338	-83	357930	
29902	36514	-12149	49924	-83	357969	33245	-84	357946	39863	-84	357953	34375	-82	357960	
29473	36361	-13259	49886	-84	357999	33170	-84	357976	39863	-84	357982	34413	-82	357989	
31597	38028	-1352	49844	-83	358029	33170	-84	358006	39905	-84	358012	34375	-82	358019	
31530	37389	-5916	49844	-83	358029	33170	-85	358035	39905	-84	358042	34338	-82	358049	
30408	36892	-10485	49886	-84	358059	33207	-84	358066	39905	-83	358072	34300	-83	358079	
31471	37342	-6602	49886	-84	358089	33207	-84	358095	39943	-84	358102	34413	-82	358109	
30233	36831	-10919	49849	-84	358149	33207	-84	358125	39943	-83	358132	34338	-82	358139	
29868	36529	-12226	49849	-83	358179	33207	-84	358156	39905	-84	358163	34375	-82	358169	
30225	36821	-10919	49849	-83	358179	33207	-84	358186	39938	-84	358193	34338	-82	358199	
29949	36627	-12034	49882	-84	358208	33207	-84	358215	39905	-84	358222	34375	-82	358228	
30002	36683	-11872	49849	-84	358268	33207	-84	358245	39905	-84	358252	34375	-82	358259	
31585	37792	-3292	49886	-84	358300	33165	-85	358274	39863	-84	358281	34347	-82	358288	
30375	36828	-10874	49886	-84	358330	33278	-84	358307	39900	-84	358314	34347	-82	358320	
29971	36603	-12025	49886	-83	358360	33240	-84	358338	39900	-84	358345	34385	-82	358351	
30361	36805	-10825	49886	-84	358389	33240	-84	358367	39868	-84	358374	34310	-82	358380	
30207	36695	-11333	49886	-84	358389	33240	-84	358398	39900	-84	358405	34347	-82	358411	
30268	36701	-11386	49886	-84	358419	33315	-85	358428	39905	-84	358434	34385	-82	358441	
30349	36880	-10751	49886	-84	358450	33240	-84	358457	39943	-84	358463	34347	-82	358470	
30171	36714	-11280	49924	-84	358510	33240	-84	358488	39900	-84	358494	34347	-82	358501	
30289	36810	-11049	49886	-83	358539	33240	-84	358516	39905	-85	358523	34347	-82	358530	
30153	36798	-11383	49886	-83	358539	33203	-84	358548	39900	-84	358554	34347	-82	358561	
31752	37647	-3804	49807	-83	358569	33240	-84	358577	39905	-84	358584	34310	-82	358591	
30349	36880	-10751	49886	-83	358601	33240	-84	358607	39943	-84	358614	34347	-82	358621	
29977	36570	-11875	49886	-84	358659	33203	-84	358637	39900	-84	358644	34347	-82	358651	
30254	36794	-11146	49882	-84	358689	33240	-84	358666	39905	-84	358673	34347	-82	358679	
29760	36482	-12722	49882	-84	358689	33240	-84	358697	39905	-84	358704	34422	-82	358711	
29700	36448	-12759	49849	-83	358719	33240	-84	358727	39905	-84	358734	34422	-81	358741	
30357	36800	-10736	49882	-83	358749	33278	-84	358757	39905	-83	358764	34347	-82	358770	
29690	36451	-12863	49886	-84	358809	33203	-84	358787	39910	-83	358794	34413	-81	358801	
31484	37208	-7034	49886	-84	358809	33240	-85	358816	39872	-83	358823	34413	-82	358830	
31478	37265	-6704	49886	-83	358840	33203	-84	358847	39872	-83	358854	34375	-81	358860	
31548	37760	-4188	49844	-84	358870	33240	-85	358877	39910	-84	358884	34450	-82	358890	
31614	37338	-5905	49886	-84	358901	33240	-85	358908	39872	-84	358914	34338	-82	358921	
30072	36660	-11716	49886	-84	358931	33240	-84	358938	39910	-83	358944	34375	-82	358951	
30075	36723	-11637	49844	-83	358959	33203	-85	358966	39872	-84	358973	34338	-82	358980	
29903	36522	-12246	49882	-83	359018	33240	-84	358997	39872	-83	359003	34375	-82	359010	
30082	36592	-11789	49924	-83	359049	33278	-85	359027	39872	-83	359034	34375	-82	359040	
30127	36632	-11712	49849	-84	359078	33278	-84	359056	39872	-83	359062	34375	-82	359069	
29636	36316	-13088	49849	-84	359078	33240	-84	359085	39872	-84	359091	34413	-82	359098	
Percentuale di fallimenti nel positioning: 18.8%