Distanza: 65000.0
X [mm]	Y [mm]	Z [mm]	A0 	 RSS 	 Time 	 A1 	 RSS 	 Time 	 A2 	 RSS 	 Time 	 A3 	 RSS 	 Time 	 
36552	44241	-16122	53906	-88	553032	0	0	1705985	0	0	1705985	0	0	1705985	
Err	Err	Err	53906	-88	553032	48324	-85	553039	0	0	1705985	0	0	1705985	
37319	24392	30331	53868	-88	553066	48324	-85	553039	42429	-87	553046	38217	-85	553054	
40836	26267	25248	53868	-88	553066	48287	-85	553074	42466	-86	553081	38179	-85	553087	
38287	25006	28995	53906	-88	553097	48287	-84	553104	42429	-87	553111	38179	-85	553118	
41252	27082	24147	53943	-87	553159	48287	-85	553135	42504	-87	553142	38179	-85	553149	
37923	24595	29634	53943	-87	553159	48324	-85	553166	42429	-88	553174	38179	-85	553181	
38588	24954	28721	53906	-88	553191	48324	-84	553198	42429	-87	553205	38142	-84	553211	
37348	24352	30375	53981	-87	553222	48362	-84	553229	42429	-87	553235	38179	-84	553242	
37145	24244	30535	53868	-88	553255	48287	-85	553261	42466	-87	553268	38142	-84	553275	
40465	26547	25568	53943	-87	553286	48324	-84	553293	42466	-87	553299	38179	-85	553306	
39962	26036	26459	53831	-88	553317	48287	-85	553324	42466	-86	553331	38217	-84	553337	
38252	24880	29167	53981	-86	553348	48324	-86	553354	42429	-87	553361	38179	-85	553368	
38252	24880	29167	53981	-87	553378	48324	-84	553385	42429	-87	553392	38179	-86	553399	
37250	24281	30452	53906	-87	553410	48324	-83	553416	42429	-88	553423	38179	-86	553430	
40315	25860	26222	53943	-87	553471	48324	-85	553448	42466	-88	553454	38179	-85	553461	
37946	24200	29826	53906	-87	553502	48324	-85	553478	42429	-87	553484	38217	-85	553491	
37319	24392	30331	66176	-88	553533	48324	-85	553509	42429	-87	553516	38217	-85	553523	
42728	47992	12382	66176	-88	553533	48212	-85	553540	54764	-87	553547	38217	-85	553553	
39981	47796	-18418	66213	-89	553569	48212	-85	553576	54802	-87	553583	50721	-85	553590	
39514	47514	-19786	66251	-87	553628	48212	-85	553605	54802	-88	553612	50759	-84	553619	
39975	47907	-18425	66251	-87	553628	48174	-85	553634	54839	-87	553641	50721	-86	553648	
40595	48117	-16832	66176	-89	553685	48249	-85	553663	54839	-88	553670	50684	-86	553676	
41457	47031	-17562	66176	-89	553685	48287	-84	553692	54802	-88	553699	50684	-85	553705	
39731	47567	-19306	66176	-87	553713	48212	-85	553720	54764	-88	553727	50721	-85	553733	
41257	46892	-18275	66213	-88	553770	48249	-86	553749	54839	-87	553756	50721	-85	553763	
40129	47823	-18303	66213	-88	553799	48249	-85	553777	54802	-88	553784	50721	-85	553791	
39801	47560	-19451	66251	-87	553828	48249	-85	553806	54802	-88	553813	50759	-86	553819	
40044	47715	-18630	66213	-87	553857	48287	-84	553835	54802	-88	553842	50759	-85	553848	
39625	47479	-19637	66213	-87	553857	48249	-86	553863	54764	-88	553870	50759	-85	553877	
39576	47516	-19866	66288	-87	553914	48212	-86	553892	54802	-87	553899	50759	-85	553906	
40042	47855	-18546	66288	-87	553914	48249	-85	553921	54839	-87	553927	50759	-84	553934	
39925	47821	-18790	66251	-87	553943	48212	-85	553950	54764	-87	553957	50721	-86	553964	
39694	47452	-19815	66251	-86	553973	48249	-85	553979	54764	-87	553986	50759	-85	553993	
40628	48096	-16901	66288	-87	554002	48249	-84	554008	54802	-87	554015	50684	-85	554022	
39575	47710	-19594	66251	-87	554030	48212	-85	554037	54877	-87	554044	50796	-85	554051	
39940	47557	-18993	66223	-87	554088	48277	-86	554066	54811	-86	554073	50759	-86	554080	
39921	47556	-19186	66185	-87	554117	48277	-86	554095	54736	-87	554101	50731	-85	554108	
40216	47798	-18162	66185	-87	554145	48240	-84	554123	54774	-88	554130	50693	-84	554137	
40008	47652	-18843	66185	-87	554174	48277	-85	554152	54774	-87	554159	50731	-85	554166	
40216	47798	-18162	66185	-87	554174	48240	-85	554181	54774	-87	554188	50693	-86	554194	
41307	46917	-18079	66185	-88	554231	48240	-86	554210	54811	-87	554217	50693	-85	554223	
40236	47720	-18278	66223	-87	554261	48277	-85	554238	54736	-87	554245	50693	-85	554252	
40104	47780	-18425	66223	-88	554289	48202	-85	554268	54774	-87	554274	50693	-85	554281	
40276	47909	-17880	66223	-88	554289	48240	-85	554296	54774	-87	554303	50693	-86	554310	
39879	47537	-18991	66223	-87	554347	48202	-85	554325	54736	-87	554332	50693	-85	554338	
40641	48050	-16858	66223	-87	554376	48240	-85	554353	54774	-88	554361	50655	-84	554367	
40641	48050	-16858	66148	-87	554404	48240	-85	554383	54774	-88	554389	50655	-84	554396	
41499	47163	-17071	66148	-87	554404	48202	-85	554411	54774	-87	554418	50618	-86	554425	
41229	46867	-18247	66148	-86	554461	48240	-85	554439	54811	-87	554446	50693	-85	554453	
39954	47491	-18924	66148	-87	554489	48240	-85	554468	54736	-86	554475	50693	-86	554481	
41231	46718	-18445	66148	-87	554518	48240	-85	554496	54736	-87	554503	50655	-86	554510	
40538	47879	-17361	66148	-87	554518	48277	-84	554524	54736	-86	554531	50655	-86	554538	
41567	47330	-16405	66148	-86	554547	48202	-85	554554	54811	-87	554560	50618	-86	554567	
40336	48109	-17272	66148	-87	554603	48137	-85	554581	54835	-86	554588	50655	-85	554595	
41242	46981	-17955	66148	-87	554603	48174	-85	554610	54797	-87	554617	50646	-86	554624	
41517	47321	-16823	66148	-87	554659	48212	-84	554638	54835	-87	554645	50646	-86	554652	
39848	47634	-19118	66148	-87	554659	48212	-85	554666	54797	-88	554673	50721	-86	554680	
41396	47092	-17477	66148	-88	554688	48212	-85	554695	54797	-87	554702	50646	-86	554709	
40394	48073	-17268	66185	-87	554716	48212	-85	554723	54835	-88	554730	50684	-86	554737	
40149	47803	-18208	66223	-87	554774	48212	-85	554752	54797	-88	554759	50684	-85	554766	
40354	47850	-17841	66148	-87	554803	48249	-86	554781	54760	-89	554788	50684	-86	554794	
40057	47695	-18596	66110	-87	554832	48212	-85	554810	54760	-88	554817	50684	-87	554824	
41834	47649	-15237	66223	-86	554861	48249	-86	554839	54835	-88	554846	50609	-87	554852	
40316	47957	-17666	66185	-86	554890	48212	-84	554868	54797	-87	554875	50684	-86	554881	
Err	Err	Err	66185	-86	554890	48212	-86	554897	54797	-87	554875	50684	-86	554911	
40095	47805	-18327	66185	-87	554921	48212	-85	554928	54760	-88	554935	50684	-86	554941	
41396	47092	-17477	66148	-87	554950	48212	-85	554957	54797	-88	554964	50646	-86	554970	
41396	47092	-17477	66148	-87	555006	48212	-85	554985	54797	-88	554992	50646	-85	554999	
Err	Err	Err	66148	-87	555006	48212	-85	555013	54797	-88	554992	50721	-86	555028	
40011	47804	-18444	66148	-88	555065	48174	-85	555043	54797	-89	555050	50684	-85	555057	
39628	47626	-19437	66185	-87	555096	48174	-85	555072	54797	-88	555080	50721	-85	555087	
39939	47738	-18635	66185	-87	555096	48179	-84	555102	54764	-89	555110	50684	-85	555117	
40009	47859	-18406	66185	-87	555155	48179	-86	555132	54802	-88	555139	50693	-85	555146	
40239	47882	-17868	66110	-87	555185	48179	-85	555161	54764	-88	555170	50655	-84	555177	
39717	47602	-19292	66110	-87	555185	48179	-85	555192	54764	-88	555199	50693	-85	555206	
40184	47830	-18049	66148	-87	555243	48179	-85	555221	54764	-88	555228	50655	-85	555235	
40326	48005	-17444	66148	-87	555272	48179	-86	555250	54802	-88	555257	50655	-85	555263	
40326	48005	-17444	66148	-87	555272	48179	-86	555280	54802	-89	555287	50655	-85	555293	
39777	47666	-19118	66148	-87	555302	48179	-86	555310	54764	-88	555317	50693	-85	555323	
41260	46986	-17797	66110	-87	555332	48216	-85	555339	54802	-88	555345	50655	-85	555352	
41489	47091	-17181	66185	-87	555389	48179	-85	555367	54764	-89	555374	50618	-85	555381	
40028	47752	-18557	66185	-87	555420	48216	-85	555396	54764	-88	555402	50693	-85	555410	
39456	47471	-20015	66185	-87	555420	48179	-85	555426	54764	-88	555433	50731	-84	555440	
39492	47620	-19661	66185	-87	555480	48141	-85	555455	54802	-89	555462	50731	-84	555469	
40009	47859	-18406	66185	-87	555510	48179	-86	555486	54802	-88	555493	50693	-86	555500	
40009	47859	-18406	66185	-87	555510	48179	-85	555517	54802	-87	555523	50693	-85	555530	
39487	47502	-19875	66185	-86	555570	48141	-85	555546	54727	-89	555553	50693	-86	555560	
40436	47924	-17469	66213	-86	555599	48216	-85	555577	54764	-88	555583	50655	-86	555590	
40256	47914	-17804	66251	-87	555629	48174	-85	555606	54764	-88	555612	50655	-86	555619	
41320	47017	-17820	66176	-87	555659	48212	-85	555636	54839	-87	555643	50693	-86	555650	
41227	46837	-18331	66176	-87	555659	48249	-85	555666	54802	-89	555672	50693	-84	555679	
41579	47189	-16907	66251	-87	555716	48249	-85	555694	54802	-89	555700	50655	-86	555709	
40848	48206	-16191	66176	-88	555745	48249	-85	555723	54802	-89	555730	50655	-86	555737	
40181	47879	-17920	66176	-88	555745	48174	-85	555752	54764	-89	555759	50655	-86	555766	
39893	47695	-18906	66138	-87	555803	48174	-85	555781	54764	-89	555788	50693	-85	555795	
39966	47643	-18840	66176	-88	555832	48212	-85	555810	54764	-89	555817	50693	-86	555823	
39997	47716	-18626	66213	-87	555860	48212	-85	555838	54764	-88	555845	50693	-85	555852	
40410	48066	-17214	66176	-88	555890	48174	-85	555869	54802	-89	555875	50655	-86	555882	
40546	48073	-16962	66176	-87	555920	48174	-85	555929	54802	-89	555904	50655	-86	555911	
39597	47598	-19497	66176	-87	555920	48174	-85	555929	54802	-87	555935	50731	-85	555942	
40073	47799	-18330	66213	-87	555950	48174	-85	555958	54727	-88	555965	50655	-86	555972	
40279	47988	-17542	66213	-88	556010	48174	-86	555987	54802	-88	555994	50655	-85	556001	
39893	47695	-18906	66138	-88	556040	48174	-86	556018	54764	-88	556025	50693	-85	556032	
41354	46881	-17783	66176	-88	556069	48212	-84	556047	54727	-89	556054	50618	-85	556061	
40010	47753	-18491	66176	-86	556098	48174	-86	556076	54727	-89	556083	50655	-85	556089	
40010	47753	-18491	66176	-86	556129	48174	-85	556105	54727	-88	556112	50655	-86	556119	
41483	47084	-17172	66176	-86	556157	48202	-85	556136	54760	-88	556142	50618	-86	556149	
41483	47084	-17172	66176	-86	556157	48202	-85	556164	54760	-88	556171	50618	-86	556178	
41235	46940	-17927	66176	-86	556213	48202	-85	556192	54797	-88	556199	50655	-86	556206	
40137	47749	-18298	66101	-88	556242	48240	-85	556220	54760	-88	556227	50693	-84	556234	
40020	47737	-18464	66138	-88	556271	48165	-86	556249	54760	-88	556256	50655	-85	556262	
41235	46940	-17927	66101	-87	556299	48202	-85	556278	54797	-89	556285	50655	-85	556291	
40351	47977	-17353	66176	-86	556328	48165	-86	556306	54760	-87	556313	50618	-86	556319	
41459	47092	-17275	66176	-87	556357	48240	-84	556335	54797	-87	556342	50655	-85	556349	
40307	47918	-17592	66138	-87	556385	48165	-85	556363	54722	-89	556370	50618	-86	556377	
41514	47247	-16700	66138	-88	556413	48202	-86	556392	54797	-88	556399	50618	-86	556406	
40617	48042	-16783	66138	-88	556442	48202	-86	556420	54760	-89	556427	50618	-86	556434	
40617	48042	-16783	66138	-87	556471	48202	-86	556449	54760	-88	556456	50618	-86	556463	
41514	47247	-16700	66138	-87	556500	48202	-86	556478	54797	-88	556485	50618	-86	556492	
39894	47675	-18846	66138	-87	556500	48165	-86	556506	54722	-89	556513	50655	-86	556520	
40095	47874	-17860	66138	-87	556528	48165	-85	556535	54760	-89	556542	50655	-86	556548	
40459	47900	-17370	66101	-88	556587	48202	-84	556564	54722	-89	556571	50618	-86	556578	
40020	47737	-18464	66101	-88	556587	48165	-85	556593	54760	-89	556600	50655	-85	556607	
41763	47391	-15899	66176	-88	556643	48202	-85	556623	54760	-88	556629	50580	-86	556636	
41657	47328	-16188	66176	-88	556643	48174	-85	556650	54764	-88	556657	50580	-86	556664	
40028	47838	-18240	66138	-87	556671	48137	-85	556678	54764	-89	556685	50646	-86	556692	
40129	47793	-18077	66176	-86	556700	48174	-84	556707	54727	-88	556714	50646	-87	556721	
40331	47813	-17749	66176	-88	556759	48174	-86	556737	54689	-88	556743	50609	-87	556750	
40129	47793	-18077	66138	-87	556788	48174	-86	556766	54727	-87	556773	50646	-87	556779	
40238	47797	-17995	66176	-87	556817	48212	-85	556795	54727	-88	556801	50646	-87	556808	
39745	47612	-19177	66176	-87	556817	48137	-85	556824	54689	-89	556830	50646	-87	556837	
40129	47793	-18077	66176	-87	556875	48174	-85	556853	54727	-89	556860	50646	-86	556866	
40636	48124	-16591	66176	-87	556904	48174	-85	556882	54764	-89	556888	50609	-87	556895	
40530	47861	-17328	66176	-87	556904	48212	-85	556911	54689	-89	556917	50609	-86	556924	
41608	47203	-16830	66213	-87	556960	48174	-85	556939	54764	-88	556946	50609	-86	556953	
41413	46934	-17627	66251	-85	556988	48174	-85	556967	54727	-88	556974	50609	-86	556981	
40013	47815	-18421	66138	-86	557017	48174	-85	556995	54764	-88	557002	50684	-86	557009	
40183	47822	-17897	66176	-86	557046	48174	-84	557024	54764	-87	557031	50646	-86	557038	
40331	47813	-17749	66213	-87	557075	48174	-85	557053	54689	-89	557060	50609	-86	557067	
39955	47758	-18615	66213	-86	557104	48174	-84	557082	54764	-88	557089	50684	-85	557096	
39998	47670	-18743	66176	-87	557133	48212	-85	557111	54727	0	557118	50684	-85	557125	
40129	47793	-18077	66176	-87	557133	48174	-84	557140	54727	-88	557147	50646	-85	557154	
39914	47683	-18895	66082	-88	557162	48216	-84	557169	54736	-88	557176	50684	-85	557183	
Err	Err	Err	66082	-87	557220	48141	-85	557198	54736	-88	557176	50655	-86	557212	
39362	47385	-20167	66082	-87	557249	48141	-85	557227	54736	-88	557234	50693	-85	557241	
39947	47666	-18564	66120	-87	557278	48141	-85	557256	54699	-88	557263	50618	-86	557270	
39662	47405	-19612	66120	-87	557307	48179	-85	557285	54661	-88	557292	50655	-86	557298	
39653	47456	-19681	66120	-87	557307	48179	-84	557314	54736	-88	557320	50693	-85	557327	
39241	47299	-20524	66120	-87	557337	48141	-84	557343	54699	-88	557350	50693	-85	557357	
39231	47265	-20583	66157	-89	557395	48179	-84	557373	54736	-88	557380	50731	-84	557387	
39308	47338	-20376	66082	-87	557425	48141	-84	557402	54699	-88	557409	50693	-84	557416	
39781	47503	-19267	66120	-88	557454	48179	-85	557432	54699	-88	557439	50655	-86	557445	
40184	47754	-18136	66157	-87	557484	48216	-85	557461	54736	-89	557468	50655	-86	557475	
39686	47555	-19425	66157	-88	557513	48179	-86	557490	54736	-88	557497	50693	-84	557504	
39916	47590	-18948	66157	-88	557541	48179	-86	557520	54699	-88	557526	50655	-85	557533	
40043	47910	-18142	66157	-88	557541	48141	-86	557548	54774	-87	557555	50655	-86	557562	
39468	47506	-19863	66157	-87	557570	48141	-85	557577	54736	-88	557585	50693	-85	557592	
41589	47360	-16361	66157	-86	557630	48216	-84	557607	54811	-87	557615	50618	-85	557622	
39916	47590	-18948	66157	-86	557630	48179	-85	557636	54699	-88	557643	50655	-86	557650	
39928	47660	-18742	66110	-88	557687	48179	-85	557665	54736	-88	557672	50655	-85	557679	
40261	47964	-17618	66185	-88	557717	48179	-84	557694	54802	-87	557701	50655	-85	557707	
39784	47655	-19209	66185	-86	557747	48216	-85	557725	54764	-89	557732	50721	-86	557739	
40147	47768	-18314	66185	-87	557777	48216	-85	557754	54764	-88	557761	50684	-85	557768	
39586	47499	-19749	66148	-87	557807	48179	-85	557785	54764	-87	557792	50721	-86	557799	
39746	47507	-19422	66148	-87	557837	48179	-85	557815	54727	-88	557822	50684	-86	557828	
39900	47596	-18983	66148	-87	557866	48216	-84	557844	54727	-88	557850	50684	-86	557857	
38562	46873	-22335	66185	-88	557897	48179	-85	557875	54727	-88	557881	50796	-85	557888	
39404	47439	-20160	66148	-87	557926	48141	-85	557903	54764	-88	557910	50721	-85	557917	
39508	47493	-19853	66148	-87	557926	48179	-85	557935	54764	-88	557942	50721	-85	557949	
39586	47499	-19749	66223	-88	557986	48179	-85	557964	54764	-88	557971	50721	-85	557978	
41888	48453	-13467	66148	-89	558017	48216	-85	557993	54764	-89	558000	50759	-84	558007	
42327	49556	-7703	66185	-88	558049	48179	-85	558024	54802	-88	558031	50721	-85	558038	
39831	47707	-19003	66185	-88	558049	48179	-85	558056	54727	-88	558062	50684	-85	558069	
39200	47430	-20500	66185	-88	558106	48141	-85	558084	54727	-89	558091	50721	-85	558098	
39939	47738	-18635	66148	-88	558136	48179	-86	558114	54764	-88	558121	50684	-85	558128	
39513	47401	-20010	66185	-88	558166	48216	-85	558143	54727	-88	558150	50721	-85	558157	
39010	47171	-21203	66138	-89	558196	48179	-85	558174	54727	-88	558181	50759	-85	558188	
39798	47529	-19416	66213	-87	558225	48179	-85	558203	54736	-89	558210	50684	-85	558216	
39680	47499	-19596	66176	-89	558255	48216	-85	558232	54736	-88	558239	50721	-85	558246	
39605	47562	-19598	66138	-88	558285	48179	-85	558261	54774	-88	558268	50721	-85	558275	
39849	47819	-18698	66138	-88	558315	48179	-85	558292	54849	-88	558298	50721	-85	558305	
39948	47587	-19050	66138	-88	558315	48254	-85	558322	54774	-88	558329	50721	-85	558335	
39955	47797	-18643	66176	-88	558344	48216	-86	558351	54811	-88	558358	50721	-85	558364	
42156	48683	-11873	66176	-88	558405	48179	-85	558381	54774	-88	558388	50684	-84	558395	
39427	47432	-20093	66176	-88	558405	48179	-85	558412	54736	-88	558419	50721	-84	558425	
39367	47295	-20500	66176	-88	558465	48216	-85	558443	54774	-88	558449	50759	-84	558456	
39828	47581	-19170	66176	-88	558495	48179	-85	558473	54736	-88	558480	50684	-85	558487	
39828	47581	-19170	66251	-87	558525	48179	-85	558502	54736	-88	558509	50684	-85	558516	
41782	48358	-13955	66213	-88	558557	48179	-85	558533	54736	-89	558540	50759	-85	558547	
39680	47499	-19596	66176	-88	558585	48216	-85	558563	54736	-88	558570	50721	-85	558577	
39427	47432	-20093	66176	-88	558585	48179	-85	558592	54736	-88	558599	50721	-84	558606	
40218	47895	-17958	66213	-88	558614	48216	-85	558621	54774	-88	558628	50684	-84	558635	
39754	47718	-19117	66176	-88	558674	48179	-85	558650	54811	-87	558657	50721	-85	558664	
39795	47603	-19239	66148	-88	558703	48216	-85	558681	54774	-87	558688	50721	-84	558694	
39613	47625	-19562	66148	-88	558703	48212	-85	558710	54839	-87	558717	50759	-84	558723	
39915	47766	-18754	66073	-88	558763	48212	-85	558741	54839	-86	558748	50731	-84	558754	
41314	47030	-17542	66148	-88	558792	48249	-85	558770	54802	-87	558777	50655	-84	558784	
40144	47742	-18359	66110	-88	558821	48249	-85	558799	54764	-88	558806	50693	-85	558812	
41395	47119	-17535	66185	-87	558849	48287	-84	558827	54839	-87	558834	50693	-84	558841	
40364	47956	-17633	66148	-88	558877	48249	-85	558856	54802	-87	558862	50693	-84	558869	
39970	47687	-18653	66148	-88	558907	48212	-85	558884	54764	-88	558892	50693	-84	558898	
42468	49457	-7647	66148	-88	558907	48249	-84	558914	54764	-87	558920	50731	-84	558927	
41983	48347	-13368	66148	-88	558938	48249	-85	558944	54727	-88	558951	50731	-85	558958	
39656	47487	-19701	66185	-88	558997	48212	-85	558974	54764	-87	558981	50731	-84	558988	
40195	47863	-18060	66185	-88	558997	48212	-85	559003	54802	-88	559010	50693	-84	559017	
41662	47399	-16402	66185	-87	559025	48249	-86	559032	54839	-88	559039	50655	-84	559046	
40229	47741	-18366	66185	-87	559053	48287	-84	559060	54802	-87	559067	50731	-85	559074	
39970	47687	-18653	66148	-87	559112	48212	-85	559089	54764	-88	559096	50693	-85	559103	
39970	47687	-18653	66148	-87	559112	48212	-85	559119	54764	-88	559125	50693	-85	559132	
41637	47255	-16729	66148	-87	559169	48287	-84	559148	54802	-87	559155	50655	-84	559161	
39970	47687	-18653	66110	-87	559198	48212	-84	559176	54764	-87	559182	50693	-84	559189	
40077	47690	-18533	66251	-88	559227	48249	-85	559204	54764	-88	559211	50693	-84	559218	
40644	48082	-16867	66213	-87	559255	48277	-85	559233	54811	-87	559240	50693	-84	559247	
39896	47525	-19265	66251	-88	559284	48277	-85	559262	54736	-87	559269	50731	-85	559276	
40136	47752	-18364	66251	-88	559284	48277	-85	559291	54774	-88	559298	50731	-84	559305	
40306	47890	-17844	66213	-87	559342	48240	-85	559320	54774	-88	559326	50693	-84	559333	
41596	47129	-17181	66213	-88	559370	48315	-84	559349	54811	-87	559356	50693	-84	559362	
41271	46887	-18114	66213	-88	559398	48240	-84	559377	54811	-87	559384	50693	-84	559391	
40284	47735	-18190	66213	-88	559398	48277	-85	559405	54736	-87	559412	50693	-84	559419	
39967	47588	-18891	66138	-87	559427	48240	-85	559434	54736	-87	559441	50693	-84	559447	
40249	47671	-18384	66176	-88	559456	48277	-85	559463	54736	-88	559469	50693	-84	559476	
40426	47909	-17607	66213	-88	559484	48277	-85	559491	54774	-88	559498	50693	-84	559505	
40248	47843	-18022	66213	-86	559542	48240	-85	559520	54774	-88	559527	50693	-84	559534	
40073	47672	-18731	66138	-88	559571	48277	-84	559549	54774	-87	559556	50731	-85	559563	
39967	47588	-18891	66176	-88	559600	48240	-85	559578	54736	-88	559585	50693	-85	559592	
41255	46756	-18455	66251	-87	559628	48277	-85	559607	54774	-87	559614	50693	-84	559621	
41730	47053	-17040	66251	-87	559628	48315	-85	559635	54736	-88	559642	50655	-84	559649	
40109	47677	-18611	66213	-86	559656	48240	-85	559663	54736	-88	559670	50693	-84	559677	
40278	47575	-18514	66251	-86	559714	48315	-84	559692	54699	-88	559699	50693	-84	559706	
40136	47752	-18364	66148	-87	559743	48277	-84	559721	54774	-88	559728	50731	-84	559735	
39706	47537	-19546	66223	-87	559772	48240	-85	559750	54764	-87	559757	50731	-85	559763	
40468	48018	-17293	66148	-87	559801	48240	-84	559779	54802	-87	559786	50684	-84	559792	
39847	47599	-18996	66223	-86	559830	48240	-84	559808	54764	-86	559815	50721	-85	559821	
40316	47843	-17990	66185	-87	559860	48277	-84	559837	54802	-87	559844	50721	-85	559851	
39935	47732	-18874	66110	-87	559889	48240	-84	559866	54764	-88	559873	50721	-85	559880	
39551	47360	-20112	66185	-87	559917	48277	-84	559895	54764	-87	559902	50759	-85	559909	
39727	47405	-19820	66185	-87	559917	48277	-84	559924	54764	-88	559931	50759	-84	559938	
40091	47639	-18731	66148	-87	559975	48277	-84	559953	54764	-88	559960	50721	-84	559966	
40015	47688	-18744	66148	-87	559975	48240	-84	559982	54802	-87	559988	50721	-84	559995	
40091	47639	-18731	66185	-86	560004	48277	-84	560010	54764	-87	560017	50721	-84	560024	
39942	47653	-18913	66110	-87	560032	48240	-84	560040	54802	-87	560046	50721	-84	560053	
40134	47707	-18505	66223	-86	560062	48277	-84	560069	54764	-87	560075	50721	-84	560082	
39503	47388	-20075	66185	-88	560121	48240	-84	560098	54764	-87	560105	50759	-84	560112	
41296	46768	-18281	66148	-88	560149	48277	-84	560128	54764	-87	560135	50684	-85	560141	
40015	47688	-18744	66148	-88	560149	48240	-84	560156	54802	-86	560163	50721	-85	560170	
40015	47688	-18744	66148	-87	560178	48240	-84	560185	54802	-86	560192	50721	-84	560199	
41690	47293	-16364	66110	-87	560235	48277	-85	560214	54802	-87	560221	50646	-85	560228	
39942	47573	-19038	66110	-87	560264	48277	-85	560242	54764	-87	560249	50721	-84	560256	
39818	47638	-18969	66148	-87	560293	48179	-85	560271	54764	-87	560278	50684	-84	560285	
39939	47544	-19166	66148	-87	560322	48254	-84	560300	54764	-87	560307	50721	-85	560313	
39508	47493	-19853	66185	-87	560352	48179	-86	560330	54764	-87	560337	50721	-85	560343	
40085	47904	-18124	66148	-88	560382	48179	-85	560359	54802	-86	560365	50684	-84	560372	
42080	48737	-11991	66148	-87	560413	48179	-85	560390	54839	-86	560397	50721	-84	560404	
39468	47586	-19764	66185	-87	560442	48141	-84	560420	54802	-87	560427	50721	-85	560434	
39349	47311	-20456	66185	-87	560442	48216	-84	560449	54764	-88	560456	50759	-85	560462	
39715	47499	-19547	66148	-87	560471	48216	-84	560478	54764	-88	560484	50721	-85	560491	
39982	47794	-18636	66223	-85	560500	48216	-85	560507	54802	-88	560514	50721	-85	560520	
39761	47651	-19232	66185	-87	560530	48179	-84	560537	54802	-87	560544	50721	-85	560551	
39508	47493	-19853	66223	-86	560590	48179	-85	560566	54764	-87	560573	50721	-84	560580	
39822	47636	-19193	66223	-86	560590	48216	-85	560596	54764	-87	560603	50721	-84	560610	
39200	47288	-20638	66073	-87	560620	48141	-85	560627	54764	-87	560634	50721	-84	560640	
42327	49556	-7703	66148	-88	560649	48179	-84	560656	54802	-87	560663	50721	-85	560670	
39853	47585	-18911	66148	-87	560682	48179	-85	560689	54764	-88	560696	50684	-85	560702	
39543	47323	-20220	66148	-87	560742	48254	-85	560720	54764	-87	560726	50759	-85	560733	
41251	46883	-18094	66176	-87	560770	48254	-84	560748	54802	-86	560755	50684	-85	560762	
40473	47971	-17349	66213	-88	560799	48254	-85	560777	54802	-88	560784	50684	-85	560790	
40090	47774	-18417	66176	-88	560829	48216	-85	560806	54764	-87	560813	50693	-85	560819	
40178	47841	-17932	66176	-88	560829	48179	-84	560836	54764	-87	560843	50655	-84	560850	
40410	48096	-17134	66213	-87	560858	48179	-85	560865	54802	-86	560871	50655	-84	560879	
40269	48064	-17529	66251	-87	560889	48179	-85	560896	54839	-86	560902	50693	-84	560909	
39908	47702	-18850	66213	-87	560919	48179	-85	560926	54764	-86	560933	50693	-84	560939	
Err	Err	Err	66251	-87	560979	48179	-85	560926	54764	-87	560962	50693	-84	560969	
39592	47473	-19837	66251	-87	560979	48216	-85	560986	54727	-88	560992	50731	-84	560999	
39840	47575	-19288	66138	-86	561038	48254	-84	561015	54764	-88	561022	50731	-85	561028	
39960	47681	-18711	66213	-87	561069	48216	-85	561045	54764	-87	561052	50693	-85	561059	
40262	47941	-17727	66213	-88	561098	48179	-84	561075	54764	-87	561082	50655	-84	561089	
40243	47945	-17874	66138	-87	561129	48216	-85	561105	54802	-87	561111	50693	-85	561119	
39614	47475	-19597	66138	-87	561129	48179	-85	561135	54727	-88	561142	50693	-84	561149	
40262	47941	-17727	66213	-88	561158	48179	-84	561164	54764	-88	561171	50655	-84	561178	
39638	47518	-19677	66176	-87	561188	48216	-84	561195	54764	-88	561202	50731	-84	561209	
40391	48022	-17342	66176	-87	561219	48179	-85	561226	54802	-88	561233	50655	-84	561239	
40229	47985	-17879	66138	-87	561248	48216	-85	561255	54802	-88	561262	50693	-85	561269	
40333	47792	-17940	66148	-88	561278	48287	-84	561285	54764	-88	561292	50693	-85	561299	
39993	47664	-18788	66148	-87	561338	48249	-85	561315	54764	-88	561321	50721	-85	561328	
39121	47151	-21068	66185	-87	561368	48212	-85	561345	54727	-87	561352	50759	-84	561358	
39759	47550	-19408	66185	-87	561397	48212	-85	561375	54764	-88	561382	50721	-85	561389	
39927	47618	-19003	66185	-88	561428	48249	-84	561404	54764	-88	561411	50721	-84	561418	
40157	47645	-18634	66185	-88	561428	48287	-85	561434	54764	-88	561441	50721	-84	561448	
39687	47572	-19468	66148	-87	561457	48212	-85	561464	54764	-88	561470	50721	-85	561477	
39797	47609	-19208	66148	-86	561517	48212	-85	561494	54802	-87	561501	50721	-86	561508	
40060	47710	-18647	66185	-87	561546	48249	-85	561524	54802	-88	561531	50721	-85	561538	
41703	48297	-14356	66185	-87	561546	48212	-86	561553	54764	-88	561560	50796	-85	561567	
41235	46872	-18159	66110	-87	561606	48249	-86	561584	54802	-86	561591	50684	-85	561598	
39797	47609	-19208	66110	-87	561606	48212	-86	561613	54802	-87	561619	50721	-85	561626	
40102	47777	-18442	66185	-87	561663	48249	-86	561641	54802	-88	561648	50721	-85	561655	
39927	47618	-19003	66185	-87	561663	48249	-85	561670	54764	-88	561677	50721	-85	561684	
41135	46820	-18575	66185	-87	561720	48249	-86	561699	54839	-87	561706	50721	-85	561713	
39759	47550	-19408	66185	-87	561720	48212	-87	561727	54764	-88	561734	50721	-85	561741	
41135	46820	-18575	66185	-87	561749	48249	-86	561756	54839	-87	561763	50721	-85	561770	
40059	47825	-18498	66110	-87	561777	48249	-87	561784	54802	-88	561791	50721	-86	561797	
39608	47679	-19488	66148	-87	561835	48174	-86	561813	54849	-87	561820	50759	-85	561827	
40151	47880	-18047	66223	-88	561864	48212	-86	561842	54811	-88	561848	50693	-85	561856	
39706	47710	-19240	66185	-88	561893	48174	-86	561871	54811	-87	561878	50731	-84	561884	
39862	47681	-19022	66185	-88	561893	48212	-85	561900	54811	-87	561906	50731	-85	561913	
39629	47500	-19683	66223	-88	561951	48212	-85	561928	54774	-87	561936	50731	-85	561942	
40079	47827	-18424	66185	-88	561979	48249	-84	561957	54811	-87	561964	50731	-84	561971	
39860	47626	-19143	66185	-88	561979	48249	-85	561986	54774	-87	561993	50731	-84	562000	
41084	46788	-18729	66223	-88	562037	48249	-85	562015	54849	-87	562022	50731	-84	562029	
41297	47042	-17776	66223	-88	562037	48212	-85	562043	54849	-87	562050	50693	-85	562057	
39982	47851	-18559	66185	-88	562094	48249	-84	562072	54886	-85	562079	50768	-84	562085	
42103	48580	-12462	66185	-88	562094	48212	-85	562100	54774	-86	562107	50731	-84	562114	
Err	Err	Err	66185	-88	562154	48212	-86	562131	54849	-85	562138	50731	-85	562145	
39860	47626	-19143	66148	-88	562183	48249	-84	562161	54774	-86	562167	50731	-85	562174	
39021	47221	-21069	66223	-87	562212	48212	-85	562190	54811	-86	562197	50806	-84	562203	
41617	47243	-16702	66223	-88	562240	48249	-84	562218	54811	-87	562225	50655	-85	562232	
40079	47827	-18424	66223	-88	562240	48249	-84	562246	54811	-86	562253	50731	-84	562260	
41413	46985	-17800	66260	-88	562268	48249	-84	562275	54811	-85	562282	50693	-84	562288	
40332	47845	-17897	66223	-89	562325	48249	-85	562303	54774	-86	562309	50693	-84	562316	
39521	47499	-19931	66185	-89	562354	48212	-84	562332	54811	-87	562339	50768	-85	562345	
42098	48533	-12617	66110	-89	562384	48212	-84	562360	54736	-87	562367	50731	-84	562374	
39358	47293	-20447	66223	-89	562412	48249	-84	562390	54774	-87	562397	50768	-85	562404	
39793	47470	-19543	66223	-89	562412	48249	-84	562419	54736	-87	562426	50731	-85	562433	
39629	47500	-19683	66148	-90	562470	48212	-84	562448	54774	-87	562455	50731	-84	562461	
39871	47424	-19491	66148	-90	562470	48287	-84	562476	54736	-87	562483	50731	-85	562490	
40028	47625	-18710	66148	-90	562527	48249	-85	562505	54736	-87	562512	50693	-85	562519	
40025	47700	-18645	66148	-90	562556	48212	-84	562534	54774	-87	562541	50693	-85	562548	
40025	47700	-18645	66148	-90	562556	48212	-84	562563	54774	-87	562570	50693	-85	562577	
39923	47781	-18693	66223	-88	562586	48174	-84	562592	54774	-87	562599	50693	-85	562606	
8081	23025	-47528	66110	-89	562643	48249	-84	562621	54811	-87	562628	50693	-86	562635	
39936	47675	-18766	66148	-90	562672	48212	-84	562650	54774	-87	562657	50693	-85	562663	
39629	47500	-19683	66148	-87	562701	48212	-84	562679	54774	-87	562686	50731	-85	562692	
40028	47625	-18710	66185	-89	562730	48249	-84	562708	54736	-87	562715	50693	-85	562721	
42103	48580	-12462	66185	-88	562761	48212	-84	562737	54774	-87	562744	50731	-85	562751	
40018	47882	-18394	66148	-88	562790	48212	-84	562768	54849	-85	562775	50731	-85	562781	
39806	47691	-19037	66148	-88	562819	48174	-84	562797	54774	-87	562804	50693	-84	562811	
40025	47700	-18645	66148	-88	562848	48212	-84	562826	54774	-87	562833	50693	-85	562840	
39915	47766	-18754	66185	-88	562877	48212	-84	562855	54839	-87	562861	50731	-85	562868	
40329	48035	-17478	66185	-88	562906	48212	-84	562884	54839	-87	562891	50693	-85	562898	
40168	48010	-17633	66185	-87	562936	48174	-85	562913	54839	-86	562920	50693	-85	562927	
41277	46845	-18157	66185	-87	562936	48212	-84	562943	54764	-87	562950	50655	-85	562956	
40212	47813	-18142	66110	-88	562995	48249	-84	562971	54764	-87	562978	50693	-85	562985	
39892	47649	-18945	66110	-88	562995	48212	-84	563002	54764	-88	563009	50693	-85	563016	
41454	47113	-17200	66110	-88	563054	48249	-84	563033	54802	-87	563039	50655	-85	563046	
41542	47338	-16754	66110	-88	563054	48249	-84	563061	54839	-87	563068	50655	-85	563075	
41386	47059	-17507	66185	-88	563082	48212	-84	563089	54802	-86	563096	50655	-85	563103	
41585	47349	-16566	66185	-87	563139	48249	-84	563118	54839	-87	563124	50655	-85	563131	
40364	47956	-17633	66185	-87	563139	48249	-84	563146	54802	-87	563152	50693	-85	563159	
41172	46803	-18456	66185	-86	563196	48249	-84	563174	54802	-87	563181	50693	-85	563188	
42687	49983	-2714	66110	-88	563227	48212	-84	563203	54839	-87	563210	50731	-85	563216	
40093	47759	-18411	66148	-88	563256	48212	-84	563234	54802	-88	563241	50693	-85	563248	
41172	46803	-18456	66110	-88	563285	48249	-84	563263	54802	-87	563270	50693	-85	563277	
41074	46880	-18470	66148	-88	563313	48212	-84	563292	54839	-86	563298	50693	-84	563305	
39915	47766	-18754	66148	-88	563313	48212	-85	563320	54839	-87	563327	50731	-85	563334	
39656	47487	-19701	66185	-88	563344	48212	-84	563351	54764	-88	563358	50731	-83	563364	
40267	47959	-17787	66251	-88	563404	48212	-84	563381	54811	-87	563388	50693	-85	563395	
39526	47380	-20157	66176	-88	563434	48249	-83	563410	54736	-87	563417	50759	-85	563424	
41474	48067	-14967	66251	-86	563464	48212	-84	563441	54774	-88	563448	50796	-85	563454	
40052	47850	-18433	66251	-86	563464	48212	-84	563471	54811	-87	563477	50721	-85	563484	
39918	47666	-18982	66176	-87	563525	48212	-84	563501	54774	-86	563508	50721	-86	563514	
39966	47731	-18675	66251	-87	563554	48174	-84	563531	54774	-88	563538	50684	-85	563545	
39548	47410	-19971	66251	-87	563554	48212	-84	563560	54699	-88	563567	50721	-86	563574	
39755	47614	-19290	66176	-87	563613	48212	-84	563591	54774	-87	563597	50721	-85	563604	
39220	47252	-20706	66213	-88	563643	48174	-85	563620	54699	-88	563627	50721	-85	563633	
39694	47457	-19692	66213	-88	563643	48212	-85	563650	54736	-88	563657	50721	-86	563664	
39526	47380	-20157	66251	-88	563703	48249	-85	563681	54736	-88	563687	50759	-85	563694	
40078	47840	-18304	66251	-88	563733	48174	-86	563710	54774	-87	563717	50684	-86	563723	
40278	47805	-18054	66251	-88	563733	48249	-85	563740	54736	-87	563747	50684	-85	563754	
40022	47786	-18487	66251	-87	563793	48174	-85	563769	54774	-87	563776	50684	-86	563783	
40078	47840	-18304	66213	-87	563822	48174	-85	563800	54774	-88	563807	50684	-86	563814	
39616	47612	-19509	66251	-87	563852	48174	-85	563829	54774	-88	563836	50721	-86	563843	
40018	47955	-18150	66251	-87	563852	48137	-85	563858	54811	-88	563865	50684	-86	563873	
39800	47540	-19378	66213	-87	563913	48240	-85	563890	54736	-86	563896	50721	-86	563903	
40208	47941	-17870	66251	-87	563943	48202	-85	563919	54811	-88	563926	50693	-85	563933	
40684	48006	-16877	66251	-87	563943	48277	-84	563950	54736	-89	563957	50655	-86	563963	
40472	48030	-17283	66251	-86	563973	48240	-85	563980	54811	-88	563987	50693	-86	563994	
40233	47784	-18093	66176	-87	564002	48202	-85	564009	54736	-88	564016	50655	-85	564023	
40086	47617	-18850	66176	-88	564033	48240	-85	564040	54736	-87	564046	50693	-85	564053	
40268	47931	-17917	66176	-88	564062	48240	-84	564068	54774	-87	564075	50693	-85	564082	
40268	47931	-17917	66176	-88	564092	48240	-84	564099	54774	-86	564106	50693	-84	564113	
39294	47273	-20565	66213	-87	564151	48240	-84	564128	54774	-87	564135	50768	-84	564142	
39748	47445	-19697	66213	-87	564151	48240	-84	564158	54736	-88	564165	50731	-85	564171	
40370	47925	-17659	66176	-88	564209	48240	-84	564187	54811	-87	564194	50693	-85	564200	
40086	47617	-18850	66213	-87	564238	48240	-84	564216	54736	-88	564223	50693	-85	564229	
40248	47843	-18022	66213	-87	564238	48240	-84	564244	54774	-87	564251	50693	-86	564258	
40109	47677	-18611	66213	-85	564266	48240	-86	564273	54736	-88	564280	50693	-86	564287	
40319	47779	-18142	66176	-87	564324	48315	-85	564302	54774	-88	564309	50731	-85	564316	
39829	47491	-19438	66176	-87	564353	48277	-86	564331	54736	-88	564338	50731	-85	564345	
40370	47925	-17659	66176	-87	564353	48240	-85	564360	54811	-88	564367	50693	-84	564373	
40677	48012	-16813	66110	-88	564412	48277	-84	564389	54774	-87	564396	50655	-84	564403	
39964	47672	-18713	66185	-87	564441	48216	-83	564419	54774	-87	564425	50693	-84	564432	
40326	48019	-17427	66185	-88	564470	48179	-85	564448	54811	-86	564455	50665	-85	564461	
40354	47937	-17595	66185	-88	564470	48216	-84	564476	54774	-87	564483	50665	-85	564490	
39894	47782	-18654	66148	-88	564499	48179	-85	564505	54811	-87	564512	50702	-84	564519	
40288	48003	-17607	66260	-88	564527	48179	-84	564534	54774	-88	564541	50665	-85	564548	
40889	48192	-15994	66185	-88	564556	48254	-84	564563	54774	-88	564570	50627	-84	564576	
Err	Err	Err	66185	-87	564615	48179	-85	564592	54736	-88	564599	50702	-84	564606	
39966	47677	-18713	66185	-87	564643	48216	-85	564621	54774	-88	564628	50702	-84	564635	
41376	46916	-17777	66185	-87	564643	48254	-85	564650	54774	-88	564657	50665	-84	564664	
39948	47836	-18613	66185	-88	564671	48216	-84	564678	54849	-87	564685	50740	-85	564691	
40055	47779	-18508	66185	-87	564729	48216	-84	564707	54774	-89	564714	50702	-85	564720	
39592	47428	-19643	66223	-87	564757	48179	-84	564736	54736	-88	564742	50702	-85	564749	
40217	47941	-17821	66223	-87	564757	48179	-85	564764	54774	-88	564771	50665	-85	564778	
40026	47710	-18586	66223	-86	564815	48179	-86	564793	54736	-88	564800	50665	-85	564807	
39868	47626	-19179	66223	-86	564815	48254	-84	564822	54774	-88	564828	50740	-85	564835	
40217	47941	-17821	66223	-86	564844	48179	-85	564850	54774	-88	564857	50665	-85	564864	
39541	47587	-19519	66185	-86	564902	48179	-85	564879	54811	-88	564886	50740	-84	564893	
40326	48019	-17427	66148	-86	564931	48179	-85	564908	54811	-87	564915	50665	-85	564922	
40435	48023	-17249	66148	-86	564931	48212	-86	564937	54811	-88	564944	50665	-85	564951	
39932	47666	-18976	66223	-86	564960	48249	-85	564967	54774	-88	564974	50731	-84	564980	
40251	47903	-17768	66223	-87	564989	48212	-85	564995	54811	-88	565002	50693	-85	565009	
39994	47775	-18697	66223	-86	565046	48212	-85	565024	54811	-87	565031	50731	-85	565038	
39918	47747	-18831	66223	-86	565075	48212	-85	565053	54811	-87	565060	50731	-85	565066	
40079	47827	-18424	66148	-87	565104	48249	-86	565082	54811	-88	565089	50731	-85	565095	
40314	48037	-17498	66148	-87	565104	48212	-86	565111	54849	-88	565117	50693	-85	565124	
40326	48008	-17587	66260	-86	565133	48249	-85	565140	54849	-87	565146	50731	-84	565153	
40009	47681	-18652	66110	-87	565190	48249	-85	565168	54811	-86	565175	50731	-85	565182	
39735	47520	-19473	66148	-87	565219	48249	-85	565197	54774	-88	565204	50731	-85	565210	
39629	47500	-19683	66260	-86	565248	48212	-85	565226	54774	-88	565233	50731	-85	565240	
40210	47730	-18422	66185	-87	565276	48287	-84	565255	54774	-88	565262	50731	-84	565268	
40227	47816	-18195	66223	-85	565305	48287	-84	565283	54811	-89	565290	50731	-86	565297	
41151	46826	-18555	66223	-85	565305	48249	-84	565312	54849	-88	565319	50731	-85	565326	
39982	47715	-18751	66223	-87	565363	48249	-84	565340	54811	-88	565347	50731	-85	565354	
39918	47747	-18831	66223	-87	565363	48212	-85	565370	54811	-88	565376	50731	-85	565383	
40398	47973	-17492	66185	-86	565392	48249	-85	565399	54811	-87	565406	50693	-85	565413	
40113	47697	-18352	66251	-87	565451	48249	-84	565428	54736	-89	565435	50693	-85	565441	
41366	47092	-17659	66288	-87	565480	48212	-85	565458	54849	-89	565464	50693	-85	565471	
41526	47138	-17216	66251	-87	565509	48212	-84	565487	54811	-89	565493	50665	-85	565500	
40070	47803	-18392	66213	-87	565539	48212	-85	565516	54774	-89	565523	50702	-84	565529	
41770	47571	-15613	66251	-87	565567	48212	-85	565546	54849	-88	565553	50627	-86	565559	
41317	46888	-18129	66176	-87	565595	48249	-85	565574	54811	-89	565580	50702	-85	565587	
41316	47013	-17722	66213	-87	565623	48212	-85	565602	54811	-88	565608	50665	-85	565615	
40023	47743	-18564	66176	-86	565652	48212	-85	565630	54774	-88	565637	50702	-84	565643	
39977	47693	-18764	66176	-86	565652	48212	-85	565659	54774	-88	565665	50702	-85	565672	
40629	48049	-16919	66251	-87	565681	48249	-85	565689	54774	-88	565696	50665	-85	565703	
40399	47869	-17777	66251	-87	565741	48287	-84	565718	54774	-88	565725	50702	-85	565732	
40582	48161	-16766	66213	-87	565771	48212	-85	565749	54811	-87	565756	50665	-85	565763	
40023	47743	-18564	66213	-87	565801	48212	-85	565779	54774	-88	565786	50702	-85	565793	
40738	48067	-16651	66213	-87	565801	48287	-85	565808	54774	-88	565815	50665	-85	565822	
39782	47572	-19296	66213	-87	565861	48212	-85	565839	54736	-89	565846	50702	-85	565853	
39831	47742	-18916	66176	-87	565891	48174	-86	565868	54774	-88	565875	50702	-85	565881	
39766	47619	-19332	66138	-87	565921	48212	-85	565899	54811	-87	565905	50740	-85	565912	
39857	47662	-19078	66138	-87	565921	48249	-85	565929	54811	-89	565935	50740	-85	565942	
40055	47729	-18789	66148	-88	565980	48249	-85	565958	54802	-89	565965	50740	-84	565971	
39297	47395	-20534	66223	-87	566009	48249	-85	565987	54802	-89	565994	50796	-84	566000	
39013	47334	-20885	66223	-87	566009	48212	-85	566016	54839	-89	566023	50834	-85	566030	
39413	47377	-20406	66223	-88	566069	48249	-85	566046	54802	-89	566053	50796	-85	566060	
41341	47104	-17768	66223	-88	566069	48249	-85	566076	54877	-88	566082	50721	-85	566089	
39488	47500	-20038	66185	-87	566129	48249	-85	566105	54839	-88	566112	50796	-85	566119	
39488	47500	-20038	66148	-88	566158	48249	-85	566136	54839	-88	566143	50796	-85	566149	
39468	47547	-20026	66148	-88	566158	48249	-84	566165	54839	-88	566172	50796	-85	566179	
42104	48725	-12276	66148	-87	566219	48249	-85	566195	54877	-87	566202	50796	-83	566209	
39232	47406	-20583	66185	-87	566250	48212	-85	566226	54839	-87	566233	50796	-85	566239	
39141	47229	-21111	66260	-86	566280	48249	-85	566257	54839	-89	566264	50834	-85	566270	
39976	47895	-18495	66260	-86	566280	48212	-85	566288	54877	-87	566295	50759	-85	566301	
39747	47620	-19166	66185	-87	566310	48249	-85	566317	54802	-89	566324	50759	-85	566330	
39747	47620	-19166	66148	-87	566368	48249	-85	566346	54802	-89	566353	50759	-85	566360	
39676	47477	-19724	66110	-87	566399	48249	-85	566375	54802	-89	566382	50759	-85	566389	
39391	47370	-20403	66185	-87	566429	48249	-85	566406	54839	-89	566412	50796	-85	566419	
39544	47458	-20061	66223	-87	566458	48287	-85	566436	54802	-88	566443	50796	-84	566449	
39831	47566	-19593	66223	-87	566488	48287	-85	566465	54839	-89	566472	50796	-85	566479	
39853	47725	-19050	66148	-87	566517	48249	-85	566495	54839	-89	566502	50768	-85	566509	
39729	47638	-19295	66148	-87	566517	48212	-85	566524	54802	-89	566531	50731	-85	566538	
39605	47601	-19548	66185	-87	566578	48212	-85	566555	54839	-88	566561	50768	-84	566568	
39629	47463	-19859	66185	-87	566578	48249	-85	566585	54802	-88	566592	50768	-85	566599	
40364	47956	-17633	66185	-88	566607	48249	-85	566614	54802	-89	566620	50693	-85	566627	
39497	47423	-20073	66110	-88	566637	48249	-85	566644	54802	-88	566651	50768	-85	566658	
40156	47871	-18146	66185	-86	566697	48249	-85	566673	54839	-88	566680	50731	-85	566687	
40260	47776	-18290	66223	-86	566727	48324	-84	566704	54764	-88	566711	50731	-85	566718	
40762	48193	-16442	66260	-87	566757	48287	-85	566734	54839	-89	566741	50693	-85	566748	
39915	47779	-18784	66185	-87	566787	48212	-85	566763	54802	-88	566770	50731	-84	566777	
39252	47304	-20686	66185	-87	566816	48212	-86	566794	54764	-88	566801	50768	-85	566807	
39799	47685	-19137	66223	-87	566847	48212	-85	566823	54802	-88	566830	50731	-85	566837	
40222	47942	-17968	66148	-87	566876	48249	-85	566854	54839	-87	566861	50731	-84	566867	
39746	47591	-19456	66148	-87	566876	48249	-85	566883	54839	-87	566889	50768	-85	566897	
41525	47190	-17187	66185	-88	566933	48287	-85	566912	54839	-87	566918	50693	-85	566926	
40364	47956	-17633	66148	-87	566962	48249	-85	566940	54802	-88	566947	50693	-84	566954	
39142	47058	-21238	66148	-87	566962	48249	-85	566969	54708	-88	566976	50768	-84	566982	
39870	47617	-19049	66110	-87	567019	48212	-84	566997	54745	-88	567004	50693	-85	567011	
39773	47558	-19338	66148	-87	567048	48249	-84	567026	54783	-87	567033	50731	-85	567040	
39265	47343	-20585	66110	-87	567077	48212	-85	567055	54783	-88	567062	50768	-84	567069	
39461	47402	-19888	66148	-87	567107	48212	-84	567084	54745	-88	567091	50731	-84	567098	
39870	47617	-19049	66148	-87	567107	48212	-85	567114	54745	-88	567121	50693	-85	567127	
39794	47556	-19372	66185	-88	567166	48249	-84	567143	54745	-88	567150	50731	-83	567157	
40133	47705	-18464	66185	-88	567166	48249	-84	567172	54745	-88	567179	50693	-85	567186	
39258	47236	-20686	66110	-88	567194	48174	-84	567201	54745	-88	567208	50731	-85	567214	
42318	49826	-6335	66110	-87	567252	48249	-84	567230	54670	-87	567236	50731	-84	567243	
39461	47402	-19888	66110	-88	567281	48212	-84	567259	54745	-86	567266	50731	-85	567272	
39461	47402	-19888	66110	-88	567281	48212	-85	567288	54745	-86	567294	50731	-85	567301	
39773	47558	-19338	66148	-88	567338	48249	-84	567316	54783	-86	567323	50731	-83	567330	
39272	47356	-20465	66148	-88	567338	48174	-85	567345	54745	-87	567352	50731	-85	567359	
40133	47705	-18464	66148	-88	567396	48249	-83	567374	54745	-86	567380	50693	-85	567387	
39523	47312	-20185	66223	-88	567425	48249	-84	567403	54708	-88	567409	50731	-85	567416	
39422	47335	-20346	66223	-87	567454	48249	-83	567432	54745	-88	567439	50768	-84	567445	
39470	47315	-20292	66223	-87	567454	48212	-85	567461	54708	-87	567467	50731	-84	567474	
39858	47550	-19197	66148	-86	567483	48212	-84	567490	54736	-87	567497	50693	-85	567503	
39983	47627	-18925	66176	-87	567540	48249	-83	567519	54774	-87	567525	50721	-85	567532	
39031	47134	-21251	66213	-86	567569	48174	-85	567547	54736	-87	567554	50759	-84	567561	
39841	47549	-19259	66213	-86	567569	48249	-85	567576	54736	-88	567583	50721	-85	567589	
39453	47429	-20153	66213	-87	567598	48212	-85	567605	54774	-87	567611	50759	-85	567618	
Percentuale di fallimenti nel positioning: 1.4%
