Distanza: 30000.0
X [mm]	Y [mm]	Z [mm]	A0 	 RSS 	 Time 	 A1 	 RSS 	 Time 	 A2 	 RSS 	 Time 	 A3 	 RSS 	 Time 	 
Err	Err	Err	29572	-87	193135	0	0	1705985	0	0	1705985	0	0	1705985	
Err	Err	Err	29572	-87	193135	18945	-85	193143	0	0	1705985	0	0	1705985	
Err	Err	Err	29572	-87	193135	18945	-85	193143	23437	-84	193150	0	0	1705985	
Err	Err	Err	29572	-87	193135	18945	-85	193143	23437	-84	193150	14217	-80	193157	
18647	22467	-1483	29610	-87	193166	18945	-85	193143	23437	-84	193150	14217	-80	193157	
Err	Err	Err	29610	-87	193166	18870	-85	193174	23512	-84	193180	14217	-80	193157	
Err	Err	Err	29610	-87	193166	18870	-85	193174	23512	-84	193180	14255	-79	193187	
18466	22455	-2085	29610	-87	193196	18870	-85	193174	23512	-84	193180	14255	-79	193187	
Err	Err	Err	29610	-87	193196	18907	-86	193203	23475	-84	193210	14255	-79	193187	
Err	Err	Err	29610	-87	193196	18907	-86	193203	23475	-84	193210	14255	-79	193217	
18488	22415	-2206	29610	-87	193196	18907	-86	193203	23475	-84	193210	14255	-79	193217	
Err	Err	Err	29572	-87	193225	18907	-86	193203	23475	-84	193210	14255	-79	193217	
Err	Err	Err	29572	-87	193225	18907	-86	193203	23475	-84	193210	14255	-79	193217	
Err	Err	Err	29572	-87	193225	18945	-85	193232	23475	-84	193210	14255	-79	193217	
Err	Err	Err	29572	-87	193225	18945	-85	193232	23475	-85	193239	14255	-79	193217	
Err	Err	Err	29572	-87	193225	18945	-85	193232	23475	-85	193239	14292	-79	193246	
Err	Err	Err	29572	-87	193225	18945	-85	193232	23475	-85	193239	14292	-79	193246	
18535	22424	-2082	29572	-87	193225	18945	-85	193232	23475	-85	193239	14292	-79	193246	
Err	Err	Err	29610	-86	193255	18945	-85	193232	23475	-85	193239	14292	-79	193246	
Err	Err	Err	29610	-86	193255	18870	-84	193263	23475	-85	193239	14292	-79	193246	
Err	Err	Err	29610	-86	193255	18870	-84	193263	23475	-85	193270	14292	-79	193246	
Err	Err	Err	29610	-86	193255	18870	-84	193263	23475	-85	193270	14255	-79	193277	
18638	22546	-803	29610	-87	193287	18870	-84	193263	23475	-85	193270	14255	-79	193277	
Err	Err	Err	29610	-87	193287	18870	-84	193263	23475	-85	193270	14255	-79	193277	
Err	Err	Err	29610	-87	193287	18907	-85	193294	23475	-85	193270	14255	-79	193277	
Err	Err	Err	29610	-87	193287	18907	-85	193294	23475	-85	193300	14255	-79	193277	
Err	Err	Err	29610	-87	193287	18907	-85	193294	23475	-85	193300	14255	-79	193277	
Err	Err	Err	29610	-87	193287	18907	-85	193294	23475	-85	193300	14217	-79	193307	
18626	22544	-1323	29610	-87	193287	18907	-85	193294	23475	-85	193300	14217	-79	193307	
Err	Err	Err	29572	-85	193317	18907	-85	193294	23475	-85	193300	14217	-79	193307	
Err	Err	Err	29572	-85	193317	18870	-85	193324	23475	-85	193300	14217	-79	193307	
Err	Err	Err	29572	-85	193317	18870	-85	193324	23475	-84	193331	14217	-79	193307	
Err	Err	Err	29572	-85	193317	18870	-85	193324	23475	-84	193331	14330	-79	193338	
18569	22511	-1859	29572	-85	193317	18870	-85	193324	23475	-84	193331	14330	-79	193338	
Err	Err	Err	29647	-86	193347	18870	-85	193324	23475	-84	193331	14330	-79	193338	
Err	Err	Err	29647	-86	193347	18907	-86	193354	23475	-84	193331	14330	-79	193338	
Err	Err	Err	29647	-86	193347	18907	-86	193354	23475	-84	193331	14330	-79	193338	
Err	Err	Err	29647	-86	193347	18907	-86	193354	23475	-84	193361	14330	-79	193338	
Err	Err	Err	29647	-86	193347	18907	-86	193354	23475	-84	193361	14255	-80	193367	
18676	22557	-651	29610	-88	193377	18907	-86	193354	23475	-84	193361	14255	-80	193367	
Err	Err	Err	29610	-88	193377	18907	-86	193354	23475	-84	193361	14255	-80	193367	
Err	Err	Err	29610	-88	193377	18870	-86	193384	23475	-84	193361	14255	-80	193367	
Err	Err	Err	29610	-88	193377	18870	-86	193384	23437	-85	193391	14255	-80	193367	
Err	Err	Err	29610	-88	193377	18870	-86	193384	23437	-85	193391	14255	-80	193367	
Err	Err	Err	29610	-88	193377	18870	-86	193384	23437	-85	193391	14255	-79	193397	
18662	22533	-846	29610	-88	193377	18870	-86	193384	23437	-85	193391	14255	-79	193397	
Err	Err	Err	29572	-87	193408	18870	-86	193384	23437	-85	193391	14255	-79	193397	
Err	Err	Err	29572	-87	193408	18870	-86	193384	23437	-85	193391	14255	-79	193397	
Err	Err	Err	29572	-87	193408	18832	-86	193415	23437	-85	193391	14255	-79	193397	
Err	Err	Err	29572	-87	193408	18832	-86	193415	23437	-85	193391	14255	-79	193397	
Err	Err	Err	29572	-87	193408	18832	-86	193415	23475	-85	193422	14255	-79	193397	
Err	Err	Err	29572	-87	193408	18832	-86	193415	23475	-85	193422	14292	-79	193429	
Err	Err	Err	29572	-87	193408	18832	-86	193415	23475	-85	193422	14292	-79	193429	
18569	22560	-930	29572	-87	193408	18832	-86	193415	23475	-85	193422	14292	-79	193429	
Err	Err	Err	29572	-87	193439	18832	-86	193415	23475	-85	193422	14292	-79	193429	
Err	Err	Err	29572	-87	193439	18794	-86	193446	23475	-85	193422	14292	-79	193429	
Err	Err	Err	29572	-87	193439	18794	-86	193446	23475	-85	193453	14255	-80	193460	
18510	22583	-927	29572	-87	193439	18794	-86	193446	23475	-85	193453	14255	-80	193460	
Err	Err	Err	29647	-87	193469	18794	-86	193446	23475	-85	193453	14255	-80	193460	
Err	Err	Err	29647	-87	193469	18832	-86	193476	23475	-85	193453	14255	-80	193460	
Err	Err	Err	29647	-87	193469	18832	-86	193476	23475	-85	193453	14255	-80	193460	
Err	Err	Err	29647	-87	193469	18832	-86	193476	23475	-84	193483	14255	-80	193460	
Err	Err	Err	29647	-87	193469	18832	-86	193476	23475	-84	193483	14255	-80	193460	
Err	Err	Err	29647	-87	193469	18832	-86	193476	23475	-84	193483	14292	-80	193490	
18542	22619	-1287	29610	-87	193500	18870	-86	193506	23475	-84	193483	14292	-80	193490	
Err	Err	Err	29610	-87	193500	18870	-86	193506	23475	-85	193513	14292	-80	193490	
Err	Err	Err	29610	-87	193500	18870	-86	193506	23475	-85	193513	14292	-80	193520	
18494	22449	-2062	29610	-87	193500	18870	-86	193506	23475	-85	193513	14292	-80	193520	
Err	Err	Err	29572	-87	193529	18870	-86	193506	23475	-85	193513	14292	-80	193520	
Err	Err	Err	29572	-87	193529	18870	-86	193506	23475	-85	193513	14292	-80	193520	
Err	Err	Err	29572	-87	193529	18870	-85	193536	23475	-85	193513	14292	-80	193520	
Err	Err	Err	29572	-87	193529	18870	-85	193536	23437	-86	193543	14292	-80	193520	
Err	Err	Err	29572	-87	193529	18870	-85	193536	23437	-86	193543	14255	-79	193550	
18388	22356	-2563	29610	-87	193558	18870	-85	193536	23437	-86	193543	14255	-79	193550	
Err	Err	Err	29610	-87	193558	18870	-86	193565	23437	-86	193543	14255	-79	193550	
Err	Err	Err	29610	-87	193558	18870	-86	193565	23512	-84	193572	14255	-79	193550	
18466	22455	-2085	29610	-87	193558	18870	-86	193565	23512	-84	193572	14255	-79	193579	
Err	Err	Err	29572	-87	193588	18870	-86	193565	23512	-84	193572	14255	-79	193579	
Err	Err	Err	29572	-87	193588	18907	-85	193594	23512	-84	193572	14255	-79	193579	
Err	Err	Err	29572	-87	193588	18907	-85	193594	23437	-85	193603	14255	-79	193579	
Err	Err	Err	29572	-87	193588	18907	-85	193594	23437	-85	193603	14255	-80	193609	
18603	22540	-878	29572	-87	193588	18907	-85	193594	23437	-85	193603	14255	-80	193609	
Err	Err	Err	29572	-87	193588	18907	-85	193594	23437	-85	193603	14255	-80	193609	
Err	Err	Err	29572	-87	193620	18907	-85	193594	23437	-85	193603	14255	-80	193609	
Err	Err	Err	29572	-87	193620	18907	-85	193627	23437	-85	193603	14255	-80	193609	
Err	Err	Err	29572	-87	193620	18907	-85	193627	23475	-84	193634	14255	-80	193609	
Err	Err	Err	29572	-87	193620	18907	-85	193627	23475	-84	193634	14255	-79	193640	
Err	Err	Err	29572	-87	193620	18907	-85	193627	23475	-84	193634	14255	-79	193640	
18643	22530	-817	29572	-87	193620	18907	-85	193627	23475	-84	193634	14255	-79	193640	
Err	Err	Err	29572	-87	193620	18907	-85	193627	23475	-84	193634	14255	-79	193640	
Err	Err	Err	29675	-87	193652	18907	-85	193627	23475	-84	193634	14255	-79	193640	
Err	Err	Err	29675	-87	193652	18935	-84	193659	23475	-84	193634	14255	-79	193640	
Err	Err	Err	29675	-87	193652	18935	-84	193659	23475	-84	193634	14255	-79	193640	
Err	Err	Err	29675	-87	193652	18935	-84	193659	23545	-85	193666	14255	-79	193640	
Err	Err	Err	29675	-87	193652	18935	-84	193659	23545	-85	193666	14283	-79	193673	
Err	Err	Err	29675	-87	193652	18935	-84	193659	23545	-85	193666	14283	-79	193673	
18474	22449	-2285	29675	-87	193652	18935	-84	193659	23545	-85	193666	14283	-79	193673	
Err	Err	Err	29638	-86	193683	18935	-84	193659	23545	-85	193666	14283	-79	193673	
Err	Err	Err	29638	-86	193683	18935	-84	193659	23545	-85	193666	14283	-79	193673	
Err	Err	Err	29638	-86	193683	18973	-84	193690	23545	-85	193666	14283	-79	193673	
Err	Err	Err	29638	-86	193683	18973	-84	193690	23503	-85	193696	14283	-79	193673	
Err	Err	Err	29638	-86	193683	18973	-84	193690	23503	-85	193696	14283	-79	193703	
Err	Err	Err	29638	-86	193683	18973	-84	193690	23503	-85	193696	14283	-79	193703	
18702	22519	-1462	29675	-86	193715	18973	-84	193690	23503	-85	193696	14283	-79	193703	
Err	Err	Err	29675	-86	193715	18973	-84	193722	23470	-85	193728	14283	-79	193703	
Err	Err	Err	29675	-86	193715	18973	-84	193722	23470	-85	193728	14283	-79	193735	
18584	22503	-1752	29675	-86	193715	18973	-84	193722	23470	-85	193728	14283	-79	193735	
Err	Err	Err	29600	-87	193744	18973	-84	193722	23470	-85	193728	14283	-79	193735	
Err	Err	Err	29600	-87	193744	18973	-84	193722	23470	-85	193728	14283	-79	193735	
Err	Err	Err	29600	-87	193744	18973	-84	193752	23470	-85	193728	14283	-79	193735	
Err	Err	Err	29600	-87	193744	18973	-84	193752	23470	-85	193728	14283	-79	193735	
Err	Err	Err	29600	-87	193744	18973	-84	193752	23541	-84	193759	14283	-79	193735	
Err	Err	Err	29600	-87	193744	18973	-84	193752	23541	-84	193759	14321	-80	193765	
18656	22543	-1471	29600	-87	193744	18973	-84	193752	23541	-84	193759	14321	-80	193765	
Err	Err	Err	29600	-87	193744	18973	-84	193752	23541	-84	193759	14321	-80	193765	
Err	Err	Err	29600	-87	193775	18973	-84	193752	23541	-84	193759	14321	-80	193765	
Err	Err	Err	29600	-87	193775	18898	-85	193782	23541	-84	193759	14321	-80	193765	
Err	Err	Err	29600	-87	193775	18898	-85	193782	23541	-84	193759	14321	-80	193765	
Err	Err	Err	29600	-87	193775	18898	-85	193782	23508	-85	193789	14321	-80	193765	
Err	Err	Err	29600	-87	193775	18898	-85	193782	23508	-85	193789	14321	-80	193765	
Err	Err	Err	29600	-87	193775	18898	-85	193782	23508	-85	193789	14321	-79	193796	
18652	22565	-972	29600	-87	193775	18898	-85	193782	23508	-85	193789	14321	-79	193796	
Err	Err	Err	29600	-87	193806	18898	-85	193782	23508	-85	193789	14321	-79	193796	
Err	Err	Err	29600	-87	193806	18898	-85	193782	23508	-85	193789	14321	-79	193796	
Err	Err	Err	29600	-87	193806	18898	-85	193813	23508	-85	193789	14321	-79	193796	
Err	Err	Err	29600	-87	193806	18898	-85	193813	23508	-85	193789	14321	-79	193796	
Err	Err	Err	29600	-87	193806	18898	-85	193813	23508	-84	193820	14321	-79	193796	
Err	Err	Err	29600	-87	193806	18898	-85	193813	23508	-84	193820	14283	-79	193827	
18487	22457	-2042	29638	-86	193836	18935	-86	193843	23508	-84	193820	14283	-79	193827	
Err	Err	Err	29638	-86	193836	18935	-86	193843	23508	-84	193849	14283	-79	193827	
18688	22536	-1352	29638	-86	193836	18935	-86	193843	23508	-84	193849	14321	-79	193856	
Err	Err	Err	29675	-86	193865	18935	-86	193872	23508	-84	193849	14321	-79	193856	
Err	Err	Err	29675	-86	193865	18935	-86	193872	23508	-84	193878	14321	-79	193856	
Err	Err	Err	29675	-86	193865	18935	-86	193872	23508	-84	193878	14321	-79	193856	
Err	Err	Err	29675	-86	193865	18935	-86	193872	23508	-84	193878	14283	-79	193885	
18520	22449	-2003	29638	-86	193895	18935	-85	193902	23508	-85	193909	14245	-79	193915	
18605	22558	-1722	29600	-87	193954	18935	-85	193931	23508	-85	193938	14321	-79	193944	
18658	22510	-1585	29600	-87	193954	18935	-85	193961	23508	-85	193968	14283	-79	193974	
18512	22412	-2396	29638	-86	193983	18973	-86	193991	23503	-84	193997	14321	-79	194004	
18706	22542	-946	29638	-86	194043	18935	-85	194020	23465	-85	194027	14321	-79	194034	
18734	22529	-1065	29638	-86	194043	18973	-84	194051	23470	-85	194057	14321	-79	194064	
18645	22590	-957	29600	-86	194074	18935	-84	194081	23470	-84	194087	14321	-80	194094	
18584	22503	-1752	29675	-87	194103	18973	-84	194110	23470	-85	194117	14283	-79	194124	
18715	22547	-1244	29675	-87	194133	18973	-84	194139	23545	-84	194146	14245	-79	194153	
18660	22587	-922	29638	-87	194162	18973	-84	194169	23498	-85	194175	14311	-79	194182	
18722	22603	-753	29675	-87	194192	18973	-83	194199	23536	-85	194206	14349	-80	194213	
18560	22475	-2286	29675	-87	194252	19010	-84	194230	23536	-85	194237	14386	-80	194243	
18505	22472	-2263	29675	-87	194252	18973	-84	194259	23536	-84	194266	14311	-80	194272	
18711	22527	-1602	29638	-86	194281	19010	-83	194288	23498	-85	194295	14311	-79	194302	
18505	22472	-2263	29675	-87	194311	18973	-83	194318	23536	-85	194324	14311	-79	194331	
18689	22592	-1564	29675	-87	194340	18973	-84	194347	23573	-84	194354	14349	-79	194361	
18696	22541	-1782	29638	-87	194370	19010	-83	194377	23536	-85	194384	14386	-79	194391	
18713	22638	-1363	29751	-86	194400	18973	-83	194407	23573	-84	194414	14349	-79	194420	
18696	22541	-1782	29638	-87	194430	19010	-83	194437	23536	-85	194443	14386	-79	194450	
18711	22527	-1602	29638	-88	194460	19010	-83	194466	23498	-85	194473	14311	-79	194480	
18532	22418	-2490	29675	-86	194518	19010	-83	194495	23536	-85	194502	14349	-79	194509	
18691	22629	-1020	29600	-87	194548	19010	-83	194525	23536	-85	194532	14349	-79	194538	
18677	22547	-1712	29600	-87	194548	19010	-83	194554	23536	-85	194561	14349	-79	194568	
18713	22574	-1368	29638	-87	194577	19048	-83	194584	23573	-85	194591	14349	-79	194597	
18722	22603	-753	29675	-85	194606	18973	-83	194613	23536	-85	194620	14349	-79	194627	
Err	Err	Err	29638	-86	194636	18973	-83	194613	23536	-85	194651	14311	-80	194658	
18657	22610	-1473	29675	-87	194695	18973	-83	194673	23536	-85	194680	14321	-79	194687	
18657	22610	-1473	29675	-86	194725	18973	-82	194702	23536	-85	194709	14321	-79	194716	
18718	22572	-1300	29675	-86	194725	19010	-82	194732	23536	-85	194739	14283	-79	194746	
18562	22452	-2234	29638	-86	194784	19010	-82	194762	23536	-86	194768	14321	-79	194775	
18543	22419	-2203	29675	-87	194813	19010	-82	194790	23498	-86	194797	14283	-79	194804	
18562	22452	-2234	29675	-87	194813	19010	-82	194819	23536	-84	194826	14321	-79	194833	
18665	22520	-1540	29638	-87	194871	18973	-82	194848	23461	-85	194855	14283	-79	194862	
18543	22419	-2203	29638	-85	194900	19010	-82	194878	23498	-85	194885	14283	-79	194892	
18652	22502	-1503	29638	-86	194930	19010	-82	194907	23536	-85	194914	14283	-79	194921	
18543	22419	-2203	29675	-85	194959	19010	-82	194937	23498	-85	194943	14283	-79	194950	
18766	22565	-1129	29675	-85	194959	19048	-82	194966	23573	-85	194973	14321	-79	194980	
18668	22561	-1152	29675	-85	194989	19010	-82	194996	23536	-84	195003	14245	-79	195009	
18693	22534	-1475	29638	-86	195019	18973	-82	195026	23498	-84	195033	14283	-79	195039	
18766	22565	-1129	29675	-87	195049	19048	-82	195056	23573	-84	195063	14321	-79	195070	
18577	22386	-2408	29675	-87	195079	19048	-83	195085	23498	-85	195092	14321	-79	195099	
18737	22537	-1400	29675	-87	195109	19010	-82	195116	23498	-85	195122	14283	-79	195129	
18737	22537	-1400	29647	-87	195169	19010	-83	195145	23498	-85	195152	14283	-79	195159	
18726	22536	-1254	29647	-85	195200	18982	-83	195176	23536	-86	195183	14283	-79	195189	
18698	22558	-1690	29685	-87	195229	19020	-83	195207	23536	-85	195213	14358	-80	195220	
18708	22591	-1274	29610	-87	195260	19020	-83	195236	23536	-85	195243	14283	-80	195250	
18707	22500	-1629	29610	-86	195290	19020	-83	195267	23498	-85	195274	14321	-79	195281	
18507	22435	-2262	29610	-86	195290	19020	-83	195297	23536	-84	195304	14283	-80	195311	
18524	22431	-2224	29647	-87	195351	19020	-83	195328	23536	-84	195335	14283	-80	195341	
18578	22419	-2149	29647	-87	195351	19020	-83	195359	23498	-85	195366	14283	-79	195372	
18710	22559	-1325	29647	-87	195411	18982	-83	195388	23573	-84	195395	14283	-80	195401	
18524	22431	-2224	29647	-87	195441	19020	-83	195419	23536	-85	195426	14283	-80	195432	
18747	22527	-1504	29647	-87	195441	19020	-83	195449	23536	-84	195456	14321	-80	195462	
18645	22555	-1650	29610	-86	195471	18982	-83	195478	23536	-84	195485	14321	-80	195491	
18578	22419	-2149	29647	-86	195531	19020	-84	195509	23498	-85	195515	14283	-80	195522	
18747	22527	-1504	29647	-86	195561	19020	-83	195538	23536	-84	195544	14321	-79	195551	
18716	22541	-1554	29685	-86	195591	19057	-83	195568	23498	-85	195575	14321	-80	195582	
18709	22630	-1092	29685	-85	195620	19057	-83	195599	23536	-84	195605	14321	-79	195612	
18781	22524	-1208	29647	-85	195651	19057	-83	195627	23498	-85	195634	14283	-79	195641	
18690	22540	-1450	29647	-85	195651	18982	-83	195658	23498	-85	195665	14283	-79	195672	
18652	22536	-1484	29685	-85	195681	19010	-82	195688	23508	-84	195695	14321	-79	195701	
18766	22526	-1214	29685	-86	195710	19048	-83	195718	23470	-85	195725	14245	-79	195732	
18601	22429	-2154	29647	-86	195770	19048	-84	195748	23508	-86	195755	14321	-79	195762	
18548	22461	-2082	29685	-86	195800	19048	-83	195777	23508	-85	195784	14283	-79	195791	
18606	22460	-1944	29685	-86	195800	19010	-83	195808	23508	-84	195815	14283	-79	195822	
18601	22429	-2154	29647	-86	195831	19048	-83	195837	23508	-86	195844	14321	-79	195851	
18652	22536	-1484	29685	-86	195860	19010	-83	195868	23508	-85	195875	14321	-79	195882	
18714	22534	-1603	29685	-86	195920	19010	-83	195898	23508	-85	195905	14321	-79	195911	
18649	22508	-1665	29647	-86	195950	19010	-83	195927	23470	-85	195934	14321	-80	195941	
18543	22384	-2239	29685	-86	195980	19010	-83	195958	23508	-84	195964	14245	-79	195971	
18715	22550	-1407	29685	-86	195980	19010	-83	195987	23470	-85	195994	14283	-80	196000	
18488	22464	-2337	29647	-86	196040	19010	-83	196018	23545	-85	196025	14321	-79	196031	
18659	22597	-948	29647	-86	196040	18973	-83	196048	23508	-86	196054	14321	-79	196061	
18636	22518	-1448	29647	-86	196071	19010	-83	196077	23470	-86	196084	14283	-79	196091	
18551	22435	-2290	29685	-86	196100	19010	-83	196108	23545	-84	196114	14321	-79	196121	
18560	22386	-2318	29647	-86	196159	19010	-83	196137	23465	-85	196144	14283	-79	196150	
18715	22532	-1422	29741	-86	196190	19010	-83	196167	23508	-86	196174	14283	-79	196181	
18741	22607	-1145	29629	-86	196220	18982	-83	196197	23536	-85	196204	14283	-79	196211	
18493	22395	-2508	29629	-86	196220	18982	-82	196227	23536	-85	196234	14321	-80	196240	
18534	22484	-2179	29704	-86	196280	18982	-83	196257	23573	-84	196264	14321	-79	196271	
18582	22456	-2085	29666	-86	196309	19020	-82	196287	23536	-85	196293	14283	-80	196300	
18679	22612	-712	29666	-86	196340	18945	-83	196317	23498	-86	196324	14321	-79	196331	
18535	22419	-2368	29704	-86	196369	18982	-82	196347	23498	-84	196354	14321	-79	196361	
18587	22469	-2019	29704	-86	196369	18982	-82	196376	23498	-86	196383	14283	-79	196389	
18679	22549	-1435	29779	-85	196428	18982	-82	196405	23498	-85	196412	14321	-80	196418	
18731	22608	-840	29779	-85	196428	18945	-82	196434	23498	-85	196441	14283	-80	196448	
18723	22548	-1336	29741	-85	196489	19020	-82	196467	23498	-86	196474	14283	-80	196480	
18595	22437	-2136	29741	-85	196489	18982	-82	196496	23461	-85	196503	14283	-80	196510	
18684	22600	-1226	29704	-86	196548	18982	-82	196526	23573	-84	196532	14321	-80	196539	
18559	22469	-2091	29704	-86	196548	18982	-82	196555	23536	-85	196561	14283	-80	196568	
18679	22549	-1435	29704	-86	196607	18982	-82	196584	23498	-85	196591	14321	-79	196597	
18733	22574	-1287	29704	-86	196607	19020	-82	196613	23498	-85	196620	14283	-80	196627	
18758	22513	-1403	29741	-85	196666	18982	-82	196643	23461	-86	196650	14283	-80	196657	
18589	22498	-2000	29751	-87	196696	18982	-82	196673	23536	-86	196680	14321	-79	196687	
18731	22607	-1160	29675	-86	196726	18982	-81	196703	23508	-85	196709	14283	-79	196716	
18747	22548	-1335	29675	-86	196755	19020	-82	196732	23508	-85	196739	14283	-79	196746	
18724	22518	-1588	29675	-86	196755	18982	-82	196762	23470	-85	196769	14321	-79	196775	
18708	22597	-1215	29713	-86	196785	18982	-82	196792	23508	-86	196798	14283	-79	196805	
18555	22413	-2331	29638	-86	196843	19020	-82	196821	23508	-84	196828	14321	-79	196835	
18680	22560	-770	29638	-86	196843	18982	-82	196850	23465	-85	196857	14283	-79	196864	
18710	22512	-1452	29638	-86	196873	19020	-82	196880	23470	-86	196887	14283	-79	196894	
18693	22535	-1499	29713	-86	196932	18945	-82	196909	23465	-85	196916	14321	-79	196923	
18537	22420	-2276	29675	-87	196961	18982	-82	196938	23470	-85	196945	14283	-80	196952	
18742	22512	-1371	29675	-87	196961	18982	-82	196968	23470	-86	196975	14283	-80	196981	
18688	22581	-1483	29675	-86	197019	19020	-82	196997	23541	-84	197003	14321	-79	197010	
18742	22512	-1371	29638	-87	197048	18982	-82	197026	23470	-85	197033	14283	-80	197039	
18639	22613	-1148	29638	-87	197048	18945	-82	197055	23583	-85	197061	14245	-79	197068	
18595	22519	-1754	29675	-86	197107	18982	-82	197085	23545	-84	197092	14283	-79	197099	
18497	22406	-2266	29675	-86	197107	18982	-82	197115	23470	-86	197121	14245	-79	197128	
18680	22560	-770	29675	-87	197167	18982	-82	197143	23465	-86	197150	14283	-80	197157	
18729	22550	-1325	29675	-87	197167	19020	-82	197174	23465	-86	197181	14283	-80	197188	
18576	22435	-2036	29638	-86	197197	18982	-82	197204	23437	-86	197211	14283	-79	197218	
18558	22404	-2212	29713	-87	197256	19020	-82	197233	23437	-85	197240	14283	-80	197247	
18558	22404	-2212	29638	-87	197285	19020	-82	197262	23437	-84	197269	14283	-79	197276	
18530	22428	-2056	29713	-85	197314	18945	-82	197292	23475	-86	197298	14245	-80	197305	
18705	22593	-797	29713	-85	197314	18982	-82	197321	23437	-85	197328	14283	-79	197335	
18690	22540	-1401	29638	-87	197345	19020	-82	197351	23475	-85	197358	14283	-79	197365	
18588	22449	-2011	29675	-86	197404	18982	-81	197381	23475	-84	197388	14321	-79	197395	
18506	22380	-2531	29675	-87	197433	18945	-82	197411	23437	-85	197417	14321	-79	197424	
18481	22404	-2528	29638	-87	197462	18945	-82	197440	23475	-85	197446	14321	-79	197453	
18539	22452	-2154	29675	-85	197491	18945	-82	197469	23475	-86	197475	14321	-79	197482	
18546	22472	-2150	29638	-87	197520	18945	-82	197498	23512	-85	197504	14358	-79	197511	
18463	22395	-2390	29638	-87	197549	18945	-82	197526	23437	-85	197533	14283	-79	197540	
18606	22442	-1836	29675	-86	197578	18982	-81	197556	23475	-84	197562	14283	-79	197569	
18540	22381	-2414	29675	-86	197578	18982	-82	197585	23437	-85	197591	14321	-79	197598	
18424	22420	-2463	29638	-86	197607	18945	-82	197614	23512	-85	197621	14283	-79	197627	
18495	22425	-2473	29713	-86	197636	18982	-82	197644	23475	-85	197650	14321	-79	197657	
18513	22336	-2621	29638	-86	197695	18982	-82	197673	23400	-85	197679	14321	-79	197686	
18731	22515	-706	29638	-86	197695	18982	-82	197702	23400	-85	197709	14283	-79	197716	
18700	22551	-976	29638	-87	197756	18954	-82	197732	23437	-85	197739	14358	-80	197746	
18675	22501	-1662	29638	-87	197756	18954	-82	197764	23437	-85	197770	14321	-79	197777	
18664	22594	-905	29638	-87	197786	18916	-82	197793	23437	-85	197800	14321	-80	197807	
18600	22606	-1174	29638	-87	197847	18879	-82	197824	23437	-85	197831	14321	-79	197837	
18498	22409	-2282	29638	-87	197847	18954	-82	197854	23475	-85	197861	14283	-79	197868	
18632	22531	-880	29638	-87	197907	18916	-82	197884	23437	-85	197890	14283	-79	197897	
18460	22392	-2433	29638	-87	197907	18916	-82	197914	23475	-86	197921	14283	-79	197927	
18690	22515	-1071	29600	-86	197936	18916	-82	197944	23437	-85	197950	14321	-80	197957	
18498	22409	-2282	29638	-86	197967	18954	-82	197974	23475	-85	197981	14283	-79	197988	
18681	22569	-737	29638	-86	197996	18954	-82	198004	23437	-85	198011	14283	-80	198017	
18460	22392	-2433	29675	-87	198056	18916	-82	198033	23475	-86	198040	14283	-79	198047	
18662	22586	-1004	29675	-86	198086	18954	-82	198063	23437	-86	198070	14283	-80	198077	
18713	22599	-751	29600	-87	198116	18916	-82	198093	23475	-85	198100	14321	-80	198107	
18689	22514	-835	29600	-87	198147	18954	-82	198124	23437	-85	198130	14283	-79	198137	
Err	Err	Err	29600	-87	198147	18954	-82	198124	23437	-85	198161	14283	-80	198168	
18716	22533	-1115	29638	-86	198176	18954	-81	198183	23475	-85	198190	14321	-80	198196	
18669	22620	-1094	29713	-86	198206	18954	-82	198213	23475	-85	198220	14321	-79	198227	
18756	22559	-892	29713	-86	198236	18982	-81	198243	23536	-85	198250	14283	-80	198256	
18615	22483	-1793	29675	-87	198294	18982	-81	198271	23498	-85	198278	14321	-79	198285	
18690	22563	-1403	29675	-87	198294	18945	-82	198301	23536	-85	198307	14283	-80	198314	
18562	22493	-1800	29675	-86	198325	18945	-81	198332	23536	-85	198339	14245	-79	198345	
18722	22559	-1319	29675	-86	198355	18982	-82	198363	23498	-85	198370	14283	-79	198377	
18456	22392	-2552	29638	-86	198386	18945	-81	198392	23498	-86	198399	14321	-80	198406	
10365	16285	-11605	29638	-86	198386	18982	-82	198423	23536	-85	198430	14245	-79	198436	
18685	22596	-1441	29713	-86	198479	18982	-82	198456	23536	-84	198463	14321	-79	198470	
18580	22529	-1801	29713	-86	198479	18945	-81	198486	23536	-85	198492	14283	-80	198499	
18577	22478	-1995	29675	-86	198508	18982	-81	198514	23536	-85	198523	14283	-80	198529	
18729	22544	-806	29638	-86	198538	18982	-81	198545	23498	-85	198553	14283	-80	198559	
18501	22418	-2448	29638	-86	198598	18982	-82	198576	23498	-85	198583	14321	-79	198589	
18681	22608	-1039	29675	-85	198628	19020	-82	198605	23536	-85	198613	14321	-79	198619	
18698	22541	-1442	29675	-86	198658	18945	-82	198635	23498	-85	198642	14283	-80	198649	
18722	22559	-1319	29638	-86	198688	18982	-81	198665	23498	-86	198673	14283	-79	198679	
18467	22474	-2328	29638	-86	198718	18982	-82	198695	23573	-85	198702	14321	-79	198709	
18668	22609	-1107	29675	-86	198748	18982	-81	198725	23498	-85	198732	14358	-79	198738	
18568	22443	-1933	29675	-86	198778	18954	-82	198754	23470	-86	198762	14255	-79	198769	
18566	22472	-1809	29638	-86	198807	18916	-81	198785	23465	-85	198791	14255	-79	198798	
18499	22378	-2373	29675	-85	198838	18954	-81	198814	23470	-86	198822	14255	-79	198829	
18538	22388	-2377	29675	-85	198838	18991	-82	198844	23470	-86	198852	14292	-79	198859	
18482	22390	-2509	29638	-87	198897	18954	-81	198875	23503	-85	198881	14292	-79	198888	
18616	22573	-1474	29638	-86	198928	18916	-82	198904	23508	-85	198912	14292	-79	198919	
18512	22430	-2276	29638	-86	198928	18954	-82	198935	23508	-86	198942	14292	-79	198948	
18617	22632	-1217	29638	-87	198988	18916	-81	198964	23508	-84	198972	14330	-79	198979	
18438	22415	-2340	29675	-87	199017	18916	-81	198995	23508	-85	199002	14255	-79	199008	
18570	22469	-2149	29675	-87	199046	18954	-81	199024	23508	-85	199031	14367	-79	199037	
18675	22607	-777	29675	-87	199076	18954	-82	199053	23470	-85	199060	14292	-79	199066	
18586	22547	-1421	29638	-87	199105	18916	-81	199082	23508	-85	199089	14255	-79	199096	
18677	22540	-1255	29675	-87	199134	18954	-82	199112	23508	-85	199118	14255	-80	199125	
18544	22452	-2256	29675	-87	199134	18954	-81	199141	23503	-86	199148	14330	-80	199154	
18616	22629	-985	29600	-87	199195	18916	-81	199172	23545	-85	199178	14255	-80	199185	
18411	22370	-2625	29600	-87	199224	18954	-81	199202	23465	-85	199208	14292	-79	199215	
18422	22403	-2437	29675	-88	199253	18916	-81	199231	23508	-85	199237	14255	-79	199244	
18700	22577	-1268	29675	-88	199253	18954	-82	199261	23508	-85	199268	14283	-79	199275	
18670	22571	-1582	29675	-86	199284	18954	-81	199291	23508	-85	199298	14358	-79	199305	
18402	22434	-2432	29638	-88	199342	18916	-82	199320	23545	-84	199327	14283	-79	199334	
18537	22473	-1901	29600	-88	199373	18916	-81	199349	23508	-85	199356	14283	-79	199363	
18478	22403	-2439	29600	-88	199373	18916	-81	199380	23470	-85	199387	14321	-80	199394	
18537	22427	-2166	29638	-87	199431	18954	-82	199409	23470	-85	199416	14283	-79	199423	
18537	22473	-1901	29638	-87	199431	18916	-82	199438	23508	-85	199445	14283	-80	199452	
18537	22465	-2204	29675	-87	199490	18954	-82	199468	23508	-84	199474	14321	-79	199481	
18698	22545	-1257	29675	-87	199490	18954	-82	199497	23465	-84	199503	14321	-79	199510	
18656	22519	-1459	29638	-87	199549	18954	-81	199526	23465	-84	199533	14245	-80	199540	
18519	22485	-2136	29638	-87	199578	18916	-82	199556	23541	-84	199562	14358	-79	199570	
18638	22546	-1702	29600	-87	199607	18916	-81	199585	23508	-85	199592	14321	-79	199598	
18625	22528	-1635	29638	-87	199637	18916	-82	199614	23508	-85	199621	14283	-79	199628	
18659	22541	-1402	29638	-87	199666	18916	-82	199644	23508	-85	199651	14245	-79	199657	
18411	22428	-2570	29638	-87	199666	18916	-82	199673	23503	-85	199680	14321	-79	199686	
10775	16575	-11548	29638	-87	199729	18954	-82	199702	23503	-85	199709	14358	-79	199716	
18653	22601	-837	29638	-87	199729	18916	-82	199736	23465	-85	199743	14321	-79	199749	
18637	22564	-1752	29638	-87	199759	18954	-81	199766	23508	-85	199773	14358	-79	199779	
18679	22546	-1447	29638	-87	199818	18954	-82	199795	23503	-85	199802	14283	-79	199809	
18492	22434	-2274	29638	-87	199818	18954	-82	199825	23508	-85	199832	14283	-79	199839	
18622	22644	-872	29675	-87	199877	18916	-81	199854	23541	-84	199861	14321	-79	199868	
18537	22465	-2204	29675	-87	199877	18954	-81	199884	23508	-85	199891	14321	-79	199898	
18449	22431	-2538	29600	-87	199935	18954	-82	199913	23545	-85	199919	14358	-79	199926	
18585	22572	-1697	29638	-87	199965	18916	-81	199942	23508	-85	199949	14321	-79	199956	
18492	22434	-2274	29638	-87	199994	18954	-81	199972	23508	-84	199979	14283	-79	199985	
18411	22428	-2570	29675	-87	200023	18916	-81	200001	23503	-85	200008	14321	-79	200014	
18700	22577	-1268	29600	-87	200052	18954	-81	200030	23508	-85	200036	14283	-79	200043	
18654	22533	-1336	29638	-87	200081	18954	-81	200059	23508	-85	200066	14283	-79	200073	
18638	22546	-1702	29638	-87	200081	18916	-82	200089	23508	-85	200095	14321	-79	200102	
18644	22589	-1455	29638	-87	200111	18916	-82	200118	23583	-84	200125	14283	-79	200132	
18637	22628	-1410	29638	-87	200171	18954	-81	200148	23545	-85	200155	14321	-79	200162	
18687	22533	-1534	29600	-87	200200	18954	-82	200178	23545	-85	200185	14283	-79	200191	
18622	22541	-1612	29638	-87	200230	18916	-81	200207	23503	-85	200214	14283	-79	200220	
18533	22497	-1854	29629	-87	200259	18916	-82	200237	23541	-84	200243	14283	-79	200250	
18618	22588	-1610	29666	-87	200289	18916	-82	200266	23541	-84	200273	14321	-79	200280	
18495	22440	-2241	29666	-87	200319	18991	-81	200296	23508	-85	200303	14283	-79	200310	
18508	22514	-2136	29666	-87	200348	18916	-81	200326	23578	-85	200332	14321	-79	200339	
18712	22536	-1405	29629	-87	200377	18954	-81	200355	23508	-85	200362	14283	-79	200368	
18634	22545	-1686	29629	-87	200407	18916	-81	200384	23508	-85	200391	14321	-79	200398	
18515	22426	-2155	29629	-87	200407	18954	-82	200414	23508	-84	200421	14245	-79	200428	
18516	22449	-2370	29704	-87	200437	18954	-82	200444	23541	-85	200451	14321	-80	200458	
18436	22459	-2340	29591	-87	200496	18916	-81	200474	23541	-85	200480	14283	-80	200488	
18526	22532	-1632	29591	-87	200496	18916	-82	200503	23578	-85	200510	14245	-79	200516	
18681	22562	-1405	29629	-87	200554	18916	-81	200532	23545	-85	200539	14283	-79	200545	
18626	22599	-1256	29629	-87	200584	18954	-82	200561	23508	-85	200568	14321	-79	200575	
18640	22593	-1347	29704	-86	200614	18954	-82	200591	23583	-84	200598	14283	-79	200605	
18721	22590	-915	29666	-86	200645	18916	-81	200621	23503	-85	200628	14321	-80	200635	
18571	22473	-2016	29666	-86	200645	18954	-81	200651	23508	-85	200658	14321	-79	200665	
18659	22590	-1218	29666	-87	200674	18954	-82	200680	23503	-85	200687	14245	-79	200694	
18408	22449	-2378	29629	-87	200703	18916	-81	200710	23503	-85	200718	14283	-79	200725	
18712	22536	-1405	29666	-87	200734	18954	-81	200741	23508	-85	200748	14283	-80	200754	
18728	22539	-1331	29629	-87	200794	18991	-82	200770	23508	-85	200779	14321	-79	200786	
18626	22599	-1256	29629	-87	200794	18954	-82	200801	23508	-85	200808	14321	-79	200815	
18685	22563	-1028	29591	-87	200824	18954	-81	200831	23545	-85	200838	14321	-80	200844	
18548	22474	-1974	29666	-87	200854	18916	-81	200861	23470	-85	200868	14283	-79	200875	
18679	22592	-1331	29666	-86	200883	18954	-81	200890	23545	-85	200897	14283	-79	200904	
18681	22562	-1405	29591	-87	200944	18916	-82	200920	23545	-85	200928	14283	-79	200935	
18467	22437	-2373	29704	-86	200973	18916	-81	200951	23503	-85	200958	14321	-79	200965	
18580	22444	-2155	29704	-86	200973	18991	-82	200980	23508	-85	200987	14283	-79	200994	
18560	22534	-1505	29629	-87	201002	18916	-81	201009	23541	-84	201016	14283	-79	201023	
18549	22469	-2019	29629	-87	201031	18954	-81	201038	23508	-85	201045	14283	-79	201052	
18626	22508	-1803	29666	-87	201090	18954	-82	201068	23470	-85	201075	14321	-79	201081	
18642	22614	-800	29629	-87	201120	18916	-81	201097	23503	-84	201104	14321	-79	201110	
18626	22599	-1256	29629	-87	201120	18954	-82	201128	23508	-84	201134	14321	-79	201141	
18740	22548	-1490	29704	-86	201150	18991	-81	201158	23503	-84	201165	14321	-79	201171	
18694	22561	-1019	29666	-87	201180	18954	-81	201187	23503	-84	201194	14283	-79	201201	
18679	22592	-1331	29629	-88	201240	18954	-81	201217	23545	-85	201224	14283	-79	201231	
18461	22449	-2305	29600	-87	201270	18916	-81	201247	23545	-84	201254	14283	-79	201260	
18681	22531	-1239	29638	-86	201301	18916	-82	201277	23465	-84	201284	14358	-79	201291	
18492	22434	-2274	29675	-86	201330	18954	-81	201307	23508	-84	201314	14283	-79	201321	
18700	22577	-1268	29675	-86	201330	18954	-81	201337	23508	-85	201343	14283	-79	201350	
18400	22365	-2628	29563	-88	201360	18954	-82	201367	23508	-85	201374	14283	-79	201381	
18431	22349	-2753	29638	-88	201419	18954	-81	201396	23503	-85	201403	14321	-79	201410	
18643	22587	-1080	29638	-88	201450	18954	-82	201427	23465	-84	201434	14283	-79	201441	
18755	22537	-933	29600	-88	201480	18991	-81	201457	23470	-84	201464	14321	-79	201471	
18525	22516	-1843	29600	-88	201480	18879	-81	201487	23545	-85	201494	14321	-79	201501	
18707	22564	-910	29675	-86	201540	18954	-82	201517	23508	-85	201524	14321	-79	201530	
18707	22608	-800	29675	-87	201570	18954	-81	201547	23470	-84	201554	14358	-79	201560	
18537	22465	-2204	29638	-88	201598	18954	-81	201577	23508	-84	201583	14321	-79	201590	
18633	22585	-787	29638	-87	201630	18916	-81	201607	23465	-85	201614	14283	-79	201620	
18537	22427	-2166	29675	-87	201658	18954	-82	201637	23470	-85	201643	14283	-79	201650	
18697	22547	-1599	29638	-88	201689	18991	-81	201666	23465	-85	201673	14321	-79	201680	
18454	22349	-2804	29638	-88	201689	18954	-82	201696	23465	-85	201702	14358	-79	201709	
18537	22427	-2166	29638	-87	201748	18954	-81	201726	23470	-85	201733	14283	-79	201740	
18633	22585	-787	29638	-87	201780	18916	-82	201757	23465	-85	201763	14283	-79	201770	
18694	22567	-1053	29638	-87	201780	18945	-81	201786	23536	-84	201793	14311	-79	201800	
18558	22565	-1566	29638	-87	201810	18907	-82	201816	23536	-85	201823	14311	-79	201830	
18641	22552	-1770	29638	-87	201839	18945	-82	201846	23498	-85	201852	14349	-79	201859	
18547	22514	-2105	29638	-87	201899	18982	-82	201877	23611	-85	201883	14349	-79	201890	
18558	22565	-1566	29638	-87	201899	18907	-82	201906	23536	-85	201913	14311	-80	201919	
18723	22590	-1170	29638	-87	201958	18945	-82	201935	23536	-85	201942	14386	-79	201949	
18707	22592	-918	29675	-87	201989	18945	-82	201966	23536	-85	201973	14349	-79	201980	
18585	22500	-1740	29675	-85	202018	18945	-81	201996	23498	-85	202003	14311	-79	202010	
18627	22634	-1301	29638	-87	202048	18945	-82	202025	23536	-85	202032	14349	-79	202038	
18547	22514	-2105	29638	-87	202048	18982	-81	202055	23611	-85	202061	14349	-79	202068	
18723	22590	-1170	29638	-87	202107	18945	-81	202084	23536	-85	202090	14386	-79	202097	
18624	22594	-1269	29675	-85	202137	18945	-81	202114	23498	-86	202121	14311	-79	202128	
18723	22590	-1170	29675	-85	202137	18945	-81	202144	23536	-86	202151	14386	-79	202158	
18409	22337	-3040	29638	-86	202197	18945	-81	202175	23498	-85	202181	14386	-79	202188	
18398	22412	-2744	29638	-86	202197	18907	-81	202203	23536	-85	202210	14349	-79	202217	
18398	22412	-2744	29638	-87	202255	18907	-81	202233	23536	-85	202239	14349	-80	202246	
18707	22592	-918	29638	-87	202255	18945	-81	202262	23536	-85	202268	14349	-80	202275	
18620	22607	-1253	29600	-86	202316	18945	-81	202322	23508	-86	202299	14321	-80	202306	
18460	22374	-2544	29600	-86	202316	18945	-81	202322	23508	-85	202329	14283	-80	202336	
18602	22571	-942	29675	-86	202376	18907	-81	202352	23465	-85	202359	14283	-79	202365	
18621	22657	-882	29638	-87	202406	18907	-81	202382	23545	-85	202389	14321	-80	202396	
18607	22610	-962	29638	-87	202406	18907	-81	202413	23508	-85	202419	14321	-79	202426	
18711	22568	-1035	29600	-86	202466	18945	-81	202443	23508	-84	202450	14358	-79	202456	
18633	22565	-798	29600	-86	202496	18907	-81	202473	23503	-85	202480	14283	-79	202486	
18384	22434	-2546	29638	-86	202526	18907	-81	202504	23508	-84	202510	14321	-80	202517	
18615	22630	-728	29600	-85	202556	18907	-81	202533	23545	-84	202539	14283	-80	202546	
18637	22513	-1652	29600	-86	202586	18907	-81	202563	23508	-85	202570	14283	-80	202576	
18615	22578	-1141	29600	-86	202586	18945	-81	202593	23470	-85	202599	14283	-80	202606	
18666	22579	-718	29638	-85	202646	18870	-81	202623	23465	-86	202630	14283	-80	202636	
18606	22608	-787	29638	-86	202676	18870	-81	202654	23470	-86	202660	14283	-80	202667	
18381	22395	-2626	29600	-87	202706	18870	-81	202684	23503	-85	202690	14283	-80	202697	
18609	22585	-978	29563	-87	202736	18832	-81	202713	23508	-86	202720	14321	-80	202726	
18383	22379	-2508	29563	-87	202736	18870	-81	202743	23508	-86	202750	14245	-80	202757	
18611	22527	-1785	29629	-87	202795	18907	-81	202772	23503	-85	202779	14321	-80	202786	
18557	22655	-937	29629	-87	202825	18841	-80	202802	23545	-86	202808	14321	-80	202815	
18429	22432	-2446	29629	-87	202854	18879	-80	202832	23508	-86	202838	14321	-80	202845	
18332	22458	-2585	29629	-87	202854	18841	-80	202861	23508	-87	202868	14321	-80	202875	
18660	22611	-821	29666	-85	202884	18879	-80	202891	23541	-86	202897	14321	-80	202904	
18331	22429	-2599	29629	-86	202914	18804	-80	202921	23508	-86	202928	14283	-80	202935	
18673	22601	-799	29666	-86	202944	18879	-81	202951	23508	-86	202957	14321	-80	202964	
18673	22601	-799	29666	-86	202974	18879	-81	202981	23508	-86	202988	14321	-80	202994	
18581	22662	-741	29704	-86	203035	18841	-81	203011	23583	-86	203018	14321	-80	203025	
18567	22690	-929	29741	-86	203065	18804	-81	203042	23508	-86	203049	14321	-80	203056	
18508	22535	-1958	29666	-85	203096	18804	-81	203073	23508	-86	203080	14321	-80	203087	
18612	22636	-785	29666	-85	203096	18804	-82	203103	23545	-85	203110	14321	-80	203116	
18547	22664	-924	29666	-86	203156	18804	-82	203133	23508	-86	203140	14321	-80	203147	
18383	22550	-2166	29666	-86	203156	18729	-82	203163	23583	-86	203170	14321	-80	203177	
18553	22648	-744	29666	-86	203216	18729	-83	203193	23545	-85	203200	14283	-80	203206	
18541	22650	-691	29666	-86	203216	18729	-82	203223	23541	-86	203230	14283	-80	203237	
18526	22671	-1256	29666	-86	203275	18766	-82	203253	23616	-85	203260	14245	-80	203267	
18617	22618	-956	29666	-86	203275	18804	-83	203283	23508	-85	203290	14358	-80	203297	
18559	22624	-923	29572	-87	203307	18794	-83	203313	23512	-85	203320	14321	-80	203327	
18534	22618	-808	29647	-86	203366	18794	-83	203343	23512	-85	203350	14283	-80	203357	
18440	22530	-1961	29722	-86	203395	18794	-82	203373	23512	-86	203380	14283	-80	203387	
18516	22554	-1655	29572	-87	203425	18832	-82	203402	23550	-85	203409	14245	-80	203416	
18546	22582	-925	29685	-86	203456	18832	-82	203433	23475	-86	203440	14283	-80	203447	
18612	22592	-738	29647	-87	203486	18757	-82	203463	23437	-86	203470	14283	-80	203477	
18489	22501	-1864	29647	-87	203486	18832	-82	203493	23512	-86	203500	14283	-80	203507	
18462	22559	-1576	29610	-86	203545	18832	-82	203523	23512	-86	203530	14245	-80	203537	
18579	22604	-935	29610	-86	203545	18870	-82	203552	23475	-86	203559	14283	-80	203566	
18423	22467	-2209	29685	-86	203605	18832	-82	203583	23550	-86	203589	14245	-80	203596	
18547	22448	-2009	29685	-86	203605	18870	-82	203613	23437	-86	203619	14321	-80	203626	
18609	22607	-896	29572	-87	203666	18870	-82	203642	23437	-87	203648	14283	-80	203655	
18647	22481	-1365	29572	-87	203666	18907	-81	203673	23475	-86	203679	14208	-80	203686	
18460	22422	-2388	29610	-87	203695	18907	-81	203702	23512	-85	203709	14283	-80	203715	
18485	22419	-2179	29610	-87	203725	18907	-81	203733	23437	-86	203739	14245	-81	203746	
18681	22544	-1088	29610	-86	203754	18907	-81	203762	23475	-86	203769	14321	-80	203776	
18669	22565	-1025	29647	-85	203815	18870	-81	203792	23475	-86	203799	14321	-80	203806	
18601	22609	-1438	29685	-86	203845	18879	-81	203822	23545	-86	203829	14283	-80	203836	
18654	22604	-773	29685	-86	203845	18841	-81	203852	23508	-86	203859	14283	-80	203865	
18404	22394	-2701	29610	-87	203905	18879	-81	203882	23508	-86	203889	14321	-80	203896	
18320	22432	-2699	29610	-87	203905	18841	-82	203912	23545	-85	203919	14321	-80	203926	
18576	22571	-1863	29610	-86	203934	18879	-81	203941	23545	-85	203948	14358	-80	203955	
18644	22563	-1330	29647	-86	203964	18879	-81	203972	23545	-85	203979	14245	-80	203986	
18459	22450	-2242	29610	-87	204024	18879	-81	204002	23508	-87	204009	14283	-80	204015	
18616	22578	-840	29610	-87	204055	18841	-81	204032	23508	-85	204039	14283	-80	204046	
18407	22473	-2394	29610	-87	204085	18841	-81	204062	23503	-86	204069	14321	-80	204076	
18706	22549	-1197	29647	-87	204114	18954	-81	204091	23508	-85	204098	14358	-80	204105	
18539	22506	-2037	29647	-87	204114	18954	-81	204122	23545	-85	204128	14321	-80	204135	
18459	22450	-2242	29610	-87	204144	18879	-81	204151	23508	-86	204157	14283	-80	204164	
18667	22569	-945	29610	-87	204205	18879	-82	204182	23470	-86	204188	14321	-80	204195	
18641	22559	-1091	29610	-87	204234	18841	-81	204211	23470	-86	204218	14321	-80	204225	
18370	22497	-2360	29610	-87	204234	18766	-82	204241	23508	-87	204248	14321	-80	204254	
18594	22582	-936	29572	-86	204263	18916	-82	204272	23508	-86	204279	14283	-80	204286	
18513	22466	-2016	29610	-87	204295	18879	-82	204302	23503	-87	204309	14321	-80	204315	
18474	22551	-2024	29704	-86	204324	18879	-81	204332	23573	-85	204338	14321	-80	204345	
18673	22585	-777	29666	-86	204354	18879	-81	204360	23498	-85	204367	14283	-80	204374	
18427	22469	-2438	29666	-85	204384	18841	-82	204391	23536	-86	204397	14321	-80	204404	
18349	22407	-2731	29704	-86	204443	18804	-82	204421	23498	-87	204428	14321	-80	204435	
18599	22610	-1445	29704	-86	204443	18804	-82	204450	23536	-86	204457	14283	-80	204464	
18460	22442	-2387	29666	-87	204473	18879	-83	204481	23498	-86	204488	14321	-80	204495	
18654	22601	-738	29666	-86	204504	18841	-82	204510	23498	-86	204517	14283	-80	204524	
18567	22619	-1038	29666	-87	204534	18804	-82	204540	23536	-86	204547	14245	-80	204554	
18403	22519	-2280	29666	-87	204593	18841	-83	204571	23573	-86	204577	14321	-80	204584	
18402	22439	-2505	29666	-85	204623	18841	-83	204600	23536	-86	204607	14283	-80	204613	
18548	22688	-702	29666	-85	204623	18729	-83	204630	23536	-86	204637	14321	-80	204643	
18353	22487	-2375	29629	-86	204653	18804	-83	204660	23536	-86	204666	14283	-80	204673	
18365	22400	-2659	29666	-85	204682	18804	-83	204689	23498	-86	204695	14283	-80	204702	
18472	22578	-2047	29666	-86	204740	18804	-83	204718	23573	-86	204725	14321	-80	204731	
18654	22601	-738	29666	-86	204771	18841	-83	204747	23498	-86	204754	14283	-80	204761	
Percentuale di fallimenti nel positioning: 22.6%