Distanza: 10000.0
X [mm]	Y [mm]	Z [mm]	A0 	 RSS 	 Time 	 A1 	 RSS 	 Time 	 A2 	 RSS 	 Time 	 A3 	 RSS 	 Time 	 
0	0	0	1522	-81	716024	0	0	1705985	1887	-78	716046	2084	-81	716060	
0	0	0	1494	-81	716085	0	0	1705985	1986	-78	716106	2122	-81	716120	
0	0	0	1433	-81	716144	0	0	1705985	1981	-78	716165	2052	-81	716179	
0	0	0	1433	-81	716203	0	0	1705985	1897	-78	716224	2070	-81	716238	
0	0	0	1475	-81	716263	0	0	1705985	1869	-79	716284	2084	-81	716298	
0	0	0	1499	-81	716322	0	0	1705985	2000	-79	716344	2075	-81	716358	
0	0	0	1695	-81	716385	0	0	1705985	1855	-79	716406	2136	-81	716420	
0	0	0	1615	-81	716444	0	0	1705985	1920	-79	716466	2108	-81	716480	
Err	Err	Err	1560	-81	716506	0	0	1705985	1831	-79	716527	2108	-81	716480	
0	0	0	1620	-81	716556	0	0	1705985	1911	-78	716578	2131	-81	716591	
0	0	0	1751	-81	716616	0	0	1705985	1775	-78	716637	2103	-81	716651	
0	0	0	1723	-81	716677	0	0	1705985	1780	-79	716698	2122	-81	716712	
Err	Err	Err	1602	-81	716739	0	0	1705985	1780	-79	716698	2094	-81	716767	
0	0	0	1606	-81	716790	0	0	1705985	1836	-78	716811	2103	-81	716825	
0	0	0	1597	-81	716850	0	0	1705985	1836	-78	716871	2108	-81	716885	
0	0	0	1602	-81	716914	0	0	1705985	1855	-78	716935	2122	-81	716949	
0	0	0	1606	-81	716974	0	0	1705985	1798	-78	716995	2145	-81	717009	
0	0	0	1597	-81	717034	0	0	1705985	1831	-78	717055	2103	-80	717069	
0	0	0	1620	-81	717093	0	0	1705985	1845	-78	717115	2080	-81	717129	
0	0	0	1611	-81	717153	0	0	1705985	1855	-79	717175	2122	-81	717189	
0	0	0	1601	-81	717214	0	0	1705985	1841	-79	717235	2094	-81	717249	
0	0	0	1653	-81	717276	0	0	1705985	1798	-78	717298	2094	-81	717312	
0	0	0	1588	-81	717339	0	0	1705985	1822	-78	717361	2094	-81	717375	
0	0	0	1597	-81	717399	0	0	1705985	1827	-78	717421	2127	-81	717435	
0	0	0	1630	-81	717462	0	0	1705985	1836	-79	717483	2084	-80	717497	
0	0	0	1597	-81	717526	0	0	1705985	1817	-78	717548	2075	-81	717562	
0	0	0	1583	-81	717589	0	0	1705985	1808	-78	717610	2127	-81	717624	
0	0	0	1597	-81	717649	0	0	1705985	1780	-78	717670	2141	-81	717684	
0	0	0	1588	-81	717710	0	0	1705985	1812	-78	717731	2131	-81	717745	
0	0	0	1579	-81	717771	0	0	1705985	1859	-78	717792	2117	-81	717807	
0	0	0	1541	-81	717833	0	0	1705985	1803	-78	717854	2066	-80	717868	
0	0	0	1569	-81	717893	0	0	1705985	1831	-78	717914	2113	-81	717928	
0	0	0	1546	-81	717952	0	0	1705985	1859	-78	717974	2052	-81	717988	
0	0	0	1574	-81	718015	0	0	1705985	1822	-78	718036	2122	-81	718050	
0	0	0	1513	-81	718076	0	0	1705985	1798	-78	718098	2103	-81	718112	
0	0	0	1593	-81	718141	0	0	1705985	1780	-78	718163	2150	-81	718177	
Err	Err	Err	1593	-81	718141	0	0	1705985	1869	-78	718218	2145	-80	718232	
0	0	0	1564	-81	718255	0	0	1705985	1855	-79	718276	2075	-81	718290	
0	0	0	1579	-81	718319	0	0	1705985	1831	-78	718340	2108	-80	718355	
0	0	0	1588	-81	718385	0	0	1705985	1855	-78	718406	2113	-81	718420	
0	0	0	1579	-81	718448	0	0	1705985	1780	-78	718469	2099	-81	718483	
0	0	0	1546	-81	718509	0	0	1705985	1827	-78	718530	2108	-81	718545	
0	0	0	1541	-81	718572	0	0	1705985	1808	-78	718595	2066	-81	718608	
0	0	0	1569	-81	718635	0	0	1705985	1887	-79	718656	2117	-80	718670	
0	0	0	1546	-81	718698	0	0	1705985	1780	-78	718719	2103	-81	718733	
0	0	0	1541	-81	718759	0	0	1705985	1794	-79	718782	2084	-80	718796	
0	0	0	1532	-81	718822	0	0	1705985	1827	-78	718844	2103	-80	718858	
0	0	0	1593	-81	718885	0	0	1705985	1812	-78	718907	2117	-81	718921	
0	0	0	1541	-81	718947	0	0	1705985	1831	-78	718968	2084	-81	718982	
0	0	0	1555	-81	719009	0	0	1705985	1831	-79	719032	2127	-80	719046	
0	0	0	1541	-81	719071	0	0	1705985	1794	-78	719094	2117	-81	719107	
0	0	0	1550	-81	719133	0	0	1705985	1775	-78	719154	2113	-81	719168	
0	0	0	1555	-81	719197	0	0	1705985	1812	-79	719218	2108	-80	719232	
0	0	0	1541	-81	719258	0	0	1705985	1756	-79	719281	2127	-81	719295	
0	0	0	1550	-81	719321	0	0	1705985	1766	-79	719343	2117	-80	719357	
0	0	0	1513	-81	719383	0	0	1705985	1756	-79	719404	2150	-81	719418	
0	0	0	1541	-81	719447	0	0	1705985	1798	-79	719468	2108	-81	719483	
0	0	0	1560	-81	719510	0	0	1705985	1770	-79	719531	2136	-81	719545	
0	0	0	1550	-81	719573	0	0	1705985	1737	-79	719594	2108	-81	719608	
0	0	0	1541	-81	719636	0	0	1705985	1789	-78	719657	2113	-81	719671	
0	0	0	1560	-81	719698	0	0	1705985	1719	-79	719719	2113	-81	719733	
0	0	0	1569	-81	719760	0	0	1705985	1728	-79	719781	2141	-81	719795	
0	0	0	1546	-81	719823	0	0	1705985	1784	-79	719844	2103	-81	719858	
0	0	0	1536	-81	719883	0	0	1705985	1780	-79	719905	2122	-81	719919	
0	0	0	1550	-81	719944	0	0	1705985	1798	-79	719966	2089	-81	719980	
0	0	0	1550	-81	720007	0	0	1705985	1789	-79	720028	2103	-81	720042	
0	0	0	1597	-81	720067	0	0	1705985	1723	-79	720088	2131	-81	720102	
0	0	0	1620	-81	720129	0	0	1705985	1794	-79	720150	2108	-81	720164	
0	0	0	1564	-81	720190	0	0	1705985	1770	-78	720211	2141	-81	720225	
0	0	0	1602	-81	720251	0	0	1705985	1770	-79	720273	2099	-81	720287	
0	0	0	1601	-81	720313	0	0	1705985	1719	-79	720334	2080	-81	720348	
0	0	0	1564	-81	720376	0	0	1705985	1812	-79	720397	2089	-81	720411	
0	0	0	1536	-81	720437	0	0	1705985	1822	-78	720458	2122	-81	720472	
0	0	0	1583	-81	720499	0	0	1705985	1737	-79	720520	2127	-81	720534	
0	0	0	1550	-81	720560	0	0	1705985	1836	-79	720581	2141	-81	720595	
0	0	0	1569	-81	720623	0	0	1705985	1831	-78	720644	2145	-82	720658	
0	0	0	1574	-81	720684	0	0	1705985	1841	-78	720705	2127	-82	720719	
0	0	0	1602	-81	720746	0	0	1705985	1855	-78	720767	2122	-82	720781	
Err	Err	Err	1602	-81	720746	0	0	1705985	1789	-78	720823	2094	-82	720837	
0	0	0	1489	-81	720860	0	0	1705985	1812	-78	720881	2084	-82	720895	
0	0	0	1508	-81	720922	0	0	1705985	1925	-78	720943	2019	-82	720957	
0	0	0	1541	-81	720984	0	0	1705985	1878	-78	721005	2042	-82	721019	
0	0	0	1583	-81	721046	0	0	1705985	2047	-78	721068	2141	-82	721082	
0	0	0	1499	-81	721111	0	0	1705985	1925	-78	721132	2291	-81	721146	
0	0	0	1405	-81	721174	0	0	1705985	1972	-78	721196	2272	-80	721210	
0	0	0	1400	-81	721236	0	0	1705985	1916	-78	721257	2249	-80	721271	
0	0	0	1424	-82	721298	0	0	1705985	1958	-79	721319	2281	-80	721333	
0	0	0	1438	-82	721360	0	0	1705985	1953	-79	721382	2239	-79	721396	
0	0	0	1508	-82	721423	0	0	1705985	2379	-79	721444	2244	-79	721458	
0	0	0	1485	-81	721486	0	0	1705985	1911	-78	721507	2239	-79	721521	
0	0	0	1503	-82	721548	0	0	1705985	2038	-79	721569	2253	-79	721583	
0	0	0	1489	-81	721611	0	0	1705985	2056	-78	721632	2235	-79	721646	
0	0	0	1527	-82	721673	0	0	1705985	1958	-79	721695	2239	-79	721709	
0	0	0	1471	-82	721738	0	0	1705985	1963	-79	721759	2253	-79	721773	
0	0	0	1518	-82	721799	0	0	1705985	1836	-79	721820	2263	-80	721834	
0	0	0	1457	-82	721861	0	0	1705985	1827	-79	721883	2263	-79	721898	
0	0	0	1428	-82	721925	0	0	1705985	1784	-78	721946	2235	-80	721960	
0	0	0	1499	-82	721988	0	0	1705985	1948	-79	722009	2202	-80	722023	
0	0	0	1471	-82	722053	0	0	1705985	1812	-78	722074	2272	-80	722088	
0	0	0	1461	-82	722115	0	0	1705985	1836	-79	722138	2272	-80	722151	
0	0	0	1461	-82	722177	0	0	1705985	1845	-78	722199	2258	-80	722213	
0	0	0	1485	-82	722240	0	0	1705985	1850	-79	722262	2253	-80	722276	
0	0	0	1410	-82	722302	0	0	1705985	2145	-78	722323	2258	-80	722337	
0	0	0	1386	-82	722363	0	0	1705985	1855	-78	722385	2230	-80	722399	
0	0	0	1414	-82	722424	0	0	1705985	1991	-78	722445	2263	-80	722459	
0	0	0	1367	-82	722487	0	0	1705985	1784	-78	722508	2314	-80	722522	
0	0	0	1386	-83	722551	0	0	1705985	1817	-78	722572	2253	-80	722587	
0	0	0	1391	-83	722613	0	0	1705985	1925	-78	722634	2188	-80	722648	
0	0	0	1396	-82	722675	0	0	1705985	1981	-78	722697	2272	-80	722711	
0	0	0	1410	-83	722741	0	0	1705985	1887	-79	722762	2258	-80	722776	
0	0	0	1410	-83	722803	0	0	1705985	1967	-78	722824	2230	-80	722838	
0	0	0	1433	-82	722866	0	0	1705985	1845	-78	722887	2230	-80	722901	
0	0	0	1414	-83	722929	0	0	1705985	1977	-79	722951	2291	-80	722965	
0	0	0	1452	-83	722992	0	0	1705985	1977	-79	723014	2249	-80	723028	
0	0	0	1419	-82	723054	0	0	1705985	1958	-78	723075	2305	-80	723089	
0	0	0	1443	-83	723117	0	0	1705985	1770	-78	723138	2263	-80	723152	
0	0	0	1424	-83	723179	0	0	1705985	1798	-78	723200	2239	-80	723214	
0	0	0	1410	-82	723241	0	0	1705985	1831	-79	723263	2263	-80	723277	
0	0	0	1461	-82	723306	0	0	1705985	1733	-79	723327	2206	-80	723341	
0	0	0	1414	-83	723369	0	0	1705985	1803	-79	723390	2267	-80	723405	
0	0	0	1405	-82	723432	0	0	1705985	1822	-78	723453	2277	-80	723467	
0	0	0	1414	-82	723488	0	0	1705985	1770	-79	723510	2258	-80	723524	
0	0	0	1410	-82	723559	0	0	1705985	1770	-79	723580	2258	-80	723595	
0	0	0	1391	-82	723617	0	0	1705985	1780	-79	723638	2221	-80	723652	
0	0	0	1382	-82	723678	0	0	1705985	1939	-79	723699	2253	-80	723713	
0	0	0	1419	-82	723740	0	0	1705985	1766	-79	723762	2267	-80	723776	
0	0	0	1396	-82	723801	0	0	1705985	1831	-78	723824	2235	-80	723838	
0	0	0	1386	-82	723865	0	0	1705985	1920	-79	723886	2244	-80	723900	
0	0	0	1400	-82	723926	0	0	1705985	1939	-78	723947	2239	-80	723961	
0	0	0	1438	-82	723989	0	0	1705985	1812	-78	724010	2225	-80	724024	
0	0	0	1438	-82	724050	0	0	1705985	1756	-79	724071	2258	-80	724085	
0	0	0	1447	-83	724112	0	0	1705985	2061	-79	724133	2235	-80	724147	
0	0	0	1433	-83	724173	0	0	1705985	1709	-78	724194	2253	-80	724208	
0	0	0	1433	-82	724235	0	0	1705985	1784	-79	724256	2253	-80	724270	
0	0	0	1475	-82	724297	0	0	1705985	1784	-79	724318	2258	-80	724332	
0	0	0	1457	-83	724359	0	0	1705985	2038	-79	724381	2239	-79	724395	
0	0	0	1485	-82	724423	0	0	1705985	1775	-79	724444	2221	-80	724458	
0	0	0	1485	-82	724486	0	0	1705985	1906	-79	724507	2244	-80	724521	
0	0	0	1499	-82	724550	0	0	1705985	2042	-79	724571	2221	-80	724585	
0	0	0	1522	-82	724606	0	0	1705985	1728	-79	724627	2244	-80	724641	
0	0	0	1518	-82	724672	0	0	1705985	1897	-78	724693	2202	-80	724707	
0	0	0	1489	-82	724734	0	0	1705985	1944	-79	724755	2249	-80	724769	
0	0	0	1503	-82	724806	0	0	1705985	1770	-78	724828	2230	-80	724842	
0	0	0	1452	-82	724865	0	0	1705985	1780	-79	724886	2225	-80	724900	
0	0	0	1480	-82	724928	0	0	1705985	1911	-79	724949	2230	-80	724963	
0	0	0	1489	-82	724989	0	0	1705985	1761	-78	725010	2230	-80	725024	
0	0	0	1457	-82	725052	0	0	1705985	1934	-79	725073	2244	-80	725087	
0	0	0	1461	-82	725113	0	0	1705985	1883	-78	725134	2197	-80	725148	
0	0	0	1489	-82	725173	0	0	1705985	2047	-78	725194	2225	-80	725208	
0	0	0	1494	-82	725236	0	0	1705985	1756	-79	725257	2249	-80	725271	
0	0	0	1471	-82	725298	0	0	1705985	1892	-79	725319	2235	-80	725333	
0	0	0	1461	-82	725360	0	0	1705985	2047	-79	725381	2249	-80	725395	
0	0	0	1433	-82	725421	0	0	1705985	1761	-79	725442	2249	-80	725456	
0	0	0	1443	-82	725483	0	0	1705985	1845	-78	725504	2230	-80	725518	
0	0	0	1461	-82	725546	0	0	1705985	1892	-79	725567	2221	-80	725581	
0	0	0	1466	-82	725610	0	0	1705985	1747	-79	725631	2216	-80	725645	
0	0	0	1428	-82	725673	0	0	1705985	1897	-79	725694	2225	-80	725708	
0	0	0	1489	-82	725736	0	0	1705985	1770	-79	725758	2202	-80	725772	
0	0	0	1466	-82	725799	0	0	1705985	1723	-79	725820	2216	-80	725834	
0	0	0	1428	-82	725861	0	0	1705985	1761	-79	725883	2244	-80	725897	
0	0	0	1480	-82	725924	0	0	1705985	1850	-79	725946	2244	-80	725960	
0	0	0	1428	-82	725988	0	0	1705985	1855	-79	726009	2225	-79	726023	
0	0	0	1443	-82	726049	0	0	1705985	1681	-79	726070	2221	-79	726084	
0	0	0	1499	-82	726111	0	0	1705985	1906	-78	726132	2258	-79	726146	
0	0	0	1475	-82	726174	0	0	1705985	2009	-79	726196	2235	-80	726210	
0	0	0	1569	-82	726236	0	0	1705985	1737	-79	726257	2239	-81	726271	
0	0	0	1546	-82	726296	0	0	1705985	1690	-79	726319	2253	-80	726332	
0	0	0	1550	-82	726359	0	0	1705985	1658	-79	726381	2249	-79	726395	
0	0	0	1625	-82	726422	0	0	1705985	1859	-79	726443	2225	-80	726457	
0	0	0	1428	-82	726483	0	0	1705985	1705	-78	726504	2221	-80	726518	
0	0	0	1443	-82	726544	0	0	1705985	1812	-79	726567	2244	-80	726581	
0	0	0	1447	-82	726609	0	0	1705985	1906	-78	726630	2281	-80	726644	
0	0	0	1508	-81	726674	0	0	1705985	1850	-78	726696	2272	-81	726710	
0	0	0	1518	-83	726738	0	0	1705985	1878	-78	726760	2277	-81	726774	
0	0	0	1527	-81	726802	0	0	1705985	1836	-78	726823	2277	-81	726837	
0	0	0	1499	-81	726865	0	0	1705985	1827	-78	726888	2253	-81	726902	
0	0	0	1419	-82	726928	0	0	1705985	1808	-78	726949	2258	-80	726963	
0	0	0	1532	-81	726990	0	0	1705985	1808	-79	727012	2174	-81	727026	
0	0	0	1607	-81	727054	0	0	1705985	1794	-78	727075	2249	-80	727089	
0	0	0	1555	-81	727119	0	0	1705985	1784	-78	727140	2169	-80	727154	
0	0	0	1564	-81	727182	0	0	1705985	1780	-78	727203	2192	-80	727217	
Err	Err	Err	1555	-81	727244	0	0	1705985	1780	-78	727203	2272	-80	727272	
0	0	0	1541	-81	727296	0	0	1705985	1775	-78	727317	2183	-81	727331	
0	0	0	1527	-81	727357	0	0	1705985	1780	-79	727379	2211	-80	727393	
0	0	0	1579	-82	727421	0	0	1705985	1766	-79	727442	2183	-81	727457	
0	0	0	1536	-82	727491	0	0	1705985	1794	-79	727512	2155	-80	727527	
Err	Err	Err	1532	-82	727552	0	0	1705985	1789	-78	727574	2155	-80	727527	
0	0	0	1508	-82	727603	0	0	1705985	1751	-79	727625	2131	-80	727639	
0	0	0	1513	-82	727664	0	0	1705985	1756	-79	727687	2235	-80	727700	
0	0	0	1503	-82	727723	0	0	1705985	1784	-79	727744	2178	-80	727758	
0	0	0	1508	-81	727783	0	0	1705985	1737	-79	727807	2178	-80	727820	
0	0	0	1522	-82	727847	0	0	1705985	1789	-79	727868	2178	-80	727882	
0	0	0	1522	-82	727909	0	0	1705985	1766	-79	727930	2164	-81	727944	
0	0	0	1503	-82	727971	0	0	1705985	1780	-78	727993	2164	-81	728007	
0	0	0	1518	-81	728033	0	0	1705985	1747	-79	728054	2197	-80	728068	
Err	Err	Err	1508	-82	728096	0	0	1705985	1747	-79	728054	2160	-80	728125	
0	0	0	1489	-81	728149	0	0	1705985	1784	-79	728170	2188	-80	728184	
0	0	0	1499	-81	728211	0	0	1705985	1775	-79	728233	2155	-81	728247	
0	0	0	1513	-82	728276	0	0	1705985	1747	-79	728297	2202	-81	728311	
0	0	0	1513	-82	728340	0	0	1705985	1789	-79	728363	2164	-81	728377	
0	0	0	1513	-81	728405	0	0	1705985	1789	-79	728426	2164	-80	728440	
0	0	0	1475	-82	728470	0	0	1705985	1794	-79	728492	2174	-81	728506	
0	0	0	1499	-81	728532	0	0	1705985	1775	-78	728553	2141	-81	728567	
Err	Err	Err	1494	-82	728594	0	0	1705985	1766	-79	728615	2141	-81	728567	
0	0	0	1489	-81	728651	0	0	1705985	1766	-79	728672	2183	-80	728686	
0	0	0	1513	-81	728713	0	0	1705985	1784	-79	728734	2188	-81	728748	
0	0	0	1503	-81	728772	0	0	1705985	1742	-79	728793	2145	-81	728807	
0	0	0	1522	-81	728831	0	0	1705985	1780	-79	728852	2174	-81	728866	
0	0	0	1499	-81	728893	0	0	1705985	1751	-79	728914	2145	-81	728928	
0	0	0	1513	-81	728955	0	0	1705985	1784	-79	728976	2136	-81	728990	
0	0	0	1503	-81	729016	0	0	1705985	1742	-79	729037	2127	-80	729051	
0	0	0	1494	-81	729079	0	0	1705985	1747	-79	729100	2145	-81	729114	
0	0	0	1513	-81	729140	0	0	1705985	1780	-79	729161	2117	-81	729175	
0	0	0	1494	-81	729203	0	0	1705985	1775	-79	729224	2160	-80	729238	
0	0	0	1494	-81	729264	0	0	1705985	1789	-79	729286	2145	-81	729300	
0	0	0	1475	-81	729328	0	0	1705985	1766	-78	729350	2160	-81	729364	
0	0	0	1518	-81	729391	0	0	1705985	1794	-79	729412	2164	-81	729426	
0	0	0	1475	-81	729452	0	0	1705985	1770	-79	729473	2131	-81	729487	
0	0	0	1503	-81	729513	0	0	1705985	1803	-79	729534	2164	-81	729548	
0	0	0	1508	-81	729574	0	0	1705985	1789	-79	729595	2183	-81	729609	
0	0	0	1518	-81	729635	0	0	1705985	1770	-79	729656	2108	-81	729670	
0	0	0	1508	-81	729697	0	0	1705985	1756	-79	729718	2169	-80	729732	
0	0	0	1522	-81	729757	0	0	1705985	1780	-79	729778	2155	-80	729792	
0	0	0	1513	-81	729819	0	0	1705985	1775	-79	729840	2145	-80	729854	
0	0	0	1508	-81	729881	0	0	1705985	1859	-79	729903	2174	-80	729917	
0	0	0	1480	-81	729943	0	0	1705985	1864	-78	729964	2094	-81	729978	
0	0	0	1541	-81	730005	0	0	1705985	1859	-79	730026	2300	-81	730040	
0	0	0	1433	-82	730068	0	0	1705985	1733	-79	730089	2244	-80	730103	
0	0	0	1499	-81	730126	0	0	1705985	1859	-79	730147	2192	-79	730161	
0	0	0	1405	-81	730186	0	0	1705985	1827	-79	730207	2150	-79	730221	
0	0	0	1574	-81	730245	0	0	1705985	2277	-79	730266	2155	-79	730280	
0	0	0	1452	-82	730306	0	0	1705985	2277	-79	730327	2127	-79	730341	
0	0	0	1541	-82	730369	0	0	1705985	1930	-80	730390	2122	-79	730404	
0	0	0	1602	-81	730432	0	0	1705985	1672	-79	730453	2160	-79	730467	
0	0	0	1513	-82	730494	0	0	1705985	1597	-79	730515	2160	-79	730529	
0	0	0	1602	-81	730555	0	0	1705985	1550	-79	730577	2192	-79	730591	
0	0	0	1588	-81	730618	0	0	1705985	1607	-79	730639	2136	-79	730653	
0	0	0	1546	-81	730678	0	0	1705985	1719	-79	730699	2117	-80	730713	
0	0	0	1550	-80	730740	0	0	1705985	2272	-79	730762	2145	-80	730776	
0	0	0	1607	-81	730805	0	0	1705985	2314	-79	730826	2131	-80	730840	
0	0	0	1620	-80	730876	0	0	1705985	2230	-79	730898	2131	-80	730912	
0	0	0	1601	-80	730940	0	0	1705985	2235	-79	730962	2127	-80	730976	
0	0	0	1593	-80	731004	0	0	1705985	2178	-79	731025	2131	-80	731040	
0	0	0	1620	-80	731067	0	0	1705985	2174	-79	731088	2131	-80	731102	
Err	Err	Err	1630	-80	731127	0	0	1705985	2174	-79	731088	2117	-80	731155	
0	0	0	1606	-80	731178	0	0	1705985	2127	-78	731200	2131	-80	731213	
0	0	0	1601	-80	731240	0	0	1705985	2099	-78	731261	2127	-80	731275	
0	0	0	1634	-80	731303	0	0	1705985	2202	-79	731324	2141	-80	731338	
Err	Err	Err	1639	-80	731365	0	0	1705985	2202	-79	731324	2145	-80	731394	
0	0	0	1615	-81	731417	0	0	1705985	2183	-79	731438	2127	-80	731452	
0	0	0	1597	-80	731478	0	0	1705985	2174	-79	731500	2141	-80	731514	
0	0	0	1611	-81	731540	0	0	1705985	2225	-79	731562	2150	-80	731576	
0	0	0	1602	-81	731602	0	0	1705985	2155	-79	731623	2150	-80	731637	
0	0	0	1601	-81	731665	0	0	1705985	2127	-79	731686	2169	-80	731700	
0	0	0	1607	-81	731727	0	0	1705985	2192	-79	731749	2136	-80	731762	
0	0	0	1630	-81	731790	0	0	1705985	2160	-79	731811	2127	-80	731825	
0	0	0	1593	-80	731853	0	0	1705985	2145	-79	731874	2141	-80	731888	
0	0	0	1615	-81	731915	0	0	1705985	2183	-79	731936	2136	-80	731950	
0	0	0	1620	-80	731980	0	0	1705985	2169	-79	732002	2155	-80	732016	
0	0	0	1611	-81	732042	0	0	1705985	2216	-79	732063	2145	-80	732077	
0	0	0	1615	-80	732104	0	0	1705985	2211	-79	732126	2131	-80	732140	
0	0	0	1607	-81	732168	0	0	1705985	2197	-79	732189	2164	-80	732203	
0	0	0	1658	-81	732230	0	0	1705985	2197	-79	732251	2131	-80	732265	
0	0	0	1620	-81	732290	0	0	1705985	2178	-79	732311	2155	-80	732325	
Err	Err	Err	1639	-81	732352	0	0	1705985	2164	-79	732373	2155	-80	732325	
0	0	0	1588	-81	732403	0	0	1705985	2169	-79	732424	2122	-80	732438	
0	0	0	1639	-81	732463	0	0	1705985	2169	-79	732485	2145	-80	732499	
0	0	0	1639	-81	732526	0	0	1705985	2122	-79	732547	2131	-79	732561	
0	0	0	1634	-81	732588	0	0	1705985	2197	-78	732609	2145	-80	732623	
0	0	0	1625	-81	732650	0	0	1705985	2113	-79	732671	2127	-79	732685	
0	0	0	1639	-81	732711	0	0	1705985	2108	-78	732733	2155	-79	732747	
0	0	0	1644	-80	732773	0	0	1705985	2099	-79	732794	2141	-80	732808	
0	0	0	1615	-81	732837	0	0	1705985	2122	-78	732858	2155	-80	732872	
0	0	0	1630	-81	732901	0	0	1705985	2127	-79	732922	2145	-80	732936	
0	0	0	1644	-80	732962	0	0	1705985	2192	-79	732983	2141	-79	732997	
0	0	0	1653	-80	733024	0	0	1705985	2235	-79	733046	2141	-79	733060	
0	0	0	1658	-81	733087	0	0	1705985	2141	-78	733108	2141	-80	733122	
0	0	0	1648	-81	733150	0	0	1705985	2108	-79	733171	2131	-79	733185	
Err	Err	Err	1648	-81	733150	0	0	1705985	2183	-78	733228	2127	-79	733242	
0	0	0	1630	-81	733265	0	0	1705985	2136	-79	733286	2127	-79	733300	
0	0	0	1644	-80	733329	0	0	1705985	2141	-78	733350	2145	-79	733364	
0	0	0	1606	-81	733392	0	0	1705985	2145	-79	733413	2127	-80	733427	
0	0	0	1625	-81	733453	0	0	1705985	2155	-79	733475	2122	-79	733489	
0	0	0	1634	-80	733515	0	0	1705985	2131	-78	733536	2155	-79	733550	
0	0	0	1639	-80	733578	0	0	1705985	2174	-78	733599	2160	-79	733613	
0	0	0	1653	-80	733640	0	0	1705985	2145	-78	733661	2141	-80	733675	
0	0	0	1648	-80	733702	0	0	1705985	2188	-79	733723	2150	-79	733737	
0	0	0	1648	-80	733764	0	0	1705985	2160	-79	733785	2145	-79	733799	
0	0	0	1630	-80	733826	0	0	1705985	2197	-78	733847	2150	-80	733861	
0	0	0	1676	-81	733887	0	0	1705985	2174	-78	733908	2136	-79	733922	
0	0	0	1653	-80	733949	0	0	1705985	2296	-79	733971	2136	-80	733985	
0	0	0	1620	-80	734012	0	0	1705985	2206	-79	734034	2122	-80	734048	
0	0	0	1662	-81	734075	0	0	1705985	2155	-79	734096	2155	-80	734110	
0	0	0	1653	-80	734136	0	0	1705985	2188	-78	734157	2127	-79	734171	
0	0	0	1681	-81	734198	0	0	1705985	2145	-79	734220	2127	-79	734234	
Err	Err	Err	1648	-80	734262	0	0	1705985	2145	-79	734220	2164	-80	734297	
0	0	0	1667	-81	734321	0	0	1705985	2211	-79	734342	2164	-80	734356	
0	0	0	1611	-80	734381	0	0	1705985	2155	-78	734402	2127	-80	734416	
0	0	0	1648	-80	734444	0	0	1705985	2160	-79	734465	2145	-79	734479	
0	0	0	1653	-80	734506	0	0	1705985	2230	-78	734527	2131	-80	734541	
0	0	0	1653	-80	734569	0	0	1705985	2197	-78	734590	2127	-80	734604	
0	0	0	1667	-80	734630	0	0	1705985	2197	-78	734652	2127	-79	734666	
0	0	0	1676	-80	734692	0	0	1705985	2197	-79	734714	2136	-79	734728	
0	0	0	1686	-80	734755	0	0	1705985	2188	-78	734777	2150	-80	734791	
0	0	0	1686	-80	734819	0	0	1705985	2122	-78	734840	2131	-79	734854	
0	0	0	1690	-80	734882	0	0	1705985	2188	-79	734903	2122	-80	734917	
0	0	0	1700	-80	734945	0	0	1705985	2164	-78	734967	2174	-79	734981	
0	0	0	1690	-80	735008	0	0	1705985	2160	-78	735029	2141	-79	735043	
0	0	0	1667	-80	735070	0	0	1705985	2145	-79	735091	2145	-79	735105	
0	0	0	1681	-80	735132	0	0	1705985	2183	-79	735153	2127	-79	735167	
0	0	0	1653	-80	735195	0	0	1705985	2141	-78	735216	2136	-80	735230	
0	0	0	1662	-80	735256	0	0	1705985	2202	-78	735278	2108	-80	735292	
0	0	0	1653	-80	735321	0	0	1705985	2178	-79	735342	2122	-79	735356	
0	0	0	1644	-80	735383	0	0	1705985	2216	-79	735404	2127	-79	735418	
Err	Err	Err	1672	-80	735445	0	0	1705985	2174	-78	735467	2127	-79	735418	
0	0	0	1676	-80	735498	0	0	1705985	2169	-79	735519	2155	-80	735533	
0	0	0	1676	-80	735561	0	0	1705985	2192	-79	735582	2122	-79	735596	
0	0	0	1667	-80	735625	0	0	1705985	2192	-78	735646	2141	-80	735661	
0	0	0	1690	-80	735689	0	0	1705985	2221	-79	735711	2113	-79	735724	
0	0	0	1681	-80	735753	0	0	1705985	2164	-79	735774	2155	-80	735788	
0	0	0	1695	-80	735815	0	0	1705985	2183	-78	735836	2117	-79	735851	
0	0	0	1695	-80	735878	0	0	1705985	2188	-79	735900	2108	-79	735914	
0	0	0	1667	-80	735943	0	0	1705985	2206	-79	735964	2127	-80	735978	
0	0	0	1672	-80	736006	0	0	1705985	2164	-78	736027	2145	-79	736041	
0	0	0	1644	-80	736066	0	0	1705985	2145	-78	736087	2127	-79	736101	
0	0	0	1658	-80	736128	0	0	1705985	2178	-79	736150	2131	-79	736163	
0	0	0	1644	-80	736191	0	0	1705985	2174	-79	736212	2127	-79	736226	
0	0	0	1648	-80	736251	0	0	1705985	2202	-79	736272	2150	-79	736286	
0	0	0	1630	-80	736314	0	0	1705985	2108	-78	736336	2099	-79	736350	
0	0	0	1639	-80	736379	0	0	1705985	2150	-79	736401	2150	-79	736415	
0	0	0	1653	-80	736443	0	0	1705985	2183	-79	736464	2155	-79	736478	
0	0	0	1658	-81	736507	0	0	1705985	2206	-79	736528	2160	-80	736542	
0	0	0	1662	-80	736571	0	0	1705985	2216	-78	736592	2136	-79	736606	
0	0	0	1658	-81	736633	0	0	1705985	2206	-79	736655	2141	-80	736669	
0	0	0	1639	-81	736697	0	0	1705985	2225	-79	736718	2155	-80	736732	
0	0	0	1662	-81	736759	0	0	1705985	2244	-79	736780	2150	-79	736794	
0	0	0	1653	-81	736824	0	0	1705985	2202	-78	736846	2131	-79	736860	
0	0	0	1634	-81	736889	0	0	1705985	2178	-79	736910	2136	-79	736924	
0	0	0	1593	-81	736955	0	0	1705985	2216	-79	736976	2145	-79	736990	
0	0	0	1602	-81	737020	0	0	1705985	2206	-79	737041	2145	-79	737055	
0	0	0	1615	-82	737082	0	0	1705985	2211	-79	737103	2099	-79	737117	
0	0	0	1625	-82	737146	0	0	1705985	2239	-79	737167	2136	-81	737181	
Err	Err	Err	1564	-83	737211	0	0	1705985	2239	-79	737167	2103	-80	737239	
0	0	0	1625	-82	737262	0	0	1705985	2239	-79	737283	2099	-80	737297	
0	0	0	1634	-81	737325	0	0	1705985	2272	-79	737347	2164	-80	737361	
0	0	0	1620	-84	737388	0	0	1705985	2253	-79	737409	2127	-79	737423	
0	0	0	1583	-83	737451	0	0	1705985	2221	-80	737472	2160	-79	737486	
0	0	0	1630	-82	737513	0	0	1705985	2211	-79	737535	2108	-79	737549	
0	0	0	1607	-81	737576	0	0	1705985	2202	-79	737597	2150	-79	737611	
0	0	0	1588	-81	737639	0	0	1705985	2211	-79	737660	2113	-79	737674	
0	0	0	1607	-81	737701	0	0	1705985	2277	-79	737722	2136	-80	737736	
0	0	0	1597	-80	737762	0	0	1705985	2235	-79	737784	2103	-79	737798	
0	0	0	1615	-80	737826	0	0	1705985	2117	-79	737847	2155	-79	737861	
0	0	0	1583	-81	737889	0	0	1705985	2347	-79	737911	2103	-79	737925	
Err	Err	Err	1574	-81	737953	0	0	1705985	2347	-79	737911	2141	-80	737981	
0	0	0	1583	-81	738005	0	0	1705985	2235	-79	738026	2141	-79	738040	
0	0	0	1625	-80	738067	0	0	1705985	2296	-79	738089	2160	-79	738103	
0	0	0	1625	-81	738131	0	0	1705985	2127	-78	738152	2122	-79	738166	
0	0	0	1607	-81	738193	0	0	1705985	2145	-79	738214	2131	-79	738228	
0	0	0	1630	-81	738255	0	0	1705985	2141	-79	738276	2155	-79	738290	
0	0	0	1630	-81	738319	0	0	1705985	2160	-79	738340	2150	-79	738354	
0	0	0	1606	-81	738381	0	0	1705985	2169	-79	738402	2141	-79	738416	
0	0	0	1620	-82	738442	0	0	1705985	2188	-78	738464	2136	-79	738478	
0	0	0	1620	-81	738505	0	0	1705985	2155	-79	738527	2150	-79	738541	
0	0	0	1607	-81	738567	0	0	1705985	2155	-79	738588	2150	-79	738602	
0	0	0	1606	-81	738628	0	0	1705985	2174	-79	738650	2141	-79	738664	
0	0	0	1620	-81	738692	0	0	1705985	2197	-78	738713	2183	-80	738727	
0	0	0	1620	-81	738754	0	0	1705985	2183	-78	738776	2131	-79	738790	
0	0	0	1601	-81	738816	0	0	1705985	2150	-79	738837	2094	-79	738851	
0	0	0	1606	-81	738878	0	0	1705985	2141	-79	738899	2141	-79	738913	
0	0	0	1644	-81	738940	0	0	1705985	2113	-79	738961	2136	-79	738975	
0	0	0	1615	-81	739002	0	0	1705985	2164	-79	739023	2108	-80	739037	
0	0	0	1634	-80	739064	0	0	1705985	2324	-79	739085	2103	-79	739099	
0	0	0	1611	-80	739127	0	0	1705985	2239	-79	739148	2136	-80	739162	
0	0	0	1606	-80	739188	0	0	1705985	2080	-79	739209	2122	-79	739223	
0	0	0	1611	-80	739250	0	0	1705985	2150	-79	739271	2094	-79	739285	
0	0	0	1588	-79	739314	0	0	1705985	2206	-79	739335	2141	-80	739349	
0	0	0	1593	-79	739375	0	0	1705985	2113	-79	739396	2108	-79	739410	
0	0	0	1639	-79	739437	2774695935	8192	4294903809	2178	-79	739459	2113	-79	739473	
0	0	0	1625	-79	739500	0	0	1705985	2253	-79	739521	2117	-80	739535	
0	0	0	1686	-79	739563	0	0	1705985	2178	-79	739584	2145	-79	739598	
0	0	0	1770	-80	739625	0	0	1705985	2206	-79	739646	2136	-79	739660	
0	0	0	1789	-80	739687	0	0	1705985	2192	-79	739708	2131	-79	739722	
0	0	0	1761	-80	739751	0	0	1705985	2202	-79	739772	2145	-79	739786	
0	0	0	1747	-81	739814	0	0	1705985	2160	-79	739835	2160	-79	739849	
0	0	0	1648	-80	739878	0	0	1705985	2174	-79	739900	2150	-79	739914	
0	0	0	1597	-81	739942	0	0	1705985	2169	-79	739964	2136	-79	739978	
0	0	0	1532	-80	740005	0	0	1705985	2113	-79	740026	2150	-80	740040	
0	0	0	1593	-80	740066	0	0	1705985	2094	-79	740087	2150	-80	740101	
0	0	0	1550	-80	740128	0	0	1705985	2099	-79	740150	2164	-79	740164	
0	0	0	1579	-81	740192	0	0	1705985	2127	-78	740213	2089	-80	740227	
0	0	0	1560	-81	740255	0	0	1705985	2131	-79	740276	2131	-79	740290	
0	0	0	1536	-81	740316	0	0	1705985	2038	-79	740337	2108	-79	740352	
0	0	0	1593	-81	740379	0	0	1705985	2080	-79	740402	2127	-80	740415	
0	0	0	1569	-81	740442	0	0	1705985	2070	-78	740463	2103	-80	740477	
0	0	0	1560	-81	740505	0	0	1705985	2084	-79	740526	2122	-79	740540	
0	0	0	1597	-81	740567	0	0	1705985	2070	-79	740588	2150	-79	740602	
0	0	0	1620	-82	740629	0	0	1705985	2014	-79	740651	2145	-79	740665	
0	0	0	1560	-82	740697	0	0	1705985	2056	-79	740719	2136	-79	740733	
0	0	0	1541	-81	740761	0	0	1705985	2028	-79	740782	2131	-79	740796	
0	0	0	1550	-81	740824	0	0	1705985	2075	-79	740845	2131	-79	740859	
0	0	0	1471	-81	740887	0	0	1705985	2084	-79	740911	2131	-80	740924	
0	0	0	1564	-81	740952	0	0	1705985	2094	-79	740974	2141	-79	740988	
0	0	0	1518	-82	741015	0	0	1705985	2070	-79	741036	2131	-79	741050	
0	0	0	1574	-81	741078	0	0	1705985	2099	-79	741100	2127	-80	741114	
0	0	0	1607	-81	741141	0	0	1705985	2066	-78	741162	2094	-80	741176	
0	0	0	1602	-81	741202	0	0	1705985	2061	-78	741223	2145	-80	741237	
0	0	0	1639	-81	741265	0	0	1705985	2094	-79	741288	2113	-79	741302	
0	0	0	1695	-81	741327	0	0	1705985	2113	-79	741350	2141	-79	741363	
0	0	0	1709	-80	741390	0	0	1705985	2066	-79	741411	2113	-79	741425	
0	0	0	1695	-81	741453	0	0	1705985	2038	-79	741474	2131	-79	741488	
0	0	0	1690	-81	741516	0	0	1705985	2033	-80	741537	2117	-79	741551	
0	0	0	1705	-81	741577	0	0	1705985	2206	-79	741599	2155	-80	741613	
0	0	0	1700	-80	741640	0	0	1705985	2117	-79	741662	2117	-80	741676	
0	0	0	1723	-81	741702	0	0	1705985	2122	-79	741724	2113	-80	741738	
Err	Err	Err	1756	-80	741767	0	0	1705985	2103	-79	741789	2113	-80	741738	
0	0	0	1728	-80	741819	0	0	1705985	2056	-79	741840	2131	-80	741854	
0	0	0	1737	-80	741880	0	0	1705985	2047	-79	741901	2141	-80	741915	
0	0	0	1751	-80	741941	0	0	1705985	2028	-79	741962	2141	-80	741976	
0	0	0	1723	-80	742004	0	0	1705985	2009	-79	742025	2122	-80	742039	
0	0	0	1714	-80	742067	0	0	1705985	2056	-79	742089	2122	-80	742103	
0	0	0	1766	-80	742130	0	0	1705985	2005	-79	742152	2131	-80	742166	
0	0	0	1733	-80	742193	0	0	1705985	2019	-79	742215	2127	-80	742229	
0	0	0	1709	-81	742256	0	0	1705985	2099	-79	742277	2080	-80	742291	
Err	Err	Err	1662	-80	742319	0	0	1705985	2099	-79	742277	2113	-80	742347	
0	0	0	1653	-81	742370	0	0	1705985	2075	-79	742391	2122	-80	742405	
0	0	0	1639	-81	742433	0	0	1705985	2122	-79	742454	2122	-80	742468	
0	0	0	1784	-80	742495	0	0	1705985	2155	-79	742517	2117	-80	742531	
0	0	0	1690	-80	742558	0	0	1705985	2155	-79	742579	2136	-80	742593	
0	0	0	1606	-81	742620	0	0	1705985	2145	-79	742641	2103	-80	742655	
0	0	0	1686	-81	742682	0	0	1705985	2169	-79	742703	2145	-80	742717	
0	0	0	1681	-81	742744	0	0	1705985	2178	-79	742765	2155	-79	742779	
0	0	0	1606	-80	742807	0	0	1705985	1939	-79	742828	2117	-79	742842	
0	0	0	1672	-81	742870	0	0	1705985	1634	-79	742891	2127	-80	742905	
0	0	0	1625	-81	742935	0	0	1705985	1593	-79	742956	2117	-80	742970	
Err	Err	Err	1611	-81	742998	0	0	1705985	1593	-79	742956	2127	-80	743026	
0	0	0	1648	-80	743047	0	0	1705985	1606	-79	743068	2145	-80	743082	
0	0	0	1672	-80	743108	0	0	1705985	1733	-79	743129	2164	-81	743143	
0	0	0	1705	-80	743169	0	0	1705985	1634	-79	743190	2145	-81	743204	
0	0	0	1662	-80	743229	0	0	1705985	1588	-78	743251	2164	-80	743265	
0	0	0	1620	-80	743292	0	0	1705985	1620	-79	743313	2169	-80	743327	
0	0	0	1611	-80	743354	0	0	1705985	1611	-79	743375	2192	-80	743389	
0	0	0	1620	-80	743417	0	0	1705985	1588	-79	743438	2183	-80	743452	
0	0	0	1593	-79	743479	0	0	1705985	1620	-79	743500	2174	-80	743514	
0	0	0	1601	-79	743543	0	0	1705985	1601	-79	743564	2174	-81	743578	
0	0	0	1602	-79	743604	0	0	1705985	1658	-79	743625	2192	-80	743639	
0	0	0	1620	-79	743666	0	0	1705985	1667	-79	743687	2192	-80	743701	
0	0	0	1611	-79	743728	0	0	1705985	1690	-79	743749	2183	-80	743763	
0	0	0	1579	-79	743791	0	0	1705985	1667	-79	743812	2197	-80	743826	
0	0	0	1602	-80	743853	0	0	1705985	1601	-79	743874	2216	-80	743888	
0	0	0	1583	-80	743915	0	0	1705985	1690	-79	743937	2192	-81	743951	
0	0	0	1564	-80	743977	0	0	1705985	1606	-79	743998	2221	-80	744012	
0	0	0	1601	-79	744041	0	0	1705985	1611	-79	744062	2225	-80	744076	
Err	Err	Err	1601	-79	744041	0	0	1705985	1634	-79	744116	2202	-81	744130	
0	0	0	1593	-80	744154	0	0	1705985	1667	-79	744175	2249	-80	744189	
0	0	0	1667	-80	744217	0	0	1705985	1588	-79	744239	2192	-81	744254	
0	0	0	1606	-80	744279	0	0	1705985	1667	-79	744301	2192	-82	744315	
0	0	0	1588	-80	744344	0	0	1705985	1625	-79	744365	2188	-81	744379	
0	0	0	1532	-80	744408	0	0	1705985	1681	-79	744430	2202	-81	744444	
0	0	0	1546	-79	744472	0	0	1705985	1705	-79	744494	2136	-80	744508	
0	0	0	1438	-81	744539	0	0	1705985	1583	-78	744561	2188	-81	744575	
0	0	0	1639	-81	744606	0	0	1705985	1593	-79	744627	2155	-80	744641	
0	0	0	1466	-81	744669	0	0	1705985	1667	-78	744691	2178	-81	744705	
0	0	0	1579	-80	744731	0	0	1705985	1672	-79	744753	2202	-80	744767	
0	0	0	1583	-80	744794	0	0	1705985	1611	-79	744816	2183	-81	744830	
0	0	0	1527	-80	744855	0	0	1705985	1606	-79	744877	2225	-80	744891	
0	0	0	1550	-80	744916	0	0	1705985	1653	-79	744937	2206	-80	744951	
0	0	0	1550	-80	744979	0	0	1705985	1672	-78	745000	2197	-81	745014	
0	0	0	1593	-80	745041	0	0	1705985	1667	-79	745062	2206	-80	745076	
0	0	0	1550	-81	745102	0	0	1705985	1662	-79	745124	2202	-80	745138	
0	0	0	1574	-80	745164	0	0	1705985	1625	-79	745185	2197	-80	745199	
0	0	0	1653	-80	745226	0	0	1705985	1686	-79	745248	2235	-80	745262	
0	0	0	1461	-80	745292	0	0	1705985	1639	-78	745313	2164	-80	745327	
0	0	0	1471	-79	745356	0	0	1705985	1583	-79	745377	2164	-81	745392	
0	0	0	1499	-79	745419	0	0	1705985	1620	-78	745442	2178	-80	745455	
0	0	0	1508	-79	745481	0	0	1705985	1630	-79	745502	2169	-80	745516	
0	0	0	1494	-79	745544	0	0	1705985	1648	-79	745565	2169	-80	745579	
0	0	0	1443	-79	745606	0	0	1705985	1658	-79	745628	2169	-80	745642	
0	0	0	1438	-79	745668	0	0	1705985	1662	-79	745689	2183	-80	745703	
0	0	0	1447	-79	745729	0	0	1705985	1686	-79	745751	2164	-80	745765	
0	0	0	1428	-79	745792	0	0	1705985	1672	-79	745814	2178	-80	745828	
0	0	0	1363	-78	745855	0	0	1705985	1686	-79	745876	2178	-80	745890	
0	0	0	1410	-79	745918	0	0	1705985	1676	-79	745939	2169	-80	745953	
0	0	0	1391	-79	745980	0	0	1705985	1639	-79	746001	2192	-81	746015	
0	0	0	1386	-78	746041	0	0	1705985	1602	-79	746062	2202	-80	746076	
0	0	0	1391	-79	746105	0	0	1705985	1700	-79	746126	2221	-81	746140	
0	0	0	1438	-79	746167	0	0	1705985	1630	-79	746188	2188	-81	746202	
0	0	0	1405	-78	746227	0	0	1705985	1705	-79	746250	2197	-80	746263	
0	0	0	1419	-79	746290	0	0	1705985	1644	-79	746311	2225	-80	746325	
0	0	0	1461	-79	746352	0	0	1705985	1648	-79	746373	2183	-80	746387	
0	0	0	1457	-79	746413	0	0	1705985	1630	-79	746435	2197	-80	746450	
0	0	0	1410	-79	746477	0	0	1705985	1630	-78	746500	2211	-81	746513	
0	0	0	1410	-78	746543	0	0	1705985	1620	-79	746564	2244	-80	746578	
0	0	0	1424	-78	746606	0	0	1705985	1676	-79	746627	2300	-79	746641	
0	0	0	1443	-78	746668	0	0	1705985	1770	-78	746689	2314	-79	746703	
0	0	0	1414	-78	746729	0	0	1705985	1789	-78	746750	2249	-80	746764	
0	0	0	1443	-79	746791	0	0	1705985	1742	-79	746813	2211	-80	746827	
0	0	0	1405	-78	746854	0	0	1705985	1737	-79	746876	2239	-80	746890	
0	0	0	1447	-78	746918	0	0	1705985	1700	-79	746939	2263	-80	746953	
0	0	0	1447	-78	746980	0	0	1705985	1690	-79	747001	2221	-80	747015	
0	0	0	1480	-79	747043	0	0	1705985	1644	-79	747064	2221	-80	747078	
0	0	0	1508	-79	747104	0	0	1705985	1615	-79	747125	2188	-80	747139	
0	0	0	1536	-79	747166	0	0	1705985	1653	-79	747187	2235	-80	747201	
0	0	0	1550	-80	747229	0	0	1705985	1681	-79	747250	2244	-81	747264	
Err	Err	Err	1550	-80	747229	0	0	1705985	1658	-79	747313	2286	-79	747327	
0	0	0	1615	-81	747349	0	0	1705985	1686	-79	747370	2319	-79	747384	
0	0	0	1883	-81	747410	0	0	1705985	1700	-79	747431	2333	-80	747445	
0	0	0	1700	-80	747473	0	0	1705985	1709	-79	747494	2347	-79	747508	
0	0	0	1700	-80	747534	0	0	1705985	1742	-79	747555	2393	-79	747569	
0	0	0	1714	-82	747596	0	0	1705985	1798	-79	747617	2356	-80	747631	
0	0	0	1845	-81	747658	0	0	1705985	1803	-79	747679	2393	-80	747693	
0	0	0	1827	-81	747722	0	0	1705985	1855	-79	747743	2464	-79	747757	
0	0	0	1873	-80	747783	0	0	1705985	1841	-79	747805	2459	-79	747819	
0	0	0	1831	-80	747846	0	0	1705985	1761	-80	747868	2389	-79	747882	
0	0	0	1723	-80	747909	0	0	1705985	1906	-80	747930	2403	-79	747944	
0	0	0	1695	-81	747971	0	0	1705985	1897	-79	747992	2515	-80	748006	
0	0	0	1902	-81	748033	0	0	1705985	1878	-80	748055	2581	-81	748069	
0	0	0	1859	-80	748098	0	0	1705985	1827	-81	748119	2431	-80	748133	
0	0	0	1733	-79	748160	0	0	1705985	1902	-80	748181	2351	-79	748195	
0	0	0	1695	-79	748220	0	0	1705985	1897	-80	748242	2351	-79	748256	
0	0	0	1662	-79	748289	0	0	1705985	1902	-80	748311	2370	-79	748325	
0	0	0	1705	-79	748354	0	0	1705985	1887	-80	748375	2347	-79	748389	
0	0	0	1676	-79	748415	0	0	1705985	1916	-80	748436	2314	-79	748450	
0	0	0	1719	-79	748477	0	0	1705985	1869	-80	748499	2342	-79	748513	
0	0	0	1705	-79	748540	0	0	1705985	1902	-80	748561	2347	-79	748575	
0	0	0	1709	-79	748602	0	0	1705985	1878	-80	748625	2351	-79	748638	
0	0	0	1705	-79	748665	0	0	1705985	1920	-80	748686	2324	-79	748700	
0	0	0	1700	-79	748728	0	0	1705985	1916	-79	748749	2351	-79	748763	
0	0	0	1705	-79	748790	0	0	1705985	1892	-79	748812	2365	-79	748826	
0	0	0	1700	-79	748851	0	0	1705985	1902	-79	748873	2370	-79	748887	
0	0	0	1737	-79	748913	0	0	1705985	1906	-80	748935	2333	-79	748948	
0	0	0	1690	-79	748976	0	0	1705985	1920	-80	748997	2333	-79	749011	
0	0	0	1714	-79	749036	0	0	1705985	1916	-79	749057	2286	-79	749071	
0	0	0	1784	-79	749100	0	0	1705985	1920	-79	749123	2300	-79	749137	
Err	Err	Err	1747	-79	749165	0	0	1705985	1920	-79	749123	2310	-80	749194	
0	0	0	1766	-79	749215	0	0	1705985	1892	-79	749236	2305	-79	749250	
0	0	0	1733	-79	749277	0	0	1705985	1930	-80	749298	2277	-79	749312	
0	0	0	1709	-79	749340	0	0	1705985	1911	-79	749362	2319	-79	749376	
0	0	0	1714	-79	749404	0	0	1705985	1906	-80	749425	2328	-79	749439	
0	0	0	1705	-79	749467	0	0	1705985	1902	-80	749488	2319	-79	749502	
0	0	0	1700	-79	749532	0	0	1705985	1920	-80	749554	2291	-79	749567	
0	0	0	1751	-79	749594	0	0	1705985	1944	-79	749615	2310	-80	749629	
0	0	0	1705	-79	749658	0	0	1705985	1897	-79	749679	2328	-79	749693	
0	0	0	1705	-79	749719	0	0	1705985	1930	-79	749741	2300	-79	749755	
0	0	0	1723	-79	749781	0	0	1705985	1911	-79	749803	2300	-79	749817	
0	0	0	1761	-79	749843	0	0	1705985	1911	-79	749864	2296	-79	749878	
0	0	0	1733	-79	749906	0	0	1705985	1953	-80	749927	2305	-79	749941	
0	0	0	1728	-79	749967	0	0	1705985	1939	-80	749989	2291	-79	750003	
0	0	0	1709	-79	750030	0	0	1705985	1948	-80	750053	2333	-79	750066	
0	0	0	1770	-79	750094	0	0	1705985	1902	-80	750115	2328	-79	750129	
0	0	0	1761	-79	750158	0	0	1705985	1920	-80	750180	2300	-79	750194	
0	0	0	1747	-79	750220	0	0	1705985	1934	-80	750242	2305	-79	750256	
0	0	0	1789	-79	750282	0	0	1705985	1925	-80	750303	2300	-79	750317	
0	0	0	1789	-79	750344	0	0	1705985	1878	-80	750365	2296	-80	750379	
0	0	0	1747	-79	750407	0	0	1705985	1911	-80	750428	2296	-80	750442	
0	0	0	1737	-79	750468	0	0	1705985	1916	-80	750489	2328	-79	750503	
0	0	0	1733	-79	750528	0	0	1705985	1934	-80	750549	2324	-79	750563	
0	0	0	1756	-79	750590	0	0	1705985	1892	-80	750612	2333	-79	750625	
0	0	0	1770	-79	750651	0	0	1705985	1925	-79	750673	2333	-79	750687	
0	0	0	1756	-79	750715	0	0	1705985	1902	-80	750736	2291	-80	750750	
0	0	0	1761	-79	750776	0	0	1705985	1930	-80	750797	2305	-80	750811	
0	0	0	1705	-79	750838	0	0	1705985	1902	-80	750859	2310	-79	750873	
0	0	0	1709	-79	750901	0	0	1705985	1920	-80	750923	2324	-79	750937	
0	0	0	1723	-79	750963	0	0	1705985	1887	-80	750984	2319	-79	750998	
0	0	0	1709	-79	751024	0	0	1705985	1878	-80	751046	2310	-79	751061	
0	0	0	1719	-79	751088	0	0	1705985	1911	-80	751110	2300	-79	751124	
0	0	0	1780	-79	751150	0	0	1705985	1873	-80	751172	2328	-79	751186	
0	0	0	1686	-79	751214	0	0	1705985	1911	-80	751235	2324	-79	751250	
0	0	0	1747	-79	751276	0	0	1705985	1902	-80	751297	2324	-79	751311	
0	0	0	1719	-79	751338	0	0	1705985	1887	-80	751359	2328	-79	751373	
0	0	0	1737	-79	751399	0	0	1705985	1883	-79	751420	2310	-79	751434	
0	0	0	1742	-79	751461	0	0	1705985	1902	-80	751482	2328	-79	751496	
0	0	0	1794	-79	751522	0	0	1705985	1897	-80	751544	2310	-80	751558	
0	0	0	1789	-79	751584	0	0	1705985	1869	-80	751605	2310	-79	751619	
Err	Err	Err	1742	-79	751646	0	0	1705985	1869	-80	751605	2319	-79	751675	
0	0	0	1728	-79	751696	0	0	1705985	1934	-80	751717	2319	-79	751731	
0	0	0	1784	-79	751756	0	0	1705985	1934	-80	751777	2324	-80	751791	
0	0	0	1761	-79	751817	0	0	1705985	1878	-80	751838	2342	-79	751852	
0	0	0	1686	-79	751879	0	0	1705985	1911	-80	751900	2338	-79	751914	
0	0	0	1714	-79	751943	0	0	1705985	1897	-80	751964	2314	-80	751978	
0	0	0	1831	-79	752006	0	0	1705985	1869	-80	752027	2333	-80	752041	
0	0	0	1822	-80	752066	0	0	1705985	1878	-80	752088	2338	-79	752101	
0	0	0	1822	-79	752128	0	0	1705985	1892	-80	752150	2333	-79	752164	
0	0	0	1780	-79	752191	0	0	1705985	1883	-80	752212	2300	-79	752226	
Err	Err	Err	1780	-79	752191	0	0	1705985	1887	-80	752269	2310	-80	752283	
0	0	0	1775	-79	752304	0	0	1705985	1878	-80	752325	2324	-79	752339	
0	0	0	1794	-79	752367	0	0	1705985	1892	-80	752388	2361	-79	752402	
0	0	0	1761	-79	752431	0	0	1705985	1878	-80	752452	2347	-79	752466	
0	0	0	1761	-79	752494	0	0	1705985	1897	-80	752515	2314	-79	752529	
0	0	0	1742	-80	752560	0	0	1705985	1930	-80	752581	2305	-79	752595	
0	0	0	1766	-79	752622	0	0	1705985	1906	-80	752643	2310	-79	752657	
0	0	0	1700	-79	752683	0	0	1705985	1887	-80	752704	2356	-79	752718	
0	0	0	1751	-79	752746	0	0	1705985	1897	-80	752767	2338	-79	752781	
0	0	0	1747	-79	752809	0	0	1705985	1916	-80	752830	2351	-79	752844	
0	0	0	1728	-79	752871	0	0	1705985	1887	-80	752892	2338	-79	752906	
0	0	0	1733	-79	752932	0	0	1705985	1887	-80	752954	2319	-80	752968	
0	0	0	1705	-79	752995	0	0	1705985	1920	-80	753016	2328	-79	753030	
0	0	0	1742	-79	753056	0	0	1705985	1869	-80	753078	2333	-79	753092	
0	0	0	1719	-79	753119	0	0	1705985	1892	-79	753140	2328	-80	753154	
0	0	0	1700	-79	753181	0	0	1705985	1878	-79	753202	2333	-79	753216	
0	0	0	1714	-79	753243	0	0	1705985	1878	-80	753264	2333	-80	753278	
0	0	0	1747	-79	753306	0	0	1705985	1902	-80	753327	2324	-80	753341	
Err	Err	Err	1737	-79	753368	0	0	1705985	1897	-80	753390	2324	-80	753341	
0	0	0	1714	-79	753420	0	0	1705985	1878	-80	753441	2328	-79	753456	
0	0	0	1728	-79	753483	0	0	1705985	1897	-80	753506	2319	-79	753519	
0	0	0	1756	-79	753547	0	0	1705985	1911	-80	753568	2305	-79	753582	
0	0	0	1770	-79	753611	0	0	1705985	1911	-80	753633	2351	-79	753647	
0	0	0	1723	-79	753674	0	0	1705985	1873	-80	753696	2305	-79	753709	
0	0	0	1733	-79	753735	0	0	1705985	1878	-80	753757	2324	-79	753771	
0	0	0	1733	-79	753800	0	0	1705985	1906	-80	753823	2342	-79	753837	
0	0	0	1723	-79	753865	0	0	1705985	1883	-80	753886	2338	-80	753900	
0	0	0	1733	-79	753927	0	0	1705985	1897	-80	753948	2324	-79	753962	
0	0	0	1700	-79	753989	0	0	1705985	1897	-80	754010	2347	-79	754024	
0	0	0	1761	-79	754049	0	0	1705985	1878	-80	754071	2351	-79	754085	
0	0	0	1766	-79	754115	0	0	1705985	1887	-80	754136	2324	-79	754150	
0	0	0	1775	-79	754178	0	0	1705985	1911	-80	754199	2319	-79	754213	
0	0	0	1780	-79	754240	0	0	1705985	1873	-80	754262	2356	-79	754276	
0	0	0	1747	-79	754304	0	0	1705985	1897	-80	754326	2319	-79	754340	
0	0	0	1766	-79	754370	0	0	1705985	1916	-80	754392	2351	-79	754406	
0	0	0	1784	-79	754434	0	0	1705985	1892	-80	754455	2342	-79	754469	
0	0	0	1756	-79	754496	0	0	1705985	1883	-80	754517	2310	-80	754531	
0	0	0	1756	-79	754559	0	0	1705985	1887	-80	754580	2314	-79	754594	
0	0	0	1728	-79	754620	0	0	1705985	1906	-80	754644	2319	-79	754657	
0	0	0	1714	-79	754685	0	0	1705985	1873	-80	754706	2328	-79	754720	
0	0	0	1742	-79	754747	0	0	1705985	1883	-80	754769	2333	-79	754783	
0	0	0	1723	-79	754811	0	0	1705985	1869	-80	754833	2347	-79	754847	
0	0	0	1747	-79	754874	0	0	1705985	1934	-80	754895	2351	-79	754909	
0	0	0	1766	-79	754937	0	0	1705985	1925	-80	754958	2347	-79	754972	
0	0	0	1761	-79	754999	0	0	1705985	1911	-80	755021	2375	-79	755035	
0	0	0	1784	-79	755060	0	0	1705985	1892	-80	755083	2375	-79	755096	
0	0	0	1756	-79	755123	0	0	1705985	1906	-81	755144	2356	-79	755158	
0	0	0	1747	-79	755185	0	0	1705985	1934	-80	755206	2347	-79	755220	
0	0	0	1789	-79	755246	0	0	1705985	1873	-80	755267	2333	-79	755281	
0	0	0	1747	-79	755307	0	0	1705985	1906	-80	755328	2347	-79	755342	
0	0	0	1733	-79	755370	0	0	1705985	1897	-80	755392	2375	-79	755406	
0	0	0	1742	-79	755432	0	0	1705985	1930	-80	755453	2342	-79	755467	
0	0	0	1747	-79	755496	0	0	1705985	1906	-80	755518	2342	-79	755532	
0	0	0	1751	-79	755559	0	0	1705985	1944	-79	755580	2328	-79	755594	
0	0	0	1756	-79	755622	0	0	1705985	1906	-80	755643	2347	-79	755657	
0	0	0	1761	-79	755685	0	0	1705985	1906	-80	755706	2342	-79	755720	
Err	Err	Err	1747	-79	755748	0	0	1705985	1906	-80	755706	2324	-79	755776	
0	0	0	1756	-79	755798	0	0	1705985	1911	-80	755819	2389	-79	755833	
0	0	0	1756	-79	755867	0	0	1705985	1916	-80	755888	2342	-79	755902	
0	0	0	1714	-79	755927	0	0	1705985	1934	-79	755948	2361	-79	755962	
0	0	0	1784	-79	755989	0	0	1705985	1916	-80	756010	2347	-79	756024	
0	0	0	1742	-79	756050	0	0	1705985	1925	-80	756072	2384	-79	756086	
0	0	0	1737	-79	756114	0	0	1705985	1906	-80	756135	2347	-79	756149	
0	0	0	1728	-79	756176	0	0	1705985	1925	-80	756197	2338	-79	756211	
0	0	0	1751	-79	756237	0	0	1705985	1934	-80	756259	2347	-79	756273	
0	0	0	1756	-79	756301	0	0	1705985	1958	-80	756322	2347	-79	756336	
0	0	0	1780	-79	756364	0	0	1705985	1948	-80	756385	2365	-79	756399	
0	0	0	1770	-79	756427	0	0	1705985	1963	-80	756448	2342	-79	756462	
0	0	0	1766	-79	756488	0	0	1705985	1939	-80	756509	2314	-79	756523	
0	0	0	1737	-79	756551	0	0	1705985	1925	-80	756572	2356	-79	756586	
0	0	0	1751	-79	756611	0	0	1705985	1902	-81	756633	2342	-79	756647	
0	0	0	1761	-79	756673	0	0	1705985	1920	-80	756694	2356	-79	756708	
0	0	0	1780	-79	756735	0	0	1705985	1930	-80	756756	2351	-79	756770	
0	0	0	1751	-79	756800	0	0	1705985	1925	-80	756821	2342	-79	756835	
0	0	0	1705	-79	756860	0	0	1705985	1911	-80	756882	2342	-80	756896	
0	0	0	1737	-79	756923	0	0	1705985	1944	-80	756944	2365	-79	756958	
0	0	0	1737	-79	756985	0	0	1705985	1920	-80	757006	2347	-79	757020	
0	0	0	1737	-79	757046	0	0	1705985	1925	-80	757067	2356	-80	757081	
0	0	0	1742	-79	757108	0	0	1705985	1953	-80	757129	2347	-79	757143	
Err	Err	Err	1700	-79	757169	0	0	1705985	1953	-80	757129	2342	-80	757198	
0	0	0	1756	-79	757219	2774663168	8192	460801	1897	-80	757241	2338	-79	757255	
0	0	0	1761	-79	757282	0	0	1705985	1934	-80	757303	2347	-79	757317	
0	0	0	1714	-79	757343	0	0	1705985	1934	-80	757364	2333	-79	757378	
0	0	0	1747	-79	757408	0	0	1705985	1930	-80	757429	2351	-79	757443	
0	0	0	1742	-79	757469	0	0	1705985	1916	-80	757490	2342	-79	757504	
0	0	0	1742	-79	757531	0	0	1705985	1869	-80	757552	2333	-80	757566	
Err	Err	Err	1742	-79	757531	0	0	1705985	1925	-80	757608	2361	-79	757622	
0	0	0	1733	-79	757644	0	0	1705985	1925	-80	757667	2319	-79	757680	
0	0	0	1728	-79	757708	0	0	1705985	1892	-80	757730	2347	-79	757744	
Err	Err	Err	1709	-79	757773	0	0	1705985	1911	-80	757795	2347	-79	757744	
Err	Err	Err	1700	-79	757825	0	0	1705985	1920	-80	757847	2347	-79	757744	
0	0	0	1719	-79	757877	0	0	1705985	1916	-80	757898	2324	-80	757912	
0	0	0	1728	-79	757940	0	0	1705985	1939	-80	757962	2356	-79	757977	
0	0	0	1742	-79	758007	0	0	1705985	1920	-80	758028	2347	-79	758042	
0	0	0	1705	-79	758071	0	0	1705985	1930	-80	758092	2328	-79	758106	
0	0	0	1733	-79	758133	0	0	1705985	1920	-80	758157	2319	-79	758170	
0	0	0	1733	-79	758198	0	0	1705985	1948	-80	758219	2342	-80	758233	
0	0	0	1719	-80	758259	0	0	1705985	1934	-80	758280	2347	-80	758294	
Err	Err	Err	1719	-80	758259	0	0	1705985	1906	-80	758338	2361	-79	758352	
0	0	0	1770	-80	758374	0	0	1705985	1939	-79	758396	2338	-80	758409	
0	0	0	1742	-79	758437	0	0	1705985	1944	-80	758458	2379	-79	758472	
0	0	0	1747	-79	758500	0	0	1705985	1944	-80	758521	2370	-79	758536	
0	0	0	1742	-79	758562	0	0	1705985	1930	-80	758585	2361	-79	758598	
0	0	0	1780	-79	758626	0	0	1705985	1963	-80	758647	2347	-79	758661	
0	0	0	1770	-79	758690	0	0	1705985	1906	-80	758712	2351	-79	758726	
0	0	0	1798	-80	758754	0	0	1705985	1934	-80	758775	2361	-79	758789	
0	0	0	1784	-80	758815	0	0	1705985	1906	-80	758837	2361	-79	758851	
0	0	0	1775	-79	758881	0	0	1705985	1948	-80	758903	2356	-79	758917	
Err	Err	Err	1761	-79	758945	0	0	1705985	1934	-80	758966	2356	-79	758917	
0	0	0	1780	-79	758996	0	0	1705985	1925	-80	759017	2370	-79	759031	
0	0	0	1775	-80	759059	0	0	1705985	1897	-80	759081	2347	-79	759095	
0	0	0	1751	-80	759122	0	0	1705985	1902	-80	759144	2342	-79	759158	
0	0	0	1751	-80	759185	0	0	1705985	1916	-80	759206	2347	-79	759220	
0	0	0	1780	-79	759247	0	0	1705985	1944	-80	759268	2384	-79	759282	
0	0	0	1761	-80	759310	0	0	1705985	1897	-92	759331	2375	-79	759345	
0	0	0	1789	-80	759372	0	0	1705985	1925	-80	759394	2351	-79	759407	
0	0	0	1756	-79	759435	0	0	1705985	1925	-80	759456	2342	-79	759470	
0	0	0	1728	-79	759497	0	0	1705985	1934	-80	759518	2351	-79	759532	
0	0	0	1719	-79	759559	0	0	1705985	1930	-80	759580	2356	-79	759594	
0	0	0	1714	-79	759620	0	0	1705985	1939	-80	759642	2356	-79	759656	
0	0	0	1761	-79	759685	0	0	1705985	1925	-80	759706	2361	-79	759720	
0	0	0	1742	-79	759747	0	0	1705985	1958	-80	759768	2351	-79	759782	
0	0	0	1723	-79	759813	0	0	1705985	1930	-80	759835	2351	-79	759849	
0	0	0	1756	-79	759876	0	0	1705985	1925	-80	759897	2342	-79	759911	
0	0	0	1723	-79	759937	0	0	1705985	1939	-80	759959	2365	-79	759973	
0	0	0	1737	-79	759998	0	0	1705985	1939	-80	760021	2370	-79	760035	
0	0	0	1723	-79	760062	0	0	1705985	1934	-80	760084	2370	-79	760098	
0	0	0	1737	-79	760126	0	0	1705985	1944	-80	760147	2347	-79	760161	
Err	Err	Err	1784	-80	760188	0	0	1705985	1944	-80	760147	2365	-79	760218	
0	0	0	1737	-79	760240	0	0	1705985	1916	-80	760262	2361	-79	760276	
0	0	0	1770	-79	760303	0	0	1705985	1911	-80	760325	2384	-79	760339	
0	0	0	1733	-80	760366	0	0	1705985	1906	-80	760387	2342	-79	760401	
0	0	0	1747	-79	760429	0	0	1705985	1902	-80	760450	2347	-79	760464	
0	0	0	1728	-79	760490	0	0	1705985	1934	-80	760511	2379	-79	760525	
0	0	0	1719	-79	760552	0	0	1705985	1897	-80	760574	2347	-79	760588	
0	0	0	1747	-79	760615	0	0	1705985	1911	-80	760637	2328	-79	760651	
0	0	0	1798	-79	760679	0	0	1705985	1906	-80	760700	2342	-80	760714	
0	0	0	1733	-79	760742	0	0	1705985	1892	-80	760763	2328	-79	760777	
0	0	0	1761	-79	760804	0	0	1705985	1873	-80	760826	2314	-79	760840	
0	0	0	1756	-79	760867	0	0	1705985	1920	-80	760888	2319	-80	760902	
0	0	0	1775	-79	760929	0	0	1705985	1850	-80	760950	2338	-79	760964	
0	0	0	1784	-79	760992	0	0	1705985	1869	-80	761013	2305	-79	761027	
0	0	0	1761	-79	761054	0	0	1705985	1897	-80	761076	2338	-79	761090	
0	0	0	1756	-79	761117	0	0	1705985	1892	-80	761140	2328	-79	761153	
0	0	0	1766	-79	761180	0	0	1705985	1916	-80	761201	2333	-80	761215	
0	0	0	1751	-79	761241	0	0	1705985	1892	-80	761262	2356	-79	761276	
0	0	0	1747	-79	761303	0	0	1705985	1883	-80	761324	2333	-79	761338	
0	0	0	1751	-79	761365	0	0	1705985	1873	-80	761387	2347	-79	761401	
0	0	0	1756	-79	761428	0	0	1705985	1911	-81	761450	2333	-79	761464	
0	0	0	1728	-79	761490	0	0	1705985	1883	-80	761511	2361	-79	761525	
0	0	0	1747	-79	761552	0	0	1705985	1887	-80	761573	2347	-80	761587	
0	0	0	1747	-79	761615	0	0	1705985	1869	-80	761637	2342	-79	761651	
Err	Err	Err	1751	-79	761676	0	0	1705985	1869	-80	761637	2347	-79	761705	
0	0	0	1737	-79	761726	0	0	1705985	1897	-80	761747	2351	-79	761761	
0	0	0	1737	-79	761788	0	0	1705985	1887	-80	761810	2347	-79	761824	
0	0	0	1761	-79	761851	0	0	1705985	1897	-80	761872	2347	-80	761886	
0	0	0	1737	-79	761913	0	0	1705985	1911	-80	761934	2342	-79	761948	
0	0	0	1728	-79	761977	0	0	1705985	1911	-80	761998	2347	-80	762012	
0	0	0	1756	-79	762037	0	0	1705985	1869	-80	762058	2356	-79	762072	
0	0	0	1714	-79	762099	0	0	1705985	1892	-80	762121	2356	-79	762135	
0	0	0	1714	-79	762162	0	0	1705985	1906	-80	762184	2342	-79	762198	
0	0	0	1770	-79	762224	0	0	1705985	1897	-80	762246	2319	-79	762260	
0	0	0	1775	-79	762288	0	0	1705985	1887	-81	762309	2333	-79	762323	
0	0	0	1719	-79	762352	0	0	1705985	1897	-80	762373	2347	-79	762387	
0	0	0	1780	-79	762413	0	0	1705985	1887	-80	762434	2333	-79	762448	
0	0	0	1766	-79	762476	2774695935	8192	4294903809	1873	-80	762498	2333	-79	762511	
0	0	0	1723	-79	762540	0	0	1705985	1887	-80	762561	2379	-79	762575	
0	0	0	1728	-79	762602	0	0	1705985	1883	-80	762623	2351	-79	762638	
0	0	0	1747	-79	762668	0	0	1705985	1892	-81	762689	2324	-79	762703	
0	0	0	1737	-79	762732	0	0	1705985	1887	-80	762753	2351	-80	762768	
0	0	0	1747	-79	762795	0	0	1705985	1883	-81	762818	2342	-79	762831	
0	0	0	1742	-79	762858	0	0	1705985	1883	-80	762879	2338	-79	762893	
0	0	0	1728	-79	762919	0	0	1705985	1873	-80	762941	2342	-79	762955	
0	0	0	1770	-79	762982	2774147072	8192	29886465	1855	-80	763005	2328	-79	763019	
0	0	0	1751	-79	763047	0	0	1705985	1897	-80	763068	2365	-79	763082	
0	0	0	1737	-79	763110	0	0	1705985	1902	-80	763131	2356	-79	763145	
0	0	0	1780	-79	763171	0	0	1705985	1878	-80	763192	2351	-80	763207	
0	0	0	1728	-79	763234	0	0	1705985	1873	-80	763257	2347	-79	763270	
0	0	0	1728	-79	763297	0	0	1705985	1887	-80	763318	2342	-79	763332	
0	0	0	1812	-79	763361	0	0	1705985	1897	-80	763382	2393	-79	763396	
0	0	0	1728	-79	763429	0	0	1705985	1916	-80	763450	2403	-79	763464	
0	0	0	1742	-79	763490	0	0	1705985	1925	-80	763511	2347	-79	763525	
0	0	0	1733	-79	763553	0	0	1705985	1887	-80	763574	2379	-79	763588	
0	0	0	1747	-79	763616	0	0	1705985	1897	-80	763637	2393	-79	763651	
0	0	0	1733	-79	763679	0	0	1705985	1878	-80	763701	2370	-79	763716	
0	0	0	1775	-79	763742	0	0	1705985	1902	-80	763763	2365	-80	763777	
0	0	0	1770	-79	763805	0	0	1705985	1911	-80	763827	2370	-79	763841	
0	0	0	1751	-79	763872	0	0	1705985	1911	-79	763893	2398	-79	763907	
0	0	0	1751	-79	763935	0	0	1705985	1883	-79	763956	2379	-80	763970	
0	0	0	1747	-79	763999	0	0	1705985	1897	-79	764020	2351	-79	764035	
0	0	0	1742	-79	764063	0	0	1705985	1892	-79	764085	2342	-79	764098	
0	0	0	1761	-79	764127	0	0	1705985	1892	-80	764148	2351	-79	764162	
0	0	0	1770	-79	764189	0	0	1705985	1887	-80	764210	2347	-79	764224	
0	0	0	1766	-79	764251	0	0	1705985	1934	-79	764272	2342	-79	764286	
0	0	0	1747	-79	764314	0	0	1705985	1906	-79	764336	2338	-79	764350	
0	0	0	1766	-80	764379	0	0	1705985	1925	-79	764400	2351	-79	764415	
0	0	0	1742	-79	764443	0	0	1705985	1902	-80	764464	2356	-79	764478	
0	0	0	1751	-79	764507	0	0	1705985	1916	-80	764528	2333	-80	764542	
0	0	0	1775	-79	764570	0	0	1705985	1925	-80	764592	2342	-79	764606	
0	0	0	1742	-79	764633	0	0	1705985	1944	-80	764654	2338	-79	764668	
0	0	0	1747	-79	764695	0	0	1705985	1892	-80	764716	2347	-79	764730	
0	0	0	1714	-79	764758	0	0	1705985	1911	-80	764779	2365	-85	764793	
0	0	0	1780	-79	764820	0	0	1705985	1902	-80	764841	2351	-79	764855	
0	0	0	1766	-79	764883	0	0	1705985	1902	-80	764904	2384	-79	764918	
0	0	0	1737	-79	764945	0	0	1705985	1878	-80	764966	2356	-79	764980	
0	0	0	1761	-79	765007	0	0	1705985	1897	-80	765028	2351	-80	765042	
0	0	0	1737	-79	765068	0	0	1705985	1906	-80	765090	2365	-79	765104	
0	0	0	1728	-79	765131	0	0	1705985	1906	-80	765152	2356	-79	765166	
0	0	0	1751	-79	765194	0	0	1705985	1934	-80	765215	2384	-79	765229	
0	0	0	1751	-79	765255	0	0	1705985	1920	-80	765276	2351	-79	765290	
0	0	0	1756	-79	765317	0	0	1705985	1948	-80	765338	2412	-79	765352	
0	0	0	1695	-79	765378	0	0	1705985	1953	-80	765399	2342	-79	765413	
0	0	0	1742	-79	765439	0	0	1705985	1967	-80	765460	2393	-79	765474	
0	0	0	1770	-79	765503	0	0	1705985	1911	-80	765524	2389	-79	765538	
0	0	0	1756	-79	765566	0	0	1705985	1953	-81	765587	2347	-80	765601	
0	0	0	1747	-79	765627	0	0	1705985	1939	-80	765649	2384	-79	765663	
0	0	0	1733	-79	765690	0	0	1705985	1981	-80	765711	2351	-79	765725	
0	0	0	1766	-79	765753	0	0	1705985	1911	-80	765774	2356	-79	765788	
0	0	0	1737	-79	765814	0	0	1705985	1963	-80	765835	2351	-79	765849	
0	0	0	1766	-79	765878	0	0	1705985	1916	-80	765900	2361	-79	765914	
0	0	0	1737	-79	765943	0	0	1705985	1916	-80	765964	2347	-79	765978	
0	0	0	1737	-79	766003	0	0	1705985	1920	-80	766025	2342	-79	766039	
0	0	0	1733	-79	766066	0	0	1705985	1939	-81	766087	2356	-79	766101	
0	0	0	1742	-79	766126	0	0	1705985	1930	-80	766148	2356	-79	766162	
0	0	0	1695	-79	766190	0	0	1705985	1897	-80	766211	2361	-80	766225	
0	0	0	1737	-79	766252	0	0	1705985	1911	-80	766273	2347	-79	766287	
0	0	0	1728	-79	766314	0	0	1705985	1887	-80	766335	2365	-80	766349	
0	0	0	1742	-79	766376	0	0	1705985	1887	-80	766397	2351	-79	766411	
0	0	0	1766	-79	766438	0	0	1705985	1920	-80	766459	2347	-79	766473	
0	0	0	1737	-79	766501	0	0	1705985	1934	-80	766523	2328	-79	766537	
0	0	0	1742	-79	766564	0	0	1705985	1920	-80	766586	2347	-80	766600	
0	0	0	1742	-79	766627	0	0	1705985	1920	-80	766648	2351	-79	766662	
0	0	0	1733	-79	766687	0	0	1705985	1939	-80	766709	2347	-79	766723	
0	0	0	1761	-79	766750	0	0	1705985	1930	-81	766772	2342	-79	766786	
0	0	0	1751	-79	766812	0	0	1705985	1916	-80	766834	2365	-79	766848	
0	0	0	1751	-79	766873	0	0	1705985	1897	-80	766895	2370	-79	766909	
0	0	0	1756	-79	766936	0	0	1705985	1906	-80	766957	2338	-80	766971	
0	0	0	1794	-79	766992	0	0	1705985	1892	-80	767014	2347	-79	767029	
0	0	0	1784	-79	767059	0	0	1705985	1883	-80	767080	2347	-79	767094	
0	0	0	1798	-79	767122	0	0	1705985	1873	-80	767143	2370	-79	767157	
0	0	0	1761	-79	767183	0	0	1705985	1911	-81	767204	2347	-79	767219	
0	0	0	1770	-79	767245	0	0	1705985	1873	-80	767266	2342	-79	767280	
0	0	0	1756	-79	767307	0	0	1705985	1873	-80	767328	2379	-79	767342	
0	0	0	1733	-79	767369	0	0	1705985	1887	-80	767390	2342	-79	767404	
0	0	0	1705	-79	767432	0	0	1705985	1887	-80	767453	2338	-79	767467	
0	0	0	1751	-79	767495	0	0	1705985	1892	-80	767516	2342	-79	767530	
0	0	0	1770	-79	767556	0	0	1705985	1887	-80	767578	2370	-80	767592	
0	0	0	1719	-79	767618	0	0	1705985	1930	-80	767639	2356	-79	767653	
0	0	0	1775	-79	767685	0	0	1705985	1916	-80	767706	2356	-79	767720	
0	0	0	1751	-79	767748	0	0	1705985	1930	-80	767769	2333	-79	767783	
0	0	0	1789	-79	767812	0	0	1705985	1939	-80	767833	2347	-79	767848	
0	0	0	1784	-79	767875	0	0	1705985	1958	-80	767898	2356	-80	767911	
0	0	0	1770	-79	767938	0	0	1705985	1953	-80	767959	2319	-79	767973	
Err	Err	Err	1700	-79	768001	0	0	1705985	1958	-80	768022	2319	-79	767973	
0	0	0	1737	-79	768053	0	0	1705985	1953	-81	768075	2370	-79	768089	
0	0	0	1751	-79	768117	0	0	1705985	1963	-80	768138	2361	-79	768152	
0	0	0	1723	-79	768181	0	0	1705985	1953	-80	768202	2351	-79	768217	
Err	Err	Err	1723	-79	768181	0	0	1705985	1944	-80	768261	2361	-79	768275	
0	0	0	1770	-79	768297	0	0	1705985	1934	-80	768318	2351	-79	768332	
0	0	0	1751	-79	768361	0	0	1705985	1934	-80	768382	2370	-79	768396	
0	0	0	1737	-79	768423	0	0	1705985	1920	-80	768444	2347	-79	768458	
0	0	0	1766	-79	768486	0	0	1705985	1916	-80	768507	2365	-80	768521	
0	0	0	1747	-79	768550	0	0	1705985	1902	-80	768571	2351	-80	768586	
0	0	0	1733	-79	768614	0	0	1705985	1911	-81	768636	2347	-79	768649	
0	0	0	1719	-79	768678	0	0	1705985	1911	-80	768699	2342	-79	768713	
0	0	0	1766	-79	768741	0	0	1705985	1916	-80	768763	2361	-79	768777	
0	0	0	1756	-79	768803	0	0	1705985	1911	-81	768825	2342	-79	768839	
0	0	0	1766	-79	768868	0	0	1705985	1916	-80	768889	2379	-80	768903	
0	0	0	1747	-79	768930	0	0	1705985	1920	-80	768953	2361	-80	768967	
0	0	0	1751	-79	768995	0	0	1705985	1864	-80	769016	2338	-79	769030	
0	0	0	1747	-79	769057	0	0	1705985	1883	-80	769079	2342	-80	769093	
0	0	0	1775	-79	769119	0	0	1705985	1902	-80	769140	2342	-79	769155	
0	0	0	1775	-79	769181	0	0	1705985	1887	-80	769202	2342	-79	769216	
Err	Err	Err	1794	-79	769242	0	0	1705985	1887	-81	769264	2342	-79	769216	
0	0	0	1770	-79	769294	0	0	1705985	1930	-81	769315	2347	-79	769329	
0	0	0	1780	-79	769355	0	0	1705985	1906	-80	769377	2351	-79	769391	
0	0	0	1761	-79	769419	0	0	1705985	1887	-80	769440	2389	-79	769454	
0	0	0	1770	-79	769486	0	0	1705985	1920	-80	769507	2347	-79	769521	
0	0	0	1751	-79	769548	0	0	1705985	1916	-80	769569	2347	-79	769583	
0	0	0	1756	-79	769611	0	0	1705985	1916	-80	769632	2333	-79	769646	
0	0	0	1780	-79	769674	0	0	1705985	1944	-81	769695	2370	-80	769709	
0	0	0	1803	-79	769734	0	0	1705985	1902	-80	769756	2342	-80	769770	
0	0	0	1775	-79	769798	0	0	1705985	1892	-80	769819	2347	-79	769833	
0	0	0	1794	-79	769861	0	0	1705985	1906	-81	769883	2342	-79	769896	
0	0	0	1733	-79	769923	0	0	1705985	1887	-81	769945	2342	-80	769959	
0	0	0	1742	-79	769986	0	0	1705985	1869	-80	770007	2356	-80	770021	
0	0	0	1742	-79	770048	0	0	1705985	1883	-80	770070	2356	-80	770084	
0	0	0	1770	-79	770110	0	0	1705985	1869	-80	770131	2347	-80	770145	
0	0	0	1803	-79	770172	0	0	1705985	1859	-80	770193	2338	-79	770207	
0	0	0	1766	-79	770235	0	0	1705985	1869	-80	770256	2361	-80	770270	
0	0	0	1803	-79	770297	0	0	1705985	1887	-80	770318	2324	-80	770332	
0	0	0	1808	-79	770360	0	0	1705985	1873	-80	770381	2338	-80	770395	
0	0	0	1780	-79	770423	0	0	1705985	1892	-81	770444	2347	-79	770458	
0	0	0	1770	-79	770484	0	0	1705985	1892	-80	770506	2365	-80	770520	
0	0	0	1751	-79	770546	0	0	1705985	1883	-80	770567	2333	-80	770581	
0	0	0	1747	-79	770609	0	0	1705985	1892	-80	770630	2361	-80	770644	
0	0	0	1742	-79	770671	0	0	1705985	1902	-80	770693	2356	-79	770707	
0	0	0	1803	-79	770735	0	0	1705985	1902	-80	770756	2347	-80	770770	
0	0	0	1766	-79	770798	0	0	1705985	1873	-81	770819	2375	-79	770833	
0	0	0	1780	-79	770861	0	0	1705985	1873	-81	770882	2375	-80	770896	
0	0	0	1766	-79	770924	0	0	1705985	1883	-80	770945	2356	-80	770959	
0	0	0	1775	-79	770985	0	0	1705985	1916	-80	771006	2361	-79	771020	
0	0	0	1761	-79	771046	0	0	1705985	1902	-80	771068	2403	-79	771082	
0	0	0	1775	-79	771108	0	0	1705985	1883	-80	771130	2365	-79	771144	
0	0	0	1747	-79	771171	0	0	1705985	1887	-80	771193	2365	-79	771207	
0	0	0	1784	-79	771232	0	0	1705985	1887	-80	771253	2398	-79	771267	
0	0	0	1798	-79	771294	0	0	1705985	1883	-80	771315	2365	-79	771329	
0	0	0	1789	-79	771357	0	0	1705985	1911	-80	771378	2375	-79	771392	
0	0	0	1794	-79	771421	0	0	1705985	1883	-80	771442	2393	-79	771456	
0	0	0	1751	-79	771484	0	0	1705985	1887	-80	771505	2361	-79	771519	
0	0	0	1798	-79	771546	0	0	1705985	1887	-80	771568	2375	-79	771582	
0	0	0	1766	-79	771608	0	0	1705985	1911	-79	771629	2384	-80	771643	
0	0	0	1766	-79	771670	0	0	1705985	1902	-80	771691	2361	-79	771705	
0	0	0	1812	-79	771735	0	0	1705985	1850	-80	771756	2370	-79	771770	
0	0	0	1719	-79	771796	0	0	1705985	1855	-79	771818	2393	-80	771832	
0	0	0	1775	-79	771861	0	0	1705985	1883	-80	771882	2403	-80	771896	
0	0	0	1784	-79	771922	0	0	1705985	1845	-80	771943	2384	-80	771957	
0	0	0	1784	-79	771984	0	0	1705985	1869	-80	772005	2389	-80	772019	
0	0	0	1770	-79	772046	0	0	1705985	1892	-80	772067	2365	-80	772081	
0	0	0	1733	-79	772109	0	0	1705985	1859	-79	772130	2347	-79	772144	
0	0	0	1775	-79	772174	0	0	1705985	1869	-80	772195	2389	-80	772209	
0	0	0	1784	-79	772239	0	0	1705985	1864	-80	772260	2361	-79	772274	
0	0	0	1766	-79	772303	0	0	1705985	1845	-80	772325	2351	-80	772339	
0	0	0	1784	-79	772365	0	0	1705985	1841	-80	772386	2379	-80	772400	
0	0	0	1798	-79	772427	2774663168	8192	460801	1864	-80	772448	2370	-80	772462	
0	0	0	1794	-79	772491	0	0	1705985	1850	-80	772512	2347	-80	772526	
0	0	0	1775	-79	772551	0	0	1705985	1845	-80	772573	2356	-79	772587	
0	0	0	1751	-79	772613	0	0	1705985	1836	-80	772634	2347	-80	772648	
0	0	0	1798	-79	772675	0	0	1705985	1855	-80	772696	2356	-80	772710	
0	0	0	1803	-79	772736	0	0	1705985	1869	-80	772758	2379	-79	772771	
0	0	0	1784	-79	772801	0	0	1705985	1845	-80	772822	2375	-79	772836	
0	0	0	1794	-79	772862	0	0	1705985	1859	-80	772883	2384	-80	772898	
0	0	0	1780	-79	772924	0	0	1705985	1836	-79	772948	2365	-79	772961	
0	0	0	1766	-79	772989	0	0	1705985	1887	-79	773010	2356	-79	773024	
0	0	0	1761	-79	773052	0	0	1705985	1878	-81	773073	2379	-79	773087	
0	0	0	1705	-79	773113	0	0	1705985	1869	-80	773134	2370	-79	773148	
0	0	0	1770	-79	773175	0	0	1705985	1859	-80	773197	2389	-80	773210	
0	0	0	1784	-79	773238	0	0	1705985	1911	-80	773260	2379	-79	773274	
0	0	0	1789	-79	773303	0	0	1705985	1883	-81	773324	2407	-80	773338	
0	0	0	1784	-79	773367	0	0	1705985	1859	-80	773388	2407	-79	773402	
0	0	0	1794	-79	773430	0	0	1705985	1855	-80	773451	2389	-79	773465	
0	0	0	1761	-79	773492	0	0	1705985	1864	-81	773514	2361	-79	773528	
0	0	0	1728	-79	773553	0	0	1705985	1878	-80	773574	2375	-79	773588	
0	0	0	1798	-79	773616	0	0	1705985	1827	-80	773637	2370	-80	773651	
Err	Err	Err	1789	-79	773680	0	0	1705985	1827	-80	773637	2347	-80	773708	
0	0	0	1728	-79	773731	0	0	1705985	1845	-81	773752	2351	-80	773766	
0	0	0	1756	-79	773793	0	0	1705985	1855	-80	773814	2375	-80	773828	
0	0	0	1751	-79	773855	0	0	1705985	1841	-80	773876	2338	-80	773890	
0	0	0	1751	-79	773919	0	0	1705985	1841	-80	773940	2342	-80	773954	
0	0	0	1798	-79	773982	0	0	1705985	1859	-80	774003	2342	-80	774017	
0	0	0	1747	-79	774042	0	0	1705985	1845	-80	774063	2361	-80	774077	
0	0	0	1766	-79	774105	0	0	1705985	1845	-80	774126	2342	-80	774140	
0	0	0	1766	-79	774168	0	0	1705985	1873	-80	774189	2356	-79	774203	
Err	Err	Err	1766	-79	774168	0	0	1705985	1841	-80	774246	2338	-80	774260	
0	0	0	1770	-79	774282	0	0	1705985	1855	-80	774304	2370	-80	774318	
0	0	0	1780	-79	774344	0	0	1705985	1831	-80	774366	2342	-80	774380	
0	0	0	1761	-79	774407	0	0	1705985	1873	-80	774428	2361	-79	774442	
0	0	0	1794	-79	774468	0	0	1705985	1831	-80	774490	2379	-80	774504	
0	0	0	1742	-79	774531	0	0	1705985	1836	-80	774552	2342	-79	774566	
0	0	0	1766	-79	774593	0	0	1705985	1864	-80	774614	2370	-79	774628	
0	0	0	1751	-79	774654	0	0	1705985	1864	-80	774675	2356	-79	774689	
0	0	0	1756	-79	774717	0	0	1705985	1859	-80	774738	2370	-79	774752	
0	0	0	1794	-79	774777	0	0	1705985	1864	-80	774799	2365	-79	774813	
0	0	0	1728	-79	774840	0	0	1705985	1864	-80	774861	2342	-79	774875	
0	0	0	1756	-79	774903	0	0	1705985	1850	-80	774924	2356	-79	774938	
0	0	0	1723	-79	774965	0	0	1705985	1897	-80	774986	2324	-80	775000	
0	0	0	1756	-79	775028	0	0	1705985	1831	-80	775050	2389	-79	775064	
0	0	0	1766	-79	775091	0	0	1705985	1869	-81	775112	2379	-80	775126	
0	0	0	1742	-80	775154	0	0	1705985	1916	-80	775175	2351	-80	775189	
0	0	0	1747	-79	775218	0	0	1705985	1836	-80	775240	2347	-79	775254	
0	0	0	1756	-79	775282	0	0	1705985	1850	-80	775303	2351	-79	775317	
0	0	0	1751	-79	775346	0	0	1705985	1859	-80	775367	2365	-79	775381	
0	0	0	1775	-79	775407	0	0	1705985	1869	-80	775428	2356	-79	775442	
0	0	0	1719	-79	775468	0	0	1705985	1883	-80	775490	2351	-79	775504	
0	0	0	1817	-79	775532	0	0	1705985	1836	-80	775553	2347	-80	775567	
0	0	0	1737	-79	775594	0	0	1705985	1855	-80	775616	2375	-80	775630	
0	0	0	1780	-78	775657	0	0	1705985	1845	-80	775678	2365	-79	775692	
0	0	0	1789	-79	775718	0	0	1705985	1827	-80	775739	2342	-79	775753	
0	0	0	1728	-79	775782	0	0	1705985	1827	-80	775803	2342	-79	775817	
0	0	0	1770	-79	775845	0	0	1705985	1850	-80	775866	2384	-80	775880	
0	0	0	1812	-78	775907	0	0	1705985	1845	-80	775929	2384	-79	775943	
0	0	0	1780	-79	775972	0	0	1705985	1855	-80	775993	2356	-80	776007	
0	0	0	1789	-79	776034	0	0	1705985	1911	-80	776055	2398	-80	776069	
0	0	0	1747	-79	776098	0	0	1705985	1883	-80	776119	2370	-79	776133	
0	0	0	1775	-79	776161	0	0	1705985	1864	-81	776182	2379	-80	776196	
0	0	0	1766	-79	776223	0	0	1705985	1869	-80	776244	2365	-79	776258	
0	0	0	1761	-79	776284	0	0	1705985	1859	-80	776305	2361	-79	776319	
0	0	0	1789	-79	776345	0	0	1705985	1883	-80	776366	2375	-79	776380	
0	0	0	1761	-79	776406	0	0	1705985	1841	-80	776427	2356	-79	776441	
0	0	0	1775	-79	776468	0	0	1705985	1869	-80	776490	2375	-79	776504	
0	0	0	1775	-79	776530	0	0	1705985	1869	-80	776551	2384	-80	776565	
0	0	0	1756	-79	776593	0	0	1705985	1859	-80	776614	2338	-79	776628	
0	0	0	1822	-79	776656	0	0	1705985	1887	-80	776678	2347	-79	776692	
0	0	0	1803	-79	776720	0	0	1705985	1864	-81	776741	2365	-79	776755	
0	0	0	1789	-79	776782	0	0	1705985	1850	-80	776804	2361	-79	776818	
0	0	0	1812	-79	776846	0	0	1705985	1859	-80	776868	2351	-79	776882	
0	0	0	1775	-79	776910	0	0	1705985	1873	-81	776931	2347	-80	776945	
0	0	0	1784	-79	776972	0	0	1705985	1878	-80	776993	2403	-80	777007	
0	0	0	1770	-79	777033	0	0	1705985	1845	-80	777054	2347	-80	777068	
0	0	0	1761	-80	777095	0	0	1705985	1864	-81	777117	2351	-79	777131	
0	0	0	1756	-79	777159	0	0	1705985	1878	-80	777180	2342	-79	777194	
0	0	0	1789	-78	777223	0	0	1705985	1906	-80	777244	2389	-79	777260	
0	0	0	1784	-78	777285	0	0	1705985	1878	-80	777307	2379	-79	777321	
0	0	0	1751	-78	777347	0	0	1705985	1859	-80	777369	2342	-80	777382	
0	0	0	1770	-79	777410	0	0	1705985	1841	-80	777431	2356	-80	777445	
0	0	0	1756	-79	777472	0	0	1705985	1845	-80	777493	2407	-80	777507	
0	0	0	1780	-79	777534	0	0	1705985	1836	-80	777556	2375	-79	777570	
0	0	0	1775	-79	777597	0	0	1705985	1855	-80	777618	2347	-79	777632	
0	0	0	1789	-79	777659	0	0	1705985	1864	-80	777680	2389	-79	777694	
0	0	0	1775	-79	777720	0	0	1705985	1850	-80	777742	2389	-80	777756	
0	0	0	1766	-79	777782	0	0	1705985	1831	-79	777803	2338	-79	777818	
0	0	0	1766	-79	777844	0	0	1705985	1845	-80	777865	2393	-79	777879	
0	0	0	1747	-79	777907	0	0	1705985	1812	-80	777928	2361	-79	777942	
0	0	0	1812	-79	777970	0	0	1705985	1827	-81	777991	2361	-80	778005	
0	0	0	1789	-80	778034	0	0	1705985	1822	-80	778055	2347	-80	778069	
0	0	0	1775	-80	778095	0	0	1705985	1803	-80	778116	2338	-80	778130	
Percentuale di fallimenti nel positioning: 3.9%
