1 19948 1 19873 236946652
1 19910 1 19835 236961536
1 19835 1 19760 236976440
1 19760 1 19798 236991316
1 19873 1 19835 237006216
1 19835 1 19798 237021096
1 19760 1 19760 237035992
1 21411 1 19873 237050876
0 0 0 0 237065772
1 19910 0 0 237080440
1 19798 1 19835 237094632
1 19798 0 0 237109524
1 19798 0 0 237123708
1 19835 1 19873 237139076
1 19835 1 19910 237153960
1 19948 0 0 237168852
1 19873 1 19835 237183020
1 19910 1 19873 237197904
1 19873 1 19910 237212796
1 19873 0 0 237227688
1 19835 1 19873 237243092
1 19910 0 0 237257976
1 19892 0 0 237272168
1 19892 1 19910 237286352
1 19854 1 19835 237301236
1 19892 1 19798 237316124
1 19892 1 19835 237331020
1 19854 1 19798 237345928
1 19892 0 0 237360796
1 19854 1 19873 237374984
1 19854 0 0 237389888
1 19929 1 19835 237404068
1 19892 0 0 237418972
1 19967 0 0 237433144
1 19817 1 19892 237447316
1 19929 1 19892 237462196
1 19854 1 19742 237477084
1 19892 0 0 237491980
1 19929 1 19854 237506172
1 19929 1 19779 237521064
1 19892 0 0 237535968
1 19854 1 19892 237550144
1 19892 1 19854 237565036
1 19817 1 19892 237579924
1 19892 1 19854 237594800
1 19854 1 19779 237609704
1 19929 1 19779 237624592
1 19892 1 19854 237639504
1 19929 0 0 237654400
1 19929 0 0 237669768
1 19892 1 19817 237683960
1 19929 1 19817 237697668
1 19892 0 0 237712560
1 19929 1 19817 237726748
1 19929 1 19817 237741636
1 19892 1 19892 237756536
1 19854 1 19779 237771424
1 19892 0 0 237786312
1 19854 1 19929 237801688
1 19929 1 19854 237816580
1 19854 0 0 237831472
1 19892 0 0 237845652
1 19892 1 19817 237859816
1 19892 0 0 237874708
1 21430 1 19779 237888888
1 19892 1 19854 237903780
1 19892 1 19892 237918668
1 19967 1 19854 237933576
1 19929 1 19873 237948468
1 19854 0 0 237963356
1 19817 1 19798 237977536
1 21355 1 19798 237992436
1 19854 1 19835 238007336
1 19892 0 0 238022240
1 19817 1 19873 238036440
1 19892 1 19873 238051324
1 19854 1 19948 238066236
1 19854 1 19835 238081120
1 19817 0 0 238096012
1 19854 0 0 238111380
1 19854 1 19835 238125564
1 19779 1 19760 238140468
1 19929 1 19835 238155348
1 19892 1 19873 238170248
1 19817 1 19873 238185140
1 19892 0 0 238200028
1 19854 1 19835 238215404
1 19817 1 19798 238230292
1 19817 0 0 238245184
1 19779 1 19835 238259368
1 19892 1 19760 238274252
1 19835 1 19798 238289136
1 19835 0 0 238304052
1 19798 1 19760 238318252
1 19760 1 19723 238333164
1 19835 0 0 238348052
1 19873 0 0 238362236
1 19873 1 19798 238376424
1 19760 1 19835 238391316
1 19835 0 0 238406220
1 19873 1 19760 238420404
1 19835 1 19760 238435296
1 19798 0 0 238450200
1 19873 0 0 238464384
1 19760 0 0 238478564
1 19835 0 0 238492740
1 19835 1 19760 238508116
1 19873 1 19760 238523016
1 19910 1 19835 238537900
1 19798 0 0 238552812
1 19798 1 19910 238567008
1 19873 1 19760 238581908
1 19910 1 19835 238596804
1 19873 1 19835 238611688
1 19873 0 0 238626604
1 19798 0 0 238641964
1 19835 0 0 238656152
1 19798 1 19760 238670356
1 19910 1 19873 238685244
1 19835 0 0 238700132
1 19835 0 0 238714316
1 19798 0 0 238728480
1 19835 0 0 238743848
1 19873 1 19798 238758036
1 19723 0 0 238772924
1 19760 0 0 238787104
1 19915 0 0 238801284
1 19803 0 0 238815444
1 19878 1 19798 238830824
1 19878 1 19798 238845716
1 19953 1 19835 238860612
1 19840 1 19835 238875504
1 19840 1 19835 238890412
1 19915 1 19835 238905300
1 19878 1 19835 238920192
1 19915 1 19798 238935104
1 19878 1 19835 238950004
1 19953 1 19873 238964900
1 19728 0 0 238979792
1 19840 1 19760 238993972
1 19878 1 19817 239008860
1 19803 0 0 239023760
1 19840 0 0 239037952
1 19915 1 19892 239052144
1 19878 1 19892 239067032
1 19878 1 19742 239081936
1 19915 1 19854 239096832
1 19953 1 19854 239111744
1 19915 0 0 239126644
1 19803 0 0 239140816
1 19878 1 19779 239154992
1 19915 1 19704 239169892
1 19878 1 19854 239184796
1 19840 0 0 239199676
1 19915 1 19892 239213872
1 19915 1 19817 239228756
1 19878 1 19854 239243656
1 19840 0 0 239258552
1 19915 0 0 239272748
1 19803 0 0 239286920
1 19878 0 0 239301112
1 19803 0 0 239316468
1 19803 0 0 239330636
1 19765 1 19779 239344808
1 19840 1 19892 239359700
1 19878 0 0 239374596
1 19765 0 0 239388776
1 19840 0 0 239402972
1 19803 0 0 239418340
1 19878 1 19779 239432516
1 19915 1 20042 239447408
1 19915 1 19892 239462308
1 19915 1 19817 239477204
1 19915 0 0 239492100
1 19878 1 19854 239506276
1 19878 0 0 239521176
1 19953 0 0 239535356
1 19915 1 19798 239549548
1 19915 1 19835 239564436
1 19915 0 0 239579328
1 19915 1 19798 239593520
1 19840 1 19798 239608416
1 19915 1 19835 239623312
1 19878 1 19798 239638216
1 19878 1 19760 239653104
1 19878 1 19910 239668012
1 19840 1 19798 239682904
1 19990 0 0 239697804
1 19915 0 0 239713164
1 19953 1 19873 239727332
1 19878 1 19873 239742240
1 19915 0 0 239757128
1 19915 0 0 239771336
1 19878 0 0 239785520
1 19915 1 19835 239799684
1 19948 1 19873 239814556
1 19948 1 19798 239829464
1 19873 0 0 239844340
1 19873 1 19798 239858524
1 19873 1 19910 239873428
1 19798 1 19798 239888320
1 19910 0 0 239903212
1 19910 0 0 239917372
1 19910 0 0 239931544
1 19798 0 0 239946900
1 19873 0 0 239961064
1 19835 0 0 239975236
1 19798 1 19835 239989444
1 19873 1 19910 240004344
1 19835 0 0 240019236
1 19910 0 0 240033420
1 19798 0 0 240047596
1 19910 0 0 240062960
1 19835 1 19948 240077148
1 19798 0 0 240092036
1 19873 1 19798 240106220
1 19835 1 19798 240121124
1 19798 0 0 240136016
1 19873 0 0 240150212
1 19910 1 19835 240164396
1 19798 0 0 240179280
1 19760 0 0 240193456
1 19835 0 0 240208828
1 19910 1 19798 240223012
1 19910 0 0 240237896
1 19835 0 0 240252080
1 19835 1 19835 240266272
1 19835 0 0 240281160
1 19798 0 0 240295348
1 19835 1 19798 240310732
1 19835 1 19760 240325612
1 19873 1 19798 240340516
1 19873 0 0 240355408
1 19835 0 0 240370796
1 19798 0 0 240384960
1 19835 0 0 240399144
1 19798 1 19798 240413328
1 19798 1 19835 240428240
1 19723 0 0 240443132
1 19798 0 0 240457304
1 19873 1 19798 240472684
1 19760 1 19760 240487568
1 19835 0 0 240502444
1 19873 1 19835 240516644
1 19873 0 0 240531536
1 19835 1 19798 240545716
1 19835 0 0 240560608
1 19798 0 0 240574784
1 19760 1 19798 240588960
1 19835 0 0 240603860
1 19835 0 0 240618040
1 19835 1 19835 240633404
1 19835 1 19835 240648292
1 19798 1 19760 240663192
1 19873 1 19835 240678080
1 19798 0 0 240692980
1 19798 1 19835 240708352
1 19798 1 19835 240723256
1 19798 1 19873 240738140
1 19835 1 19873 240753040
1 19835 1 19873 240767936
1 19835 0 0 240782832
1 19798 1 19873 240797016
1 19873 1 19873 240811904
1 19779 0 0 240826800
1 19817 0 0 240840992
1 19817 0 0 240856368
1 19854 1 19798 240870544
1 19817 1 19760 240885420
1 19817 1 19873 240900324
1 19779 1 19835 240915224
1 19854 1 19723 240930120
1 19742 1 19798 240945032
1 19817 1 19723 240959924
1 19817 0 0 240974820
1 19817 0 0 240990192
1 19892 1 19760 241004372
1 19779 1 19798 241019276
1 19817 1 19760 241034160
1 19854 1 19835 241049076
1 19817 0 0 241063988
1 19742 1 19835 241078184
1 19817 0 0 241093084
1 19742 1 19854 241107256
1 19779 1 19779 241122140
1 19742 1 19779 241137032
1 19817 1 19854 241151928
1 19779 0 0 241166844
1 19779 0 0 241181020
1 19704 0 0 241195208
1 19817 0 0 241209388
1 19779 1 19779 241223568
1 19779 1 19779 241238476
1 19817 1 19854 241253364
1 19892 0 0 241268276
1 19854 0 0 241282452
1 19817 0 0 241296628
1 19892 1 19779 241312008
1 19915 0 0 241326908
1 19803 0 0 241341092
1 19765 0 0 241355292
1 19840 0 0 241369468
1 19803 0 0 241384832
1 19840 0 0 241398996
1 19765 1 19817 241413172
1 19803 0 0 241428052
1 19840 0 0 241442256
1 19840 0 0 241456440
1 19840 0 0 241471816
1 19803 1 19779 241485976
1 19878 1 19817 241500860
1 19840 1 19817 241515752
1 19840 0 0 241530644
1 19878 0 0 241544848
1 19840 1 19817 241559028
0 0 0 0 241573936
1 19915 1 19854 241588624
1 19840 0 0 241603516
1 19878 0 0 241617704
1 19878 0 0 241631888
1 19803 0 0 241646076
1 19915 1 19779 241660256
1 19840 0 0 241675156
1 19765 0 0 241689312
1 19803 0 0 241704684
1 19878 1 19854 241718872
1 19803 0 0 241733776
1 19878 0 0 241747944
1 19840 1 19779 241762124
1 19840 0 0 241777036
1 19803 1 19854 241791204
1 19878 1 19817 241806092
0 0 0 0 241820992
1 19840 1 19817 241834476
1 19803 0 0 241849372
1 19840 1 19817 241863564
1 19840 1 19779 241878456
1 20365 0 0 241893368
1 19840 0 0 241907536
1 19803 0 0 241921732
1 19803 0 0 241935900
1 19803 0 0 241950076
1 19803 0 0 241965448
1 19803 1 19854 241979628
1 19840 0 0 241994512
1 19915 0 0 242008696
1 19915 0 0 242022876
1 19803 0 0 242037052
1 19840 1 19779 242052420
1 19915 1 19779 242067304
1 19840 0 0 242082196
1 19878 0 0 242096364
1 19878 0 0 242110548
0 0 0 0 242124716
1 19803 0 0 242138204
1 19878 0 0 242152380
1 19803 0 0 242166576
1 19915 0 0 242180776
1 19765 0 0 242194976
1 19765 1 19878 242210340
1 19840 0 0 242225232
1 19878 1 19765 242239412
1 19878 1 19803 242254316
1 19840 0 0 242269204
1 19840 0 0 242283396
1 19803 0 0 242297572
1 19803 0 0 242311776
1 19803 0 0 242327144
1 19817 0 0 242341320
1 19817 0 0 242355492
1 19817 1 19803 242369680
1 19779 0 0 242384560
1 19854 0 0 242398760
1 19854 1 19803 242414124
1 19892 0 0 242429012
1 19779 1 19728 242443192
1 19854 0 0 242458084
1 19817 0 0 242472272
1 19854 0 0 242486456
1 19854 0 0 242500648
1 19779 0 0 242516016
1 19817 0 0 242530192
1 19817 1 19728 242544392
1 19817 0 0 242559288
1 19779 1 19840 242573464
1 19817 1 19803 242588364
1 19854 0 0 242603248
1 19854 1 19840 242617432
1 19854 0 0 242632328
1 19779 0 0 242646500
1 19704 0 0 242661876
1 19817 0 0 242676064
1 19779 0 0 242690244
1 19817 0 0 242704436
1 19779 0 0 242718600
1 19742 0 0 242733960
1 19704 0 0 242748168
1 19742 0 0 242762344
1 19742 0 0 242776524
1 19817 0 0 242791884
1 19704 0 0 242806052
1 19779 0 0 242820232
1 19817 0 0 242834404
1 19728 0 0 242849772
1 19765 0 0 242863944
1 19840 0 0 242878112
1 19803 0 0 242892308
1 19840 1 19854 242907692
1 19840 0 0 242922572
1 19803 0 0 242936764
1 19728 0 0 242950948
1 21304 0 0 242965132
1 19728 1 19929 242979312
1 19765 0 0 242994212
1 19840 1 19704 243008384
1 19803 0 0 243023280
1 19728 1 19639 243038644
0 0 0 0 243053552
1 19765 0 0 243067036
1 19840 0 0 243081216
1 19840 0 0 243096592
1 19840 0 0 243110772
1 19840 0 0 243124944
1 19803 0 0 243139136
1 19765 0 0 243154492
1 19803 0 0 243168668
1 19840 0 0 243182840
1 19803 0 0 243197032
1 19803 0 0 243211200
1 19765 0 0 243226588
1 19765 0 0 243240768
1 19765 1 19779 243254956
1 19840 0 0 243269852
1 19915 1 19779 243284036
1 19765 1 19854 243298920
1 19878 1 19742 243313812
1 19840 0 0 243328712
1 19728 0 0 243342884
1 19784 0 0 243357060
1 19934 0 0 243372432
1 19859 0 0 243386612
1 19934 0 0 243400808
1 19859 1 19854 243414988
1 19859 0 0 243429876
1 19859 0 0 243444048
1 19859 0 0 243459420
1 19859 0 0 243473608
1 19859 0 0 243487796
1 19784 0 0 243501968
0 0 0 0 243517336
1 19821 0 0 243530820
1 19821 0 0 243546192
1 19859 0 0 243560376
1 19934 0 0 243574564
1 19859 0 0 243588756
0 0 0 0 243602944
1 19784 1 19742 243616424
1 19971 1 19779 243631328
1 19784 0 0 243646220
1 19821 0 0 243660404
1 19784 0 0 243674596
1 19746 0 0 243688760
1 19709 0 0 243704148
1 19896 0 0 243718344
1 19896 1 19817 243732512
1 19821 0 0 243747400
1 19784 0 0 243761604
1 19859 0 0 243775788
1 19896 0 0 243791164
1 19896 1 19854 243805336
1 20009 0 0 243820220
1 19934 0 0 243834404
0 0 0 0 243848576
1 19915 0 0 243862056
1 19840 1 19892 243876236
1 19878 0 0 243891124
1 19840 0 0 243905324
1 19840 0 0 243919512
1 19840 1 19840 243933688
1 19765 0 0 243948612
1 19728 1 19765 243963984
1 19765 1 19840 243978876
1 19765 0 0 243993756
1 19840 1 19840 244007924
1 19878 0 0 244022820
1 19765 0 0 244037004
1 19840 0 0 244051192
1 19803 0 0 244065380
1 19728 0 0 244079560
1 19728 0 0 244094928
1 19878 0 0 244109108
0 0 0 0 244123308
1 19765 0 0 244137972
1 19803 0 0 244152148
1 19840 0 0 244166352
1 19765 0 0 244181712
1 19765 0 0 244195896
1 19803 0 0 244210072
1 19700 1 19803 244224244
1 19803 1 19878 244239136
1 19803 0 0 244254032
1 19840 0 0 244268228
1 19803 0 0 244282416
1 21266 0 0 244297788
1 19840 1 19803 244311964
1 19840 0 0 244326860
1 19765 0 0 244341024
0 0 0 0 244355200
1 19817 0 0 244368664
1 19817 1 20178 244382844
0 0 0 0 244397736
1 19742 0 0 244413600
1 19779 0 0 244427784
1 19779 1 20192 244441960
1 19677 1 19677 244456844
1 19742 1 19704 244471724
1 19704 1 20229 244486640
1 19742 1 19779 244501532
1 19817 1 19677 244516428
1 19854 1 20192 244531320
1 19704 1 20229 244546212
1 19779 1 20229 244561116
1 19742 0 0 244576020
1 19817 1 20154 244591396
1 19779 1 19779 244606300
1 19779 0 0 244621200
1 19854 0 0 244636572
1 19779 1 19779 244650760
1 19892 1 20229 244665668
1 19817 1 19779 244680548
1 19742 0 0 244695452
1 19704 0 0 244709644
1 19892 0 0 244723828
1 19854 0 0 244738000
1 19742 0 0 244753368
1 19779 0 0 244767552
1 19742 0 0 244781732
0 0 1 19742 244795928
1 19817 0 0 244810112
1 19817 0 0 244824296
1 19817 0 0 244838472
0 0 0 0 244852648
1 19817 1 19779 244866124
1 19878 0 0 244881024
1 19840 0 0 244896404
1 19840 0 0 244910572
1 19878 0 0 244924752
1 19840 0 0 244938912
1 19765 0 0 244954272
1 19803 0 0 244968444
1 19765 0 0 244982596
1 19840 0 0 244996804
0 0 1 19803 245012172
1 19728 0 0 245026376
1 19840 1 20253 245040556
1 19728 0 0 245055440
1 19840 0 0 245069616
1 19765 0 0 245083808
1 19840 1 19765 245099188
1 19840 0 0 245114092
1 19840 0 0 245128276
1 19803 0 0 245142440
0 0 0 0 245156620
1 19915 1 19803 245171296
1 19953 0 0 245186192
1 19803 0 0 245200376
1 19840 0 0 245214564
1 19878 0 0 245229928
0 0 0 0 245244112
1 19765 0 0 245258800
1 19840 0 0 245272980
1 19840 1 20215 245287152
1 19878 0 0 245302036
1 19803 1 19840 245316220
1 19840 1 19840 245331116
1 19915 0 0 245346016
0 0 0 0 245360204
1 19803 1 19803 245374868
1 19803 1 19765 245389784
1 19878 0 0 245404668
1 19840 1 20253 245418848
1 19728 0 0 245433736
1 19803 0 0 245447916
1 19840 1 19765 245462120
1 19878 1 19728 245477012
1 19840 0 0 245491908
1 19728 0 0 245506092
1 19803 1 19704 245520272
0 0 0 0 245535172
1 19840 1 19779 245548656
1 19840 1 19779 245563540
1 19765 0 0 245578436
1 19803 1 19704 245593800
1 19803 0 0 245608688
1 19840 0 0 245622892
1 19700 0 0 245637072
1 19803 0 0 245651252
1 19840 0 0 245666632
0 0 0 0 245680824
1 19765 1 19742 245695500
1 21754 0 0 245710392
0 0 1 19779 245725776
0 0 0 0 245739972
1 19803 0 0 245753468
1 19803 0 0 245767664
1 19840 0 0 245781852
1 19728 0 0 245796028
1 19840 0 0 245810216
0 0 0 0 245825588
1 19878 0 0 245839072
1 19803 1 19779 245853240
0 0 0 0 245868132
1 19803 0 0 245881612
1 19817 0 0 245895784
1 19817 1 19817 245909968
0 0 0 0 245924856
0 0 0 0 245938328
0 0 0 0 245951804
0 0 0 0 245965280
1 19817 0 0 245978748
1 19704 0 0 245992940
1 19817 0 0 246007096
1 19779 0 0 246022472
1 19817 0 0 246036644
0 0 0 0 246050828
1 19817 1 19779 246064320
1 19854 0 0 246079216
1 19817 0 0 246093408
1 19779 0 0 246107580
1 19817 0 0 246121756
0 0 1 19892 246135940
1 19742 1 19854 246150104
0 0 0 0 246165004
1 19779 0 0 246179672
1 19677 0 0 246193864
1 19779 0 0 246209236
1 19854 0 0 246223420
0 0 0 0 246237612
0 0 0 0 246251108
0 0 0 0 246264592
1 19817 0 0 246278080
1 19779 0 0 246292280
1 19677 1 19817 246306448
1 19779 0 0 246321344
1 19817 0 0 246335536
1 19742 0 0 246349704
0 0 0 0 246365064
1 19817 1 19742 246378552
1 19742 0 0 246393440
1 19878 1 19817 246407644
1 19878 0 0 246422528
1 19765 1 19704 246436700
1 19840 1 19742 246451600
1 19878 0 0 246466488
1 19728 0 0 246480688
1 19765 0 0 246496048
1 19840 0 0 246510220
1 19840 0 0 246524404
1 19765 0 0 246538568
1 19700 0 0 246553952
1 19765 0 0 246568132
1 19878 0 0 246582316
1 19803 0 0 246596492
1 19840 0 0 246611876
1 19803 0 0 246626056
1 19803 0 0 246640244
1 19803 0 0 246654412
1 19803 1 19798 246668584
1 19915 0 0 246683480
1 19803 0 0 246698860
1 19840 0 0 246713036
0 0 0 0 246727216
1 19878 0 0 246740688
1 19700 0 0 246754872
1 20328 0 0 246769052
1 19728 0 0 246783224
1 19765 0 0 246797420
1 19878 0 0 246812784
1 19840 0 0 246826952
1 19728 0 0 246841140
0 0 0 0 246855320
1 19803 1 19835 246870000
1 19803 1 19798 246884896
1 19878 0 0 246899792
0 0 1 19910 246913976
1 19765 0 0 246928164
0 0 0 0 246942348
1 19840 0 0 246955820
1 19915 0 0 246970008
1 21304 0 0 246984164
1 19840 0 0 246998340
1 19840 1 19798 247013716
0 0 0 0 247028608
1 19765 0 0 247042096
1 19803 0 0 247056260
1 19915 0 0 247071628
1 21454 0 0 247085832
1 19878 0 0 247100020
1 19803 0 0 247114200
0 0 0 0 247129560
1 19803 0 0 247145408
1 19840 0 0 247159596
1 19803 0 0 247173784
0 0 1 19840 247187968
1 19803 0 0 247202152
1 19803 0 0 247217528
1 19803 0 0 247231704
1 19878 0 0 247245896
1 19840 1 19840 247260068
1 19803 0 0 247274964
1 19765 0 0 247289140
1 19765 0 0 247304508
1 19840 1 19728 247318680
1 19878 0 0 247333572
1 19878 0 0 247347756
1 19803 0 0 247361936
1 19765 0 0 247376112
0 0 1 19803 247391484
1 19803 0 0 247405676
1 19765 1 19840 247419852
1 19892 0 0 247434744
1 19817 1 19765 247448960
1 19854 0 0 247463840
1 19742 0 0 247478040
1 19779 0 0 247493400
1 19817 0 0 247507592
1 19854 1 19765 247521772
1 19742 0 0 247536668
1 19742 0 0 247550844
1 19779 0 0 247566216
1 19779 1 20290 247580388
1 19854 0 0 247595304
1 19742 0 0 247609480
1 19742 0 0 247623644
1 19817 0 0 247637840
1 19854 0 0 247653216
1 19779 0 0 247667400
1 19742 0 0 247681572
1 19779 0 0 247695744
1 21280 0 0 247711108
1 19742 0 0 247725292
1 19779 1 19765 247739468
1 19779 0 0 247754364
1 19817 0 0 247768544
1 19779 0 0 247782716
1 19779 0 0 247798092
1 19779 0 0 247812280
1 19817 0 0 247826472
1 19742 0 0 247840640
1 19817 0 0 247856008
1 19892 0 0 247870192
1 19817 0 0 247884364
1 19779 1 19840 247898568
1 19742 0 0 247913452
1 19779 0 0 247927632
1 19840 0 0 247943020
1 19840 1 19803 247957204
1 19803 1 19765 247972092
1 19765 0 0 247986988
1 19803 0 0 248001188
1 19840 0 0 248015392
1 19840 0 0 248029564
0 0 0 0 248044928
0 0 0 0 248058416
0 0 0 0 248071884
1 19765 0 0 248085376
1 19840 0 0 248099560
1 19803 0 0 248114968
1 19878 0 0 248129144
1 19840 0 0 248143324
0 0 0 0 248157480
0 0 0 0 248170952
1 19878 0 0 248185608
1 19765 0 0 248199804
1 19728 0 0 248213988
1 19700 0 0 248228176
1 19803 1 19760 248242348
1 19840 0 0 248257228
0 0 0 0 248271416
1 19803 0 0 248284872
0 0 0 0 248299060
1 19728 0 0 248312536
1 19728 0 0 248326712
1 19765 1 19835 248340896
1 19765 0 0 248355772
1 19878 0 0 248369964
1 19765 0 0 248384152
0 0 0 0 248398344
0 0 0 0 248413000
1 19840 0 0 248426468
1 19765 0 0 248440660
1 19821 0 0 248454852
1 19859 0 0 248469032
1 19821 0 0 248483216
1 19784 0 0 248498584
0 0 0 0 248512756
1 19709 0 0 248527436
1 19746 0 0 248541612
1 19821 0 0 248555788
1 19784 0 0 248569976
1 19784 0 0 248584148
0 0 0 0 248599508
1 19821 0 0 248612984
1 19859 0 0 248627164
0 0 0 0 248642536
1 19784 0 0 248658400
1 19821 1 19798 248672572
0 0 0 0 248687468
0 0 0 0 248703332
0 0 0 0 248716804
0 0 0 0 248730292
0 0 0 0 248743772
0 0 0 0 248757268
0 0 0 0 248773140
0 0 0 0 248786616
0 0 0 0 248801288
1 21285 0 0 248817152
1 21247 0 0 248831340
0 0 0 0 248845524
0 0 0 0 248860188
0 0 0 0 248876056
0 0 0 0 248890744
0 0 0 0 248904228
0 0 0 0 248917700
0 0 0 0 248931176
0 0 0 0 248944648
0 0 0 0 248958132
0 0 0 0 248971616
0 0 0 0 248985104
0 0 0 0 248998580
0 0 0 0 249012044
0 0 0 0 249025512
0 0 0 0 249038996
0 0 0 0 249052464
0 0 0 0 249067120
0 0 0 0 249080588
0 0 0 0 249095272
0 0 0 0 249109948
0 0 0 0 249123444
0 0 0 0 249138112
0 0 0 0 249151600
0 0 0 0 249165080
0 0 0 0 249178556
0 0 0 0 249192044
0 0 0 0 249205516
0 0 0 0 249219012
0 0 0 0 249232504
0 0 0 0 249245980
1 19859 0 0 249261836
0 0 0 0 249276032
0 0 0 0 249291900
0 0 0 0 249307756
0 0 0 0 249321228
0 0 0 0 249335900
0 0 0 0 249351760
0 0 0 0 249366440
0 0 0 0 249379924
0 0 0 0 249393412
0 0 0 0 249406880
1 21848 0 0 249420360
0 0 0 0 249434552
0 0 0 0 249449228
0 0 0 0 249462708
0 0 0 0 249476180
0 0 0 0 249489660
0 0 0 0 249503136
0 0 0 0 249516608
0 0 0 0 249530088
0 0 0 0 249543564
0 0 0 0 249557052
0 0 0 0 249571724
0 0 0 0 249585192
0 0 0 0 249599860
0 0 0 0 249614544
1 21247 0 0 249628024
0 0 0 0 249642204
0 0 0 0 249655680
0 0 0 0 249669160
0 0 0 0 249682636
0 0 0 0 249696128
0 0 0 0 249709620
1 21397 0 0 249723104
0 0 0 0 249737288
1 19709 0 0 249750756
0 0 0 0 249764924
0 0 0 0 249778392
0 0 0 0 249791880
0 0 0 0 249806552
1 21379 0 0 249822432
0 0 0 0 249836620
0 0 0 0 249852476
1 19765 0 0 249868352
0 0 0 0 249882524
0 0 0 0 249896020
1 21829 0 0 249909480
0 0 0 0 249923660
0 0 0 0 249938324
0 0 1 19840 249952992
1 21341 0 0 249967196
0 0 0 0 249982580
1 19840 0 0 249997248
1 19765 0 0 250011440
0 0 0 0 250025636
1 21829 0 0 250040292
0 0 0 0 250054476
0 0 0 0 250069144
0 0 0 0 250082616
1 21904 0 0 250097280
0 0 0 0 250111452
0 0 0 0 250126112
0 0 0 0 250139596
0 0 0 0 250154280
1 19878 0 0 250167748
0 0 0 0 250181908
1 21266 0 0 250195388
0 0 0 0 250209556
0 0 0 0 250224236
0 0 0 0 250237700
1 19878 0 0 250251180
1 21341 1 19840 250265376
1 19803 0 0 250280272
0 0 0 0 250294460
0 0 0 0 250309128
1 19859 0 0 250322600
0 0 0 0 250336796
1 21360 0 0 250350272
0 0 0 0 250364460
0 0 0 0 250379120
0 0 0 0 250394972
1 21397 0 0 250408444
1 21322 0 0 250422632
0 0 0 0 250438016
0 0 0 0 250453868
0 0 0 0 250468560
1 21360 0 0 250482056
0 0 0 0 250496228
1 19784 0 0 250510888
0 0 0 0 250525064
1 21397 0 0 250538536
1 21360 0 0 250552716
0 0 0 0 250568088
0 0 0 0 250582748
1 21810 0 0 250596232
0 0 0 0 250610416
0 0 0 0 250623888
0 0 0 0 250637368
1 21698 0 0 250652036
0 0 0 0 250666208
0 0 0 0 250680888
0 0 0 0 250694368
0 0 0 0 250709044
0 0 0 0 250723716
0 0 0 0 250737204
0 0 0 0 250751852
0 0 0 0 250765348
0 0 0 0 250778824
0 0 0 0 250792308
0 0 0 0 250805792
1 19859 0 0 250819268
0 0 0 0 250833452
0 0 0 0 250846912
1 19728 0 0 250861580
1 21454 0 0 250875760
0 0 0 0 250889936
1 21716 0 0 250904600
0 0 0 0 250918784
0 0 0 0 250934656
0 0 0 0 250950524
0 0 0 0 250964020
0 0 0 0 250977508
1 19728 0 0 250992176
0 0 0 0 251006356
0 0 1 19817 251019836
0 0 0 0 251034028
0 0 0 0 251047540
0 0 0 0 251061004
0 0 0 0 251074484
0 0 0 0 251087968
1 19803 0 0 251101460
0 0 0 0 251115660
1 19728 0 0 251130320
1 19728 0 0 251145692
0 0 0 0 251159864
0 0 0 0 251174528
0 0 0 0 251188004
0 0 0 0 251202676
0 0 0 0 251217352
0 0 0 0 251230840
0 0 0 0 251245500
1 19765 0 0 251259000
1 19728 0 0 251273160
0 0 0 0 251288524
0 0 0 0 251303196
0 0 0 0 251316688
0 0 0 0 251331360
0 0 0 0 251344836
0 0 0 0 251358328
0 0 0 0 251371804
0 0 0 0 251385284
0 0 0 0 251398772
0 0 0 0 251412252
0 0 0 0 251425732
0 0 0 0 251439220
0 0 0 0 251452692
0 0 0 0 251466180
1 19765 0 0 251479672
1 19803 0 0 251493832
0 0 0 0 251509200
0 0 0 0 251525056
1 19765 0 0 251539728
0 0 0 0 251553916
0 0 0 0 251567396
0 0 0 0 251582056
0 0 0 0 251596724
1 19915 0 0 251610212
0 0 0 0 251624388
0 0 0 0 251639064
0 0 0 0 251652548
0 0 0 0 251666040
0 0 0 0 251679508
0 0 0 0 251693004
0 0 0 0 251706484
0 0 0 0 251719960
0 0 0 0 251733448
0 0 0 0 251746908
0 0 0 0 251760388
0 0 0 0 251775080
0 0 0 0 251788560
0 0 0 0 251803224
0 0 0 0 251817892
0 0 0 0 251831384
0 0 0 0 251846044
0 0 0 0 251859508
0 0 0 0 251872996
0 0 0 0 251886472
1 19878 0 0 251899960
0 0 0 0 251914140
0 0 0 0 251928804
0 0 0 0 251942284
0 0 0 0 251955752
0 0 0 0 251969224
0 0 0 0 251983908
0 0 0 0 251999764
0 0 0 0 252013240
0 0 0 0 252026708
0 0 0 0 252040188
0 0 0 0 252053680
0 0 0 0 252068348
0 0 0 0 252081828
0 0 0 0 252095324
0 0 0 0 252108828
0 0 0 0 252122292
1 19784 0 0 252135768
1 19746 0 0 252149960
0 0 0 0 252164140
0 0 0 0 252177624
0 0 0 0 252191116
0 0 0 0 252204596
0 0 0 0 252218064
1 19859 0 0 252231548
1 19821 0 0 252245736
0 0 0 0 252259940
0 0 0 0 252274612
0 0 0 0 252288112
0 0 0 0 252302780
1 19784 1 19798 252317464
0 0 0 0 252332364
0 0 0 0 252345848
0 0 0 0 252360492
0 0 0 0 252373968
1 19784 0 0 252388632
0 0 0 0 252401636
1 19821 0 0 252415116
1 19709 0 0 252429276
0 0 0 0 252444644
0 0 0 0 252459320
0 0 0 0 252472804
0 0 0 0 252487464
0 0 0 0 252500944
0 0 0 0 252514424
1 19784 0 0 252527892
0 0 0 0 252542092
0 0 0 0 252555564
1 19746 0 0 252571420
0 0 0 0 252585600
0 0 0 0 252600260
0 0 0 0 252614936
0 0 0 0 252628412
1 19728 0 0 252641904
1 19765 0 0 252656080
1 19803 0 0 252671444
0 0 0 0 252685620
0 0 0 0 252700284
1 19878 0 0 252713732
0 0 0 0 252727924
0 0 0 0 252742600
0 0 0 0 252757268
1 19728 0 0 252770752
1 19803 0 0 252784920
0 0 0 0 252800308
1 19840 0 0 252813788
0 0 0 0 252827948
1 19765 0 0 252841416
0 0 0 0 252855592
0 0 0 0 252870248
0 0 0 0 252883724
0 0 0 0 252898412
1 19728 0 0 252913088
0 0 0 0 252927264
0 0 0 0 252940732
0 0 0 0 252954212
0 0 0 0 252967688
0 0 0 0 252981164
0 0 0 0 252994644
0 0 0 0 253008120
0 0 0 0 253021604
1 19765 0 0 253035104
0 0 0 0 253049284
0 0 1 19728 253063944
0 0 0 0 253078148
0 0 0 0 253094012
0 0 0 0 253109868
0 0 0 0 253123340
1 19765 0 0 253138016
0 0 0 0 253152196
1 19784 0 0 253166868
1 19821 0 0 253181056
0 0 0 0 253195228
0 0 0 0 253209896
0 0 0 0 253225756
0 0 0 0 253240440
0 0 0 0 253253920
1 19821 0 0 253267392
0 0 0 0 253281580
0 0 0 0 253296236
0 0 0 0 253310908
0 0 0 0 253324404
0 0 0 0 253339064
1 19709 0 0 253353736
0 0 0 0 253367944
0 0 0 0 253381408
0 0 0 0 253396092
0 0 0 0 253410764
1 19859 0 0 253424244
1 19709 0 0 253438432
1 19821 0 0 253453800
0 0 0 0 253467968
0 0 0 0 253482624
0 0 0 0 253496108
0 0 0 0 253510772
0 0 0 0 253524264
1 21247 0 0 253537728
0 0 0 0 253551904
0 0 0 0 253566576
0 0 0 0 253580040
0 0 0 0 253593516
0 0 0 0 253606996
1 21735 0 0 253621668
1 19821 0 0 253635856
0 0 0 0 253650036
0 0 0 0 253663512
1 19709 0 0 253678176
0 0 0 0 253693556
0 0 0 0 253709420
1 19784 0 0 253724100
0 0 0 0 253738288
0 0 0 0 253751756
0 0 0 0 253766436
0 0 0 0 253781100
1 21360 0 0 253794584
1 19784 0 0 253808784
0 0 0 0 253822952
0 0 0 0 253836440
0 0 0 0 253849920
0 0 0 0 253863408
0 0 0 0 253876880
0 0 0 0 253890348
0 0 0 0 253903816
1 19746 0 0 253917304
0 0 0 0 253931468
1 19681 0 0 253944956
1 19859 0 0 253959140
0 0 0 0 253974516
0 0 0 0 253989192
1 21360 0 0 254002660
0 0 0 0 254016840
0 0 0 0 254030308
0 0 0 0 254043792
0 0 0 0 254057260
0 0 0 0 254070740
0 0 0 0 254084208
1 21247 0 0 254097688
0 0 0 0 254111880
0 0 0 0 254125352
0 0 0 0 254141212
0 0 0 0 254154696
1 19784 0 0 254168196
0 0 0 0 254182364
0 0 0 0 254198224
0 0 0 0 254214072
0 0 0 0 254228760
0 0 0 0 254242240
0 0 0 0 254255716
1 21247 0 0 254269196
0 0 0 0 254283392
0 0 0 0 254298052
0 0 0 0 254313916
0 0 0 0 254328584
0 0 0 0 254342068
0 0 0 0 254355568
0 0 0 0 254369056
0 0 0 0 254382524
0 0 0 0 254396024
0 0 0 0 254409504
0 0 0 0 254422992
0 0 0 0 254436472
0 0 0 0 254449952
0 0 0 0 254463420
0 0 0 0 254478092
1 19821 0 0 254491568
1 19784 0 0 254506956
0 0 0 0 254521132
1 19821 0 0 254535812
0 0 0 0 254549984
0 0 0 0 254563452
0 0 0 0 254576928
0 0 0 0 254590404
0 0 0 0 254603892
1 19746 0 0 254617356
0 0 0 0 254631536
0 0 0 0 254645004
0 0 0 0 254660880
0 0 0 0 254674364
0 0 0 0 254687852
1 21247 0 0 254703716
1 19821 0 0 254717896
0 0 0 0 254732068
0 0 0 0 254746736
0 0 0 0 254762600
0 0 0 0 254776072
0 0 0 0 254790744
0 0 0 0 254806608
0 0 0 0 254821284
0 0 0 0 254834768
0 0 0 0 254848248
0 0 0 0 254861724
0 0 1 19803 254875200
0 0 0 0 254889404
0 0 0 0 254904080
0 0 0 0 254917556
0 0 0 0 254931060
1 19784 0 0 254944540
0 0 0 0 254958712
0 0 0 0 254972184
0 0 0 0 254986848
1 19821 0 0 255001516
0 0 0 0 255015708
0 0 0 0 255030388
1 19784 0 0 255043872
0 0 0 0 255058060
1 19746 0 0 255072708
0 0 0 0 255086896
0 0 0 0 255101548
1 19746 0 0 255115020
0 0 0 0 255129224
0 0 0 0 255142688
0 0 0 0 255157380
0 0 0 0 255170852
0 0 0 0 255185504
0 0 0 0 255198980
0 0 0 0 255212464
0 0 0 0 255225956
0 0 0 0 255239432
0 0 0 0 255255312
0 0 0 0 255268780
0 0 0 0 255282280
0 0 0 0 255295768
0 0 0 0 255309256
0 0 0 0 255323916
0 0 0 0 255337388
0 0 0 0 255350888
1 19681 0 0 255364372
0 0 0 0 255378576
0 0 0 0 255393248
1 21247 0 0 255406744
0 0 0 0 255420940
0 0 1 19840 255435600
0 0 0 0 255449784
1 19765 0 0 255463272
0 0 0 0 255477456
0 0 0 0 255492136
0 0 0 0 255505628
0 0 1 19663 255519112
0 0 0 0 255533300
1 19765 0 0 255546788
0 0 0 0 255562164
0 0 0 0 255575644
0 0 0 0 255590320
0 0 0 0 255605008
0 0 0 0 255618508
0 0 0 0 255633160
1 19765 0 0 255646640
1 19728 0 0 255660824
0 0 0 0 255676208
0 0 0 0 255689676
0 0 0 0 255703156
0 0 0 0 255716640
0 0 0 0 255730124
0 0 0 0 255743604
1 19765 0 0 255757068
0 0 0 0 255771256
0 0 0 0 255785920
0 0 0 0 255799408
0 0 0 0 255812884
0 0 0 0 255826368
1 21228 0 0 255839856
0 0 0 0 255854048
0 0 0 0 255867520
0 0 0 0 255880996
0 0 0 0 255894480
1 21341 0 0 255907956
0 0 0 0 255922124
0 0 0 0 255936796
0 0 0 0 255951472
1 21341 0 0 255964932
0 0 0 0 255979132
0 0 0 0 255993792
0 0 0 0 256007280
0 0 0 0 256020752
0 0 0 0 256034240
0 0 0 0 256047728
0 0 0 0 256061204
0 0 0 0 256074700
0 0 0 0 256088176
1 21754 0 0 256101656
0 0 0 0 256115852
0 0 0 0 256129320
0 0 0 0 256142800
0 0 0 0 256156276
0 0 0 0 256169752
0 0 0 0 256183236
0 0 0 0 256196720
1 19803 0 0 256210196
0 0 0 0 256224380
0 0 0 0 256237844
1 21341 0 0 256252532
1 21791 0 0 256266708
0 0 0 0 256280876
0 0 0 0 256295548
0 0 0 0 256309012
1 19765 1 19817 256322496
0 0 0 0 256337400
0 0 0 0 256350888
0 0 0 0 256365552
0 0 0 0 256381416
1 19765 0 0 256394892
0 0 0 0 256409076
0 0 0 0 256422564
1 19765 0 0 256436040
0 0 0 0 256450244
1 21829 0 0 256463728
0 0 0 0 256477912
0 0 0 0 256491392
0 0 0 0 256504876
0 0 0 0 256518356
0 0 0 0 256531840
1 19746 0 0 256545332
0 0 0 0 256559516
1 19821 0 0 256572988
1 19784 0 0 256588360
0 0 0 0 256602552
1 19896 0 0 256617236
0 0 0 0 256631420
0 0 0 0 256644904
1 19821 0 0 256659568
1 19859 0 0 256673768
0 0 0 0 256687948
0 0 0 0 256701420
0 0 0 0 256714908
1 21322 0 0 256728392
0 0 0 0 256742572
1 19859 0 0 256757248
1 19821 0 0 256771444
0 0 0 0 256785620
0 0 0 0 256800288
0 0 0 0 256813752
0 0 0 0 256827236
0 0 0 0 256840708
0 0 0 0 256854176
0 0 0 0 256867668
0 0 0 0 256881156
0 0 0 0 256897012
0 0 0 0 256910500
0 0 0 0 256925144
1 21810 0 0 256941004
0 0 0 0 256955196
0 0 0 0 256971048
1 19681 0 0 256985712
1 19896 0 0 257001088
0 0 0 0 257015264
0 0 0 0 257029928
0 0 0 0 257044596
0 0 0 0 257058068
0 0 0 0 257071548
0 0 0 0 257085032
0 0 0 0 257098504
0 0 0 0 257111972
0 0 0 0 257125468
0 0 0 0 257138952
0 0 0 0 257152448
0 0 0 0 257167108
0 0 0 0 257181784
0 0 0 0 257195264
0 0 0 0 257209924
0 0 0 0 257223408
0 0 0 0 257238092
0 0 0 0 257252756
0 0 0 0 257266240
0 0 0 0 257280916
0 0 0 0 257294388
1 19709 0 0 257307868
0 0 0 0 257322052
0 0 0 0 257336732
0 0 0 0 257350212
0 0 0 0 257363688
0 0 0 0 257377172
0 0 0 0 257390660
0 0 0 0 257404140
0 0 0 0 257418816
0 0 0 0 257434692
1 21210 0 0 257448172
0 0 0 0 257462376
0 0 0 0 257475864
0 0 0 0 257490524
0 0 0 0 257503996
0 0 0 0 257518668
0 0 0 0 257534536
0 0 0 0 257549208
0 0 0 0 257562696
0 0 0 0 257576168
0 0 0 0 257589652
0 0 0 0 257603124
0 0 0 0 257616608
0 0 0 0 257630092
0 0 0 0 257643584
0 0 0 0 257657072
0 0 0 0 257670556
0 0 0 0 257684056
0 0 0 0 257697524
0 0 0 0 257710996
0 0 0 0 257725660
0 0 0 0 257739148
0 0 0 0 257753808
0 0 0 0 257768492
0 0 0 0 257781980
0 0 0 0 257796660
0 0 0 0 257811316
0 0 0 0 257824816
0 0 0 0 257839496
0 0 0 0 257852984
0 0 0 0 257866468
0 0 0 0 257879956
0 0 0 0 257893432
0 0 0 0 257906912
0 0 0 0 257920396
0 0 0 0 257933876
0 0 0 0 257947344
0 0 0 0 257960824
0 0 0 0 257974312
0 0 0 0 257990188
0 0 0 0 258003668
0 0 0 0 258018372
0 0 0 0 258034236
0 0 0 0 258048908
0 0 0 0 258062388
1 19728 0 0 258075868
1 19765 0 0 258091248
0 0 0 0 258105428
0 0 0 0 258120100
0 0 0 0 258134772
0 0 0 0 258148252
0 0 0 0 258161732
0 0 0 0 258175208
0 0 0 0 258188688
1 19700 0 0 258202168
0 0 0 0 258216344
0 0 0 0 258230992
0 0 0 0 258244464
0 0 0 0 258259132
0 0 0 0 258272616
0 0 0 0 258287284
0 0 0 0 258301968
0 0 0 0 258315436
0 0 0 0 258330092
1 19663 0 0 258343572
0 0 0 0 258357760
0 0 0 0 258371240
0 0 0 0 258385900
0 0 0 0 258399388
0 0 0 0 258414048
0 0 0 0 258427536
0 0 0 0 258441000
0 0 0 0 258454472
0 0 0 0 258467964
0 0 0 0 258481440
0 0 0 0 258494908
0 0 0 0 258508376
0 0 0 0 258521852
0 0 0 0 258535328
0 0 0 0 258548820
0 0 0 0 258563492
0 0 0 0 258576980
0 0 0 0 258592840
0 0 0 0 258608704
0 0 0 0 258623388
0 0 0 0 258636884
0 0 0 0 258650360
0 0 0 0 258663848
0 0 0 0 258677348
0 0 0 0 258690824
0 0 0 0 258704288
0 0 0 0 258717776
0 0 0 0 258731268
0 0 0 0 258744756
0 0 0 0 258758236
0 0 0 0 258771724
0 0 0 0 258785196
1 21210 0 0 258798696
0 0 0 0 258812868
0 0 0 0 258827552
0 0 0 0 258841024
0 0 0 0 258855712
0 0 0 0 258869192
0 0 0 0 258883872
0 0 0 0 258898532
0 0 0 0 258912008
0 0 0 0 258926688
0 0 0 0 258940180
0 0 0 0 258953660
0 0 0 0 258967136
0 0 0 0 258980604
0 0 0 0 258994076
0 0 0 0 259007568
0 0 0 0 259021044
0 0 0 0 259034524
0 0 0 0 259048012
0 0 0 0 259061500
0 0 0 0 259077360
0 0 0 0 259090836
1 19746 0 0 259105508
0 0 0 0 259119684
0 0 0 0 259134356
1 19681 0 0 259149024
1 19746 0 0 259163208
0 0 0 0 259178572
0 0 0 0 259192040
0 0 0 0 259205520
0 0 0 0 259219004
0 0 0 0 259232480
0 0 0 0 259245972
0 0 0 0 259259448
0 0 0 0 259272932
0 0 0 0 259286408
0 0 0 0 259299884
0 0 0 0 259314556
0 0 0 0 259329244
0 0 0 0 259342728
0 0 0 0 259356212
0 0 0 0 259369688
0 0 0 0 259383156
0 0 0 0 259396660
0 0 0 0 259411340
0 0 0 0 259424812
0 0 0 0 259438272
0 0 0 0 259451768
0 0 0 0 259465268
0 0 0 0 259478756
0 0 0 0 259492224
0 0 0 0 259505708
0 0 0 0 259519192
0 0 0 0 259532684
0 0 0 0 259546172
0 0 0 0 259559644
1 21304 0 0 259573136
0 0 0 0 259587336
0 0 0 0 259602024
0 0 0 0 259615500
0 0 0 0 259628972
0 0 0 0 259642464
1 21228 0 0 259657136
0 0 0 0 259671324
0 0 0 0 259685992
1 19728 0 0 259700660
1 21341 0 0 259716040
0 0 0 0 259730220
0 0 0 0 259744892
1 19728 0 0 259759556
0 0 0 0 259773736
0 0 0 0 259788400
0 0 0 0 259801864
0 0 0 0 259815340
0 0 0 0 259828836
0 0 0 0 259842324
0 0 0 0 259855804
0 0 0 0 259869284
0 0 0 0 259883956
0 0 0 0 259897452
0 0 0 0 259912140
0 0 0 0 259926816
1 21679 0 0 259940292
0 0 0 0 259954480
0 0 0 0 259967952
0 0 0 0 259981428
1 21191 0 0 259994904
1 19803 0 0 260009076
0 0 0 0 260023252
0 0 0 0 260036724
0 0 0 0 260050196
0 0 0 0 260063684
0 0 0 0 260077164
0 0 0 0 260090632
0 0 0 0 260104104
0 0 0 0 260118776
0 0 0 0 260134624
0 0 0 0 260148116
0 0 0 0 260161604
0 0 0 0 260175080
1 21730 0 0 260188552
0 0 0 0 260202736
0 0 0 0 260218600
0 0 0 0 260234468
0 0 0 0 260249136
0 0 0 0 260262628
0 0 0 0 260276108
1 19742 0 0 260289596
0 0 0 0 260303776
0 0 0 0 260318444
0 0 0 0 260333120
0 0 0 0 260346600
0 0 0 0 260360080
0 0 0 0 260373572
0 0 0 0 260387044
1 19639 0 0 260400528
1 19704 0 0 260414700
0 0 0 0 260428876
1 21168 0 0 260442364
0 0 0 0 260456576
1 21280 0 0 260470036
0 0 0 0 260484216
0 0 0 0 260497688
0 0 0 0 260512368
0 0 0 0 260525848
0 0 0 0 260540528
1 21130 0 0 260554012
0 0 0 0 260569392
0 0 0 0 260582856
0 0 0 0 260596340
0 0 0 0 260609800
0 0 0 0 260623284
0 0 0 0 260636780
0 0 0 0 260650264
0 0 0 0 260663744
0 0 0 0 260677232
0 0 0 0 260690700
1 19746 0 0 260704196
0 0 0 0 260718384
0 0 0 0 260734260
0 0 0 0 260750112
0 0 0 0 260764788
0 0 0 0 260778272
0 0 0 0 260791752
0 0 0 0 260805232
0 0 0 0 260818700
1 21698 0 0 260832192
0 0 0 0 260846376
0 0 0 0 260861044
0 0 0 0 260875712
1 21810 0 0 260889204
0 0 0 0 260903392
1 21322 0 0 260918040
0 0 0 0 260932224
0 0 0 0 260945708
0 0 0 0 260960376
0 0 0 0 260975040
0 0 0 0 260988520
0 0 0 0 261003192
0 0 0 0 261016676
0 0 0 0 261030168
1 21660 0 0 261043644
0 0 0 0 261059012
0 0 0 0 261072504
1 19709 0 0 261085988
0 0 0 0 261100180
0 0 0 0 261114840
0 0 0 0 261128312
0 0 0 0 261142984
0 0 0 0 261156468
0 0 0 0 261169932
0 0 0 0 261183416
0 0 0 0 261196908
0 0 0 0 261210392
1 19784 0 0 261223872
0 0 0 0 261238068
0 0 0 0 261253920
0 0 0 0 261269788
0 0 0 0 261284444
0 0 0 0 261297920
0 0 0 0 261311404
0 0 0 0 261324896
0 0 0 0 261338372
0 0 0 0 261351852
0 0 0 0 261365332
0 0 0 0 261378808
0 0 0 0 261392292
0 0 0 0 261405784
0 0 0 0 261419268
0 0 0 0 261432748
0 0 0 0 261446240
0 0 0 0 261459732
0 0 0 0 261473192
0 0 0 0 261486688
1 21285 0 0 261500168
0 0 0 0 261514368
0 0 0 0 261527840
0 0 0 0 261542504
0 0 0 0 261555968
0 0 0 0 261570640
0 0 0 0 261584128
0 0 0 0 261598792
0 0 0 0 261613464
0 0 0 0 261626952
0 0 0 0 261641620
0 0 0 0 261655100
0 0 0 0 261668588
0 0 0 0 261682060
0 0 0 0 261695548
0 0 0 0 261709032
0 0 0 0 261722504
0 0 0 0 261735988
0 0 0 0 261749456
0 0 0 0 261762948
1 21754 0 0 261776448
0 0 0 0 261790628
0 0 0 0 261806504
0 0 0 0 261822352
0 0 0 0 261837036
0 0 0 0 261850512
0 0 0 0 261864000
0 0 0 0 261877480
0 0 0 0 261890960
0 0 0 0 261904448
0 0 0 0 261917932
0 0 0 0 261931412
0 0 0 0 261944880
1 21829 0 0 261958356
0 0 0 0 261972532
0 0 0 0 261987200
0 0 0 0 262000688
1 21228 0 0 262015364
0 0 0 0 262029536
0 0 0 0 262044200
1 21829 0 0 262057676
0 0 0 0 262071844
0 0 0 0 262086496
0 0 0 0 262101172
0 0 0 0 262114648
0 0 0 0 262129304
0 0 0 0 262142784
0 0 0 0 262156272
0 0 0 0 262169744
0 0 0 0 262183208
0 0 0 0 262196684
0 0 0 0 262210164
0 0 0 0 262223644
0 0 0 0 262237124
0 0 0 0 262250604
0 0 0 0 262264096
0 0 0 0 262277560
0 0 0 0 262291040
0 0 0 0 262304512
0 0 0 0 262318000
0 0 0 0 262331500
0 0 0 0 262344964
0 0 0 0 262358456
0 0 0 0 262371956
0 0 0 0 262386628
0 0 0 0 262400112
1 21116 0 0 262413596
0 0 0 0 262428972
0 0 0 0 262444808
0 0 0 0 262459480
0 0 0 0 262472976
0 0 0 0 262486452
0 0 0 0 262499948
0 0 0 0 262513412
0 0 0 0 262526896
1 21379 0 0 262540380
0 0 0 0 262554556
0 0 0 0 262569236
0 0 0 0 262583908
1 21228 0 0 262597384
0 0 0 0 262611568
1 21716 0 0 262625048
0 0 0 0 262639232
0 0 0 0 262653896
0 0 0 0 262667376
0 0 0 0 262680860
0 0 0 0 262694344
0 0 0 0 262707812
0 0 0 0 262721288
0 0 0 0 262734780
0 0 0 0 262748264
0 0 0 0 262761756
0 0 0 0 262775232
0 0 0 0 262788708
0 0 0 0 262802196
0 0 0 0 262815692
1 21304 0 0 262829172
0 0 0 0 262843340
1 21266 0 0 262856816
0 0 0 0 262871000
0 0 0 0 262885688
1 19663 0 0 262901540
0 0 0 0 262915732
0 0 0 0 262929212
1 21285 0 0 262942676
1 21735 0 0 262956856
0 0 0 0 262971052
0 0 0 0 262984540
0 0 0 0 262998032
0 0 0 0 263011516
0 0 0 0 263024980
0 0 0 0 263038468
0 0 0 0 263051948
1 21322 0 0 263065420
1 21360 0 0 263079624
0 0 0 0 263093812
1 19644 0 0 263108472
1 21810 0 0 263122652
1 21360 0 0 263136832
1 21322 0 0 263151024
0 0 0 0 263165216
0 0 0 0 263178700
1 21735 0 0 263193372
1 21247 0 0 263207560
1 21397 0 0 263221740
1 21397 0 0 263235920
0 0 0 0 263250092
1 19746 0 0 263263568
0 0 0 0 263277744
1 21247 0 0 263292424
1 21322 0 0 263306604
0 0 0 0 263320788
1 21285 0 0 263334284
0 0 0 0 263348452
0 0 1 19765 263364320
0 0 0 0 263379700
0 0 0 0 263393184
0 0 0 0 263406668
1 21285 0 0 263420156
0 0 0 0 263434352
0 0 0 0 263450220
0 0 0 0 263466088
0 0 0 0 263480768
0 0 0 0 263494264
0 0 0 0 263507736
1 21228 0 0 263521212
0 0 0 0 263535404
0 0 0 0 263550072
1 21754 0 0 263564744
0 0 0 0 263580104
0 0 0 0 263593588
1 21304 0 0 263607048
1 21191 0 0 263621248
0 0 0 0 263635404
0 0 0 0 263650052
1 21304 0 0 263663548
0 0 0 0 263677740
0 0 0 0 263692412
0 0 0 0 263707084
1 21266 0 0 263720560
1 21716 0 0 263734736
0 0 0 0 263750104
0 0 0 0 263763580
1 21754 0 0 263777036
1 21791 0 0 263791224
0 0 0 0 263805396
1 21228 0 0 263820040
1 21341 0 0 263834224
1 21754 1 19700 263848388
1 21304 0 0 263863272
1 21228 0 0 263877460
1 21754 0 0 263891660
0 0 0 0 263907024
0 0 0 0 263922900
0 0 0 0 263938772
0 0 0 0 263952244
1 21716 0 0 263965728
0 0 0 0 263979896
0 0 0 0 263995756
1 21266 0 0 264010412
1 21716 0 0 264025800
0 0 0 0 264039984
1 21228 0 0 264054656
0 0 0 0 264068852
1 21228 0 0 264082328
0 0 0 0 264096508
1 19765 0 0 264111172
0 0 0 0 264125340
1 21266 0 0 264138840
0 0 0 0 264153012
0 0 1 20211 264167692
0 0 0 0 264181888
0 0 0 0 264196548
0 0 0 0 264210028
0 0 0 0 264223508
0 0 0 0 264236988
1 21228 0 0 264251680
0 0 0 0 264265860
0 0 0 0 264280520
0 0 0 0 264294004
1 21716 0 0 264308672
0 0 0 0 264322860
0 0 0 0 264337532
1 21754 0 0 264350996
0 0 0 0 264365192
0 0 0 0 264378680
1 21754 0 0 264393340
1 19663 0 0 264408724
0 0 0 0 264422900
1 19663 0 0 264436384
0 0 0 0 264450592
0 0 0 0 264466448
0 0 0 0 264479920
0 0 0 0 264493412
1 21679 0 0 264509268
0 0 0 0 264523464
0 0 0 0 264539324
1 21247 0 0 264553988
0 0 0 0 264569384
0 0 0 0 264585232
0 0 0 0 264599900
0 0 0 0 264613368
0 0 0 0 264626836
0 0 0 0 264640328
0 0 0 0 264653800
0 0 0 0 264667284
0 0 0 0 264680752
0 0 0 0 264694236
0 0 0 0 264707716
0 0 0 0 264721188
0 0 0 0 264734668
0 0 0 0 264748144
1 21247 0 0 264761628
1 21322 0 0 264775808
0 0 0 0 264789980
0 0 0 0 264803460
0 0 0 0 264818124
1 21285 0 0 264831600
0 0 0 0 264845776
0 0 0 0 264859244
0 0 0 0 264872712
1 21735 0 0 264886180
0 0 0 0 264900368
0 0 0 0 264915048
0 0 0 0 264928532
0 0 0 0 264942012
1 21735 0 0 264955504
0 0 0 0 264969672
0 0 1 19742 264983148
0 0 0 0 264998532
0 0 0 0 265012008
1 21285 0 0 265025484
1 21773 0 0 265039672
0 0 0 0 265055052
0 0 0 0 265070920
0 0 0 0 265085572
1 21228 0 0 265099040
1 21266 0 0 265113216
1 21228 0 0 265127404
0 0 0 0 265141580
0 0 0 0 265155068
0 0 0 0 265168552
1 21191 0 0 265182024
0 0 0 0 265196220
1 21228 0 0 265210892
1 21304 0 0 265225076
1 21304 0 0 265239256
0 0 0 0 265253428
0 0 0 0 265266892
0 0 0 0 265280376
0 0 0 0 265295060
0 0 0 0 265309744
0 0 0 0 265323212
0 0 0 0 265336704
0 0 0 0 265350204
0 0 0 0 265364872
0 0 0 0 265378348
1 21228 0 0 265391828
0 0 0 0 265406020
1 21754 0 0 265420688
0 0 0 0 265434896
0 0 0 0 265449556
0 0 0 0 265463044
1 21304 0 0 265477728
0 0 0 0 265491912
0 0 0 0 265506564
1 21304 0 0 265520044
0 0 0 0 265534232
0 0 0 0 265547708
1 21228 0 0 265563568
0 0 0 0 265577768
1 21679 0 0 265593612
1 21754 0 0 265607804
0 0 0 0 265621976
1 21304 0 0 265636640
0 0 0 0 265650820
1 21379 0 0 265665496
1 21266 0 0 265679680
0 0 0 0 265693868
0 0 0 0 265708540
0 0 0 0 265722016
1 21304 0 0 265735496
0 0 0 0 265749688
0 0 0 0 265764340
1 21716 0 0 265777820
0 0 0 0 265791992
0 0 0 0 265805460
0 0 0 0 265818920
1 21304 0 0 265832400
1 19625 0 0 265846588
1 21228 0 0 265860772
0 0 0 0 265874968
0 0 0 0 265889632
1 21266 0 0 265904312
0 0 0 0 265918500
0 0 0 0 265931988
1 21228 0 0 265945464
0 0 0 0 265959632
0 0 0 0 265974300
1 19663 0 0 265987780
0 0 0 0 266001964
0 0 0 0 266015432
0 0 0 0 266028908
0 0 0 0 266042392
1 21266 0 0 266058248
0 0 0 0 266072424
0 0 0 0 266088292
0 0 0 0 266104172
0 0 0 0 266117640
0 0 0 0 266131120
0 0 0 0 266144608
0 0 0 0 266158100
1 21243 0 0 266172780
1 21280 0 0 266188148
0 0 0 0 266202328
1 21280 0 0 266217000
0 0 0 0 266231180
0 0 0 0 266244656
0 0 0 0 266258128
1 21318 0 0 266271608
1 21168 0 0 266285788
0 0 0 0 266301156
1 19742 0 0 266314632
1 21655 0 0 266328820
1 21618 0 0 266344176
1 21205 0 0 266358364
0 0 0 0 266372564
0 0 0 0 266387228
1 21243 0 0 266401904
1 21205 0 0 266416096
1 21243 0 0 266430280
0 0 0 0 266444484
0 0 0 0 266459172
1 21280 0 0 266473848
0 0 0 0 266488036
0 0 0 0 266501516
0 0 0 0 266514988
0 0 0 0 266528472
0 0 0 0 266541960
0 0 0 0 266555448
0 0 0 0 266568928
0 0 0 0 266582404
0 0 0 0 266595884
0 0 0 0 266609368
1 21205 0 0 266622856
0 0 0 0 266637040
0 0 0 0 266651728
1 21243 0 0 266665216
0 0 0 0 266679420
0 0 0 0 266692884
0 0 0 0 266708736
1 21773 0 0 266724600
0 0 0 0 266738784
0 0 0 0 266754664
0 0 0 0 266769324
0 0 0 0 266782824
0 0 0 0 266796308
0 0 0 0 266809796
0 0 0 0 266823276
1 21247 0 0 266836740
0 0 0 0 266850940
0 0 0 0 266865604
0 0 0 0 266879088
0 0 0 0 266892576
0 0 0 0 266906060
1 21735 0 0 266919528
0 0 0 0 266933708
1 21135 0 0 266947188
0 0 0 0 266961352
0 0 0 0 266974812
0 0 0 0 266989476
1 21698 0 0 267002956
1 21247 0 0 267017132
0 0 0 0 267031324
0 0 0 0 267044804
0 0 0 0 267059480
0 0 0 0 267072964
0 0 0 0 267086448
0 0 0 0 267099912
0 0 0 0 267113396
1 21210 0 0 267126876
1 19784 0 0 267141048
1 21285 0 0 267156428
0 0 0 0 267170608
0 0 0 0 267186476
1 21773 0 0 267202336
1 21247 0 0 267216528
0 0 0 0 267230708
0 0 0 0 267245360
0 0 0 0 267261232
0 0 0 0 267275904
0 0 0 0 267289368
1 21210 0 0 267305244
0 0 0 0 267319428
1 21247 0 0 267332912
0 0 0 0 267348284
0 0 0 0 267361752
0 0 0 0 267375228
0 0 0 0 267388696
0 0 0 0 267402192
0 0 0 0 267415672
0 0 0 0 267429156
0 0 0 0 267442628
1 21247 0 0 267456112
1 21285 0 0 267470272
0 0 0 0 267484444
0 0 0 0 267499100
1 19709 0 0 267512588
1 21322 0 0 267526768
0 0 0 0 267540944
0 0 0 0 267554416
1 21285 0 0 267569088
1 21322 0 0 267583280
0 0 0 0 267597452
0 0 0 0 267612120
1 19709 0 0 267625592
1 21773 0 0 267639776
0 0 0 0 267655140
0 0 0 0 267668616
1 21322 0 0 267682092
0 0 0 0 267696268
1 21397 0 0 267710936
0 0 0 0 267725112
0 0 0 0 267740976
1 21247 0 0 267754444
0 0 0 0 267768628
0 0 0 0 267782108
0 0 0 0 267796784
0 0 0 0 267810256
1 21341 0 0 267824916
0 0 0 0 267839116
1 21304 0 0 267853768
0 0 0 0 267867944
0 0 0 0 267881428
0 0 0 0 267894900
1 21266 0 0 267908380
1 19663 0 0 267922556
0 0 0 0 267937940
0 0 0 0 267951420
0 0 1 20253 267964892
1 19803 0 0 267979068
0 0 0 0 267993244
0 0 0 0 268006720
0 0 0 0 268020196
0 0 0 0 268033660
0 0 0 0 268047136
1 21341 0 0 268061828
0 0 0 0 268075992
0 0 0 0 268090664
0 0 0 0 268104148
1 21266 0 0 268118808
0 0 0 0 268132988
0 0 0 0 268147640
1 21754 0 0 268161120
0 0 0 0 268175300
1 21304 0 0 268188788
0 0 0 0 268202972
1 21228 0 0 268217648
0 0 0 0 268231816
0 0 0 0 268247672
0 0 0 0 268261152
0 0 0 0 268274624
1 21791 0 0 268290500
0 0 0 0 268304680
0 0 0 0 268320544
0 0 0 0 268336416
0 0 0 0 268349880
0 0 0 0 268364576
1 21341 0 0 268380456
1 21228 0 0 268394640
1 21754 0 0 268408812
1 19728 0 0 268422996
1 21191 0 0 268437200
1 21191 0 0 268452580
0 0 0 0 268466764
0 0 0 0 268481452
0 0 0 0 268494936
1 21754 0 0 268508432
0 0 0 0 268522612
0 0 0 0 268537276
0 0 0 0 268550764
0 0 0 0 268565436
0 0 0 0 268578932
0 0 0 0 268593608
0 0 0 0 268608264
0 0 0 0 268621728
0 0 0 0 268636400
1 19700 0 0 268649876
0 0 0 0 268664044
0 0 0 0 268677516
0 0 0 0 268692184
0 0 0 0 268705660
1 21266 0 0 268720344
0 0 0 0 268734536
0 0 0 0 268749204
0 0 0 0 268762684
0 0 0 0 268776160
1 21191 0 0 268789640
0 0 0 0 268803832
1 21191 0 0 268817312
0 0 0 0 268831508
0 0 0 0 268846184
0 0 0 0 268862052
0 0 0 0 268875532
1 21322 0 0 268890196
0 0 0 0 268904388
0 0 0 0 268919064
0 0 0 0 268933732
0 0 0 0 268947208
0 0 0 0 268960680
0 0 0 0 268974164
0 0 0 0 268987652
0 0 0 0 269001148
1 21135 0 0 269014648
1 21247 0 0 269028824
0 0 0 0 269044188
0 0 0 0 269058852
0 0 0 0 269072324
0 0 0 0 269087004
0 0 1 19625 269100476
0 0 0 0 269115860
0 0 0 0 269129324
0 0 0 0 269143988
0 0 0 0 269157476
0 0 0 0 269172164
1 21360 0 0 269186840
0 0 0 0 269201036
1 21247 0 0 269214500
0 0 0 0 269229868
0 0 0 0 269243340
1 21210 0 0 269256820
0 0 0 0 269270988
0 0 0 0 269284476
0 0 0 0 269297956
0 0 0 0 269311420
0 0 0 0 269324904
0 0 0 0 269340772
1 21360 0 0 269354256
0 0 0 0 269368452
0 0 0 0 269381908
0 0 0 0 269397796
0 0 1 20178 269413652
1 21266 0 0 269429048
1 21228 0 0 269443236
0 0 0 0 269457404
0 0 0 0 269470876
1 19728 0 0 269485540
0 0 0 0 269499716
0 0 0 0 269513172
0 0 0 0 269526660
0 0 0 0 269540128
0 0 0 0 269553624
0 0 0 0 269567096
0 0 0 0 269580568
0 0 0 0 269594040
1 21191 0 0 269607540
0 0 0 0 269621724
0 0 0 0 269635188
0 0 0 0 269649860
0 0 0 0 269664532
0 0 0 0 269678020
0 0 0 0 269692684
0 0 0 0 269707352
0 0 0 0 269720836
0 0 0 0 269735520
1 19700 0 0 269748992
0 0 0 0 269763184
0 0 0 0 269776668
0 0 0 0 269791348
0 0 0 0 269804828
0 0 0 0 269819512
0 0 0 0 269832988
1 21754 0 0 269846476
0 0 0 0 269860668
0 0 0 0 269875340
1 19728 0 0 269888816
1 20253 0 0 269902996
0 0 0 0 269918364
1 21810 0 0 269934224
0 0 0 0 269948412
0 0 0 0 269964280
0 0 0 0 269978940
0 0 0 0 269992408
0 0 0 0 270005884
0 0 0 0 270019336
0 0 0 0 270032832
0 0 0 0 270046324
0 0 0 0 270059816
1 21848 0 0 270073292
0 0 0 0 270087460
0 0 0 0 270102132
1 21810 0 0 270115588
0 0 0 0 270129768
0 0 0 0 270143244
0 0 0 0 270156720
0 0 0 0 270170212
1 21810 0 0 270183696
0 0 0 0 270197896
0 0 0 0 270211364
0 0 0 0 270226024
0 0 0 0 270239500
0 0 0 0 270254168
0 0 0 0 270267668
0 0 0 0 270282348
0 0 0 0 270297008
0 0 0 0 270310496
1 21397 0 0 270325188
1 19821 0 0 270339364
0 0 0 0 270353540
0 0 0 0 270367020
0 0 0 0 270380496
1 21322 0 0 270393964
0 0 0 0 270408144
0 0 0 0 270424012
0 0 0 0 270437500
0 0 0 0 270450972
1 19765 0 0 270466832
0 0 0 0 270481020
0 0 0 0 270496888
0 0 0 0 270512752
0 0 0 0 270526212
0 0 0 0 270540892
0 0 0 0 270556752
0 0 0 0 270571432
1 19728 0 0 270584912
0 0 0 0 270599100
1 21791 0 0 270613780
0 0 0 0 270627964
0 0 0 0 270641436
0 0 0 0 270654908
0 0 0 0 270668396
1 21829 0 0 270681856
0 0 0 0 270696048
0 0 0 0 270710700
0 0 0 0 270724208
0 0 0 0 270737700
1 21341 0 0 270751160
0 0 0 0 270765344
0 0 0 0 270780020
0 0 0 0 270794668
1 19803 0 0 270808168
1 19803 0 0 270822332
0 0 0 0 270837704
0 0 0 0 270851176
0 0 0 0 270864672
0 0 0 0 270878148
0 0 0 0 270891640
0 0 0 0 270905120
0 0 0 0 270918616
0 0 0 0 270932092
1 21679 0 0 270945560
1 21379 0 0 270959756
1 21247 0 0 270973924
0 0 0 0 270988100
1 21848 0 0 271001576
0 0 0 0 271015752
0 0 0 0 271030424
0 0 0 0 271043888
0 0 0 0 271058548
0 0 0 0 271074416
0 0 0 0 271089080
0 0 0 0 271102576
0 0 0 0 271116044
1 21773 0 0 271129512
0 0 0 0 271143704
1 19746 0 0 271158372
0 0 0 0 271172560
0 0 0 0 271186036
0 0 0 0 271199516
0 0 0 0 271213008
1 21285 0 0 271227676
0 0 0 0 271241864
0 0 0 0 271255336
0 0 0 0 271268820
0 0 0 0 271282316
0 0 0 0 271295800
1 19859 0 0 271310472
0 0 0 0 271324648
0 0 0 0 271339304
0 0 0 0 271352776
0 0 0 0 271367452
0 0 0 0 271382120
0 0 0 0 271395588
0 0 0 0 271410272
0 0 0 0 271423752
0 0 0 0 271437244
1 19746 0 0 271450728
0 0 0 0 271464912
0 0 0 0 271478388
0 0 0 0 271494240
0 0 0 0 271507724
0 0 0 0 271521204
0 0 0 0 271537068
0 0 0 0 271550552
0 0 0 0 271564044
1 19765 0 0 271577528
0 0 0 0 271591716
0 0 0 0 271605184
0 0 0 0 271621060
0 0 0 0 271636920
0 0 0 0 271651596
0 0 0 0 271665072
0 0 0 0 271678560
1 21266 0 0 271692056
1 19765 0 0 271706236
0 0 0 0 271720412
0 0 0 0 271733892
1 21754 0 0 271747356
1 21754 0 0 271761548
0 0 0 0 271775712
0 0 0 0 271790376
1 19700 0 0 271803840
0 0 0 0 271818024
0 0 0 0 271831488
0 0 0 0 271846168
1 21829 0 0 271860848
0 0 0 0 271875036
0 0 0 0 271888508
1 21716 0 0 271901988
0 0 0 0 271916172
0 0 0 0 271930836
0 0 0 0 271944308
0 0 0 0 271958972
1 21754 0 0 271973656
0 0 0 0 271987856
0 0 0 0 272001328
1 21754 0 0 272014804
0 0 0 0 272028980
1 21754 0 0 272043656
1 19625 0 0 272057828
0 0 0 0 272072000
0 0 0 0 272086652
0 0 0 0 272100128
0 0 0 0 272113608
1 21768 0 0 272127092
0 0 0 0 272141276
1 19704 0 0 272154756
0 0 0 0 272168920
1 19677 0 0 272183584
0 0 0 0 272197780
0 0 0 0 272211244
0 0 0 0 272224724
1 21243 0 0 272238192
0 0 0 0 272252372
0 0 0 0 272267036
0 0 0 0 272280516
0 0 0 0 272294000
0 0 0 0 272307480
0 0 0 0 272320956
1 21318 0 0 272334432
1 19704 0 0 272348620
0 0 0 0 272362804
1 21280 0 0 272377456
0 0 0 0 272391640
1 21730 0 0 272405112
0 0 0 0 272420480
1 21280 0 0 272433952
1 21655 0 0 272448144
0 0 0 0 272463508
0 0 0 0 272476992
1 19779 0 0 272490472
0 0 0 0 272504652
0 0 0 0 272519328
0 0 0 0 272532796
0 0 0 0 272547456
0 0 0 0 272560932
1 21730 0 0 272574420
0 0 0 0 272588600
0 0 0 0 272603280
0 0 0 0 272616764
1 21679 0 0 272630248
0 0 0 0 272644428
1 19728 0 0 272660272
1 21829 0 0 272674472
1 21754 0 0 272688672
1 21191 0 0 272702856
0 0 0 0 272717024
1 21791 0 0 272730500
0 0 0 0 272744676
0 0 0 0 272758148
0 0 0 0 272772812
0 0 0 0 272786296
0 0 0 0 272799796
1 21266 0 0 272813280
1 21791 0 0 272827448
0 0 0 0 272841628
0 0 0 0 272855100
0 0 0 0 272868584
0 0 0 0 272882048
0 0 0 0 272895532
0 0 0 0 272909012
0 0 0 0 272922500
0 0 0 0 272935988
0 0 0 0 272949472
1 19625 0 0 272964144
1 19625 0 0 272978324
0 0 0 0 272992500
0 0 0 0 273007176
0 0 0 0 273020660
1 21754 1 21491 273034136
0 0 0 0 273049048
1 21791 0 0 273062524
0 0 0 0 273076708
1 21791 0 0 273090180
0 0 0 0 273104352
1 21791 0 0 273119020
0 0 0 0 273133220
0 0 0 0 273147920
0 0 0 0 273161392
0 0 0 0 273174864
0 0 0 0 273188344
1 21679 0 0 273201832
0 0 0 0 273216040
0 0 0 0 273230708
1 21791 0 0 273244196
0 0 0 0 273258376
0 0 0 0 273271868
0 0 0 0 273287728
0 0 0 0 273302392
0 0 0 0 273315888
0 0 0 0 273329368
1 21379 0 0 273342856
0 0 0 0 273357032
0 0 0 0 273371684
0 0 0 0 273385164
0 0 0 0 273398660
0 0 0 0 273412156
0 0 0 0 273425640
0 0 0 0 273439108
0 0 0 0 273452592
0 0 0 0 273466076
1 21716 0 0 273479568
1 19765 0 0 273493756
0 0 0 0 273507944
0 0 0 0 273522624
0 0 0 0 273536120
1 21716 0 0 273550776
0 0 0 0 273564976
1 19728 0 0 273579640
0 0 0 0 273593824
1 19803 0 0 273608484
0 0 0 0 273622656
0 0 0 0 273636132
0 0 0 0 273649604
0 0 0 0 273663088
0 0 0 0 273676576
0 0 0 0 273690052
1 19765 0 0 273703540
1 21341 0 0 273717736
1 21866 0 0 273731912
0 0 0 0 273746104
1 19765 0 0 273759580
0 0 0 0 273773768
1 21304 0 0 273788432
0 0 0 0 273802628
1 21191 0 0 273817296
1 21341 0 0 273831480
0 0 0 0 273845652
0 0 0 0 273860324
1 19728 0 0 273875020
1 19878 0 0 273890392
0 0 0 0 273904552
1 21266 0 0 273919224
1 21304 0 0 273933424
0 0 0 0 273947600
0 0 0 0 273962268
1 21754 0 0 273975740
1 19803 0 0 273989908
1 21304 0 0 274004084
0 0 0 0 274019472
0 0 0 0 274034128
1 21829 0 0 274047600
1 21304 0 0 274061772
1 21679 0 0 274075948
1 21379 0 0 274091320
0 0 0 0 274105492
1 21266 0 0 274120152
0 0 0 0 274134336
1 21191 0 0 274147804
0 0 0 0 274161968
0 0 0 0 274175444
1 21379 0 0 274190096
0 0 0 0 274204280
0 0 0 0 274220148
0 0 0 0 274233632
0 0 0 0 274247116
1 21318 1 19620 274260596
0 0 0 0 274275492
1 21243 0 0 274288996
0 0 0 0 274303180
0 0 0 0 274319048
1 19779 0 0 274334920
1 21730 0 0 274349108
1 21730 0 0 274363280
1 21243 0 0 274377468
0 0 0 0 274391640
1 21243 0 0 274405124
1 21768 0 0 274419328
1 21318 0 0 274433508
1 21280 0 0 274447688
1 21768 0 0 274463060
0 0 0 0 274477232
1 21243 0 0 274491904
1 21318 0 0 274506100
1 21768 0 0 274520280
0 0 0 0 274534456
1 19704 0 0 274549124
1 21280 0 0 274563304
1 21693 0 0 274577480
0 0 0 0 274592852
1 21280 0 0 274606336
0 0 0 0 274620520
0 0 0 0 274633988
1 19677 0 0 274648672
1 21280 0 0 274662864
1 19704 0 0 274677028
1 21768 0 0 274691200
1 21693 0 0 274705372
1 21693 0 0 274719532
1 21130 0 0 274734896
0 0 0 0 274749096
1 19709 0 0 274763764
1 21285 0 0 274777932
1 21773 0 0 274792132
1 21247 0 0 274806304
0 0 0 0 274820476
0 0 0 0 274833960
1 19709 0 0 274848620
1 21885 0 0 274862812
1 19746 0 0 274877000
1 21285 0 0 274891188
0 0 0 0 274905368
1 19859 0 0 274918844
1 21773 0 0 274933024
1 21773 0 0 274947212
1 21735 0 0 274962568
1 21698 0 0 274976744
1 21735 0 0 274990928
0 0 0 0 275005112
1 21810 1 19817 275018576
0 0 0 0 275033496
1 21735 0 0 275046964
0 0 0 0 275061136
1 21735 0 0 275075804
1 19681 0 0 275089984
1 21247 0 0 275104156
1 21247 0 0 275119544
1 21285 0 0 275133716
1 19709 0 0 275147904
1 21735 0 0 275162096
0 0 0 0 275177452
1 21210 0 0 275190936
1 21773 0 0 275205100
0 0 0 0 275220460
1 21773 0 0 275233944
0 0 0 0 275248124
1 21285 0 0 275261624
1 21266 0 0 275275804
1 21228 0 0 275289964
1 21266 0 0 275305336
0 0 0 0 275319524
1 21716 0 0 275334200
1 21266 0 0 275348364
1 19728 0 0 275362568
1 19728 0 0 275376748
1 21791 0 0 275390936
1 19728 0 0 275406308
1 21791 0 0 275420480
1 21266 0 0 275434660
1 21679 0 0 275448812
1 21716 0 0 275462988
1 21754 0 0 275478348
1 21228 0 0 275492552
0 0 0 0 275506732
0 0 0 0 275520204
1 21304 0 0 275533672
1 21716 0 0 275547852
1 21228 0 0 275563224
1 21341 0 0 275577404
1 21266 0 0 275591580
0 0 0 0 275605760
1 19700 0 0 275620420
0 0 0 0 275634608
1 21754 0 0 275649284
1 21266 0 0 275663468
1 21341 0 0 275677628
1 21266 0 0 275691808
1 21754 0 0 275707180
1 21791 0 0 275721360
1 21228 0 0 275735540
0 0 0 0 275749716
1 21754 0 0 275763196
1 21829 0 0 275777372
1 21754 0 0 275791556
1 19728 0 0 275806932
1 21266 0 0 275821108
0 0 0 0 275835288
1 21266 0 0 275849972
1 21791 0 0 275864160
1 21754 0 0 275878332
0 0 0 0 275892516
1 21791 0 0 275905980
1 21191 0 0 275920160
1 21266 0 0 275934348
0 0 0 0 275948504
1 21341 0 0 275961980
0 0 0 0 275976160
1 21341 0 0 275990824
1 21266 0 0 276005012
1 19700 0 0 276019172
1 21304 0 0 276033352
1 21266 0 0 276047536
1 21754 0 0 276062924
1 21754 0 0 276077104
1 21191 0 0 276091272
1 19728 0 0 276105436
1 21228 0 0 276120796
1 21228 0 0 276134968
1 21266 0 0 276149156
1 19700 0 0 276163344
1 21266 0 0 276178732
1 21266 0 0 276192908
1 21266 0 0 276207080
1 21716 0 0 276221260
1 21228 0 0 276236624
1 21228 0 0 276250796
1 21754 0 0 276264968
1 21280 0 0 276279124
1 21730 0 0 276293320
1 21693 0 0 276308692
0 0 0 0 276322880
0 0 0 0 276337556
1 21730 0 0 276351028
1 19639 0 0 276365200
1 21730 0 0 276380552
1 21693 0 0 276394744
1 21280 0 0 276408928
1 19677 0 0 276423120
1 21730 0 0 276438484
1 21243 0 0 276452672
1 19602 0 0 276466852
1 21693 0 0 276481040
1 21618 0 0 276495204
0 0 0 0 276510584
1 21243 0 0 276525240
1 21168 0 0 276540624
1 21243 0 0 276554808
1 21280 0 0 276568988
1 21655 0 0 276584352
1 21168 0 0 276598544
1 19639 0 0 276612724
1 21243 0 0 276626904
1 21243 0 0 276641064
1 21243 0 0 276656428
1 21243 0 0 276670608
0 0 0 0 276684768
1 21693 0 0 276698256
0 0 0 0 276712440
1 21693 0 0 276727116
1 21730 0 0 276741292
0 0 0 0 276755464
0 0 0 0 276770120
1 21266 0 0 276783596
1 21153 0 0 276797792
1 21754 0 0 276811968
1 21266 0 0 276827352
1 21228 0 0 276841528
1 19700 0 0 276855708
1 21304 0 0 276869896
1 21754 0 0 276885272
1 19625 0 0 276899456
0 0 0 0 276913636
1 19587 0 0 276927124
1 21153 0 0 276941292
1 19663 0 0 276955448
1 21341 0 0 276969644
0 0 0 0 276983824
1 21116 0 0 276997304
0 0 0 0 277011496
1 21191 0 0 277024980
1 21228 0 0 277039152
1 21266 0 0 277053332
1 21266 0 0 277067532
0 0 0 0 277081712
1 21716 0 0 277095180
1 21754 0 0 277109376
1 21791 0 0 277123564
1 21266 0 0 277138944
0 0 0 0 277153120
1 21754 0 0 277167796
1 21679 0 0 277181992
1 21228 0 0 277196192
1 21791 0 0 277210384
1 21191 0 0 277224564
1 21191 0 0 277239940
0 0 0 0 277254104
1 21304 0 0 277268772
1 21266 0 0 277282952
1 21191 0 0 277297124
1 21791 0 0 277311288
1 21153 0 0 277325480
1 21754 0 0 277340868
0 0 0 0 277355044
1 19803 0 0 277369708
1 21228 0 0 277383896
0 0 0 0 277398064
1 21266 0 0 277412752
1 21266 0 0 277426952
1 19663 0 0 277441136
0 0 0 0 277455304
0 0 0 0 277468776
1 21191 0 0 277484640
0 0 0 0 277498832
1 19663 0 0 277514684
1 19803 0 0 277528864
0 0 0 0 277543052
0 0 0 0 277556528
1 21716 0 0 277570000
1 21716 0 0 277584180
1 21266 0 0 277598356
1 21228 0 0 277613724
1 21754 0 0 277627900
0 0 0 0 277642088
1 21679 0 0 277655564
1 21266 0 0 277669756
0 0 0 0 277683916
1 21754 0 0 277698600
1 21304 0 0 277712788
1 21266 0 0 277726984
1 21829 0 0 277741164
1 19663 0 0 277756548
1 21754 0 0 277770724
1 21679 0 0 277784896
1 21754 0 0 277799064
1 21716 0 0 277813240
1 21266 0 0 277828620
0 0 0 0 277842796
1 21679 0 0 277857476
0 0 0 0 277871644
1 21153 0 0 277886324
1 21266 0 0 277900504
1 21191 0 0 277914684
0 0 0 0 277928860
1 21228 0 0 277942348
1 21191 0 0 277956544
1 21266 0 0 277970732
0 0 0 0 277984904
1 21266 0 0 277998372
1 21754 0 0 278012548
1 21266 0 0 278026732
1 19728 0 0 278040916
1 21266 0 0 278056276
0 0 0 0 278070456
1 21191 0 0 278085124
1 21791 0 0 278099288
1 21716 0 0 278113460
1 21266 0 0 278127640
1 21266 0 0 278141804
1 21304 0 0 278157184
0 0 0 0 278171364
1 21228 0 0 278186036
1 21791 0 0 278200228
1 21341 0 0 278214424
1 19728 0 0 278228612
1 21716 0 0 278242788
1 21304 0 0 278258168
0 0 0 0 278272316
1 21716 0 0 278286968
0 0 0 0 278301156
1 21754 0 0 278314628
1 21266 0 0 278328808
1 21228 0 0 278344164
1 21266 0 0 278358328
1 21829 0 0 278372504
1 21716 0 0 278386680
0 0 0 0 278402060
1 21191 0 0 278415548
1 21716 0 0 278429740
1 21228 0 0 278445108
1 21228 0 0 278459280
1 21791 0 0 278473480
1 21754 0 0 278487660
1 21754 0 0 278503032
1 21754 0 0 278517208
1 19663 0 0 278531392
1 21679 0 0 278545572
1 21754 0 0 278560936
1 21791 0 0 278575112
1 21754 0 0 278589276
0 0 0 0 278603472
1 21266 0 0 278616952
1 21754 0 0 278631128
1 19587 0 0 278645312
1 21716 0 0 278659504
1 21679 0 0 278674880
1 21341 0 0 278689060
1 21191 0 0 278703248
1 21153 0 0 278717416
1 21791 0 0 278732796
1 21679 0 0 278746964
1 21716 0 0 278761156
1 21228 0 0 278775340
1 21716 0 0 278790708
1 21266 0 0 278804892
1 21679 0 0 278819076
1 21266 0 0 278833260
1 21679 0 0 278847420
1 21266 0 0 278862800
0 0 0 0 278876964
1 21191 0 0 278891644
1 21754 0 0 278905816
1 21754 0 0 278919996
1 21754 0 0 278934176
1 21754 0 0 278948388
1 19663 0 0 278963756
1 21791 0 0 278977932
1 21791 0 0 278992100
1 21191 0 0 279006268
1 21191 0 0 279021656
1 21228 0 0 279034652
0 0 0 0 279048836
1 21716 0 0 279063500
1 21228 0 0 279077676
1 21716 0 0 279091868
1 21716 0 0 279106048
1 21266 0 0 279120232
1 21266 0 0 279135608
0 0 0 0 279149780
0 0 0 0 279164468
1 19663 0 0 279180332
1 21754 0 0 279194512
1 21754 0 0 279208684
0 0 0 0 279222872
1 21754 0 0 279236376
1 21716 0 0 279250564
0 0 0 0 279264736
1 19700 0 0 279279396
1 21791 0 0 279293584
0 0 0 0 279307764
1 21266 0 0 279321260
1 21304 0 0 279335464
1 21228 0 0 279349632
0 0 0 0 279363800
1 21266 0 0 279377280
1 21791 0 0 279391464
1 21791 0 0 279405644
1 21191 0 0 279419812
0 0 0 0 279434008
1 21228 0 0 279447472
1 21228 0 0 279461660
1 21791 0 0 279475844
1 21266 0 0 279491212
1 21266 0 0 279505388
1 21791 0 0 279519580
0 0 0 0 279533768
1 21716 0 0 279547244
1 21716 0 0 279561428
0 0 0 0 279575612
1 21716 0 0 279589096
1 21266 0 0 279603284
1 21754 0 0 279617464
1 21791 0 0 279631668
1 21191 0 0 279645856
1 21266 0 0 279661224
0 0 0 0 279675424
1 21716 0 0 279690104
1 21304 0 0 279704280
1 21304 0 0 279718452
1 21829 0 0 279732632
1 21716 0 0 279748000
1 21304 0 0 279762196
1 21228 0 0 279776388
1 21304 0 0 279790556
1 21754 0 0 279804740
0 0 0 0 279820128
0 0 0 0 279834796
0 0 0 0 279849492
1 21280 0 0 279862960
1 21243 0 0 279877140
1 21730 0 0 279891328
1 21168 0 0 279905512
1 21243 0 0 279920892
1 21205 0 0 279935080
1 21280 0 0 279949260
1 21243 0 0 279963432
1 21280 0 0 279977632
1 21805 0 0 279992992
1 21243 0 0 280007188
1 21693 0 0 280021368
1 21243 0 0 280035544
1 21280 0 0 280050912
1 21768 0 0 280065096
1 21280 0 0 280079264
1 21730 0 0 280093444
1 21318 0 0 280108812
0 0 0 0 280122988
1 21693 0 0 280137648
1 21318 0 0 280151844
1 21205 0 0 280166024
1 21168 0 0 280180216
1 21092 0 0 280194400
1 21280 0 0 280209764
1 21243 0 0 280223936
1 21693 0 0 280238116
0 0 0 0 280252304
1 21730 0 0 280265784
1 21205 0 0 280279964
1 19677 0 0 280294156
1 21768 0 0 280308340
1 21730 0 0 280323704
1 21805 0 0 280337880
1 21693 0 0 280352044
1 21285 0 0 280366224
1 21773 0 0 280381580
1 21735 0 0 280395740
1 21285 0 0 280409920
1 21773 0 0 280424100
1 21360 0 0 280439484
1 21285 0 0 280453668
1 21698 0 0 280467832
1 21698 0 0 280482004
1 21247 0 0 280496184
1 21773 0 0 280511556
1 19681 0 0 280525728
1 21247 0 0 280539912
1 21810 0 0 280554104
1 21773 0 0 280569472
1 21810 0 0 280583656
0 0 0 0 280597820
1 21172 0 0 280612484
1 21247 0 0 280626672
1 21210 0 0 280640852
1 21322 0 0 280655032
1 21848 0 0 280670404
1 21210 0 0 280684588
1 21172 0 0 280698764
1 21735 0 0 280712940
0 0 0 0 280728332
1 21735 0 0 280744208
1 21285 0 0 280758396
1 21247 0 0 280772572
1 21285 0 0 280786760
1 21773 0 0 280800964
1 21773 0 0 280816332
1 21773 0 0 280830512
1 21247 0 0 280844700
1 21247 0 0 280858864
0 0 0 0 280874236
1 21791 0 0 280887704
1 21228 0 0 280901900
1 21191 0 0 280917288
1 19728 0 0 280931468
1 21679 0 0 280945640
1 21228 0 0 280959816
1 21191 0 0 280975196
1 21754 0 0 280989396
0 0 0 0 281003568
1 21266 0 0 281017044
1 21754 0 0 281031236
1 21304 0 0 281045424
1 21153 0 0 281058428
1 21716 0 0 281072604
1 21191 0 0 281086788
1 21716 0 0 281102156
1 21379 0 0 281116360
0 0 0 0 281130556
1 21679 0 0 281144024
1 21341 0 0 281158208
1 21791 0 0 281172384
1 21266 0 0 281186584
1 21791 0 0 281201964
1 21228 0 0 281216136
1 21791 0 0 281230304
1 21716 0 0 281244488
1 21679 0 0 281259888
1 21791 0 0 281274068
1 21754 0 0 281288248
1 21679 0 0 281302412
1 21304 0 0 281316592
0 0 0 0 281331964
1 21641 0 0 281347820
1 21754 0 0 281362008
1 21716 0 0 281376204
1 21768 0 0 281390372
1 21693 0 0 281404556
1 21243 0 0 281419920
1 21655 0 0 281434088
1 21092 0 0 281448268
1 21730 0 0 281462460
1 21243 0 0 281477840
1 21730 0 0 281492024
1 21730 0 0 281506192
1 21243 0 0 281520372
1 21730 0 0 281535748
1 21205 0 0 281549932
1 21168 0 0 281564112
1 21318 0 0 281578292
1 21730 0 0 281593676
1 21280 0 0 281607864
1 21805 0 0 281622036
1 21280 0 0 281636216
1 21205 0 0 281651580
1 21280 0 0 281665752
1 21768 0 0 281679940
1 21205 0 0 281694108
1 21730 0 0 281708284
1 21768 0 0 281723680
1 21768 0 0 281737864
1 21205 0 0 281752060
1 21768 0 0 281766244
1 21805 0 0 281781624
1 21168 0 0 281795804
1 21768 0 0 281809984
1 21730 0 0 281824152
0 0 0 0 281839536
1 21805 0 0 281855404
0 0 0 0 281869592
1 21243 0 0 281885456
1 21266 0 0 281899636
1 21791 0 0 281913820
1 21754 0 0 281927996
1 21791 0 0 281943356
1 21716 0 0 281957528
0 0 0 0 281971708
0 0 0 0 281986380
1 21716 0 0 281999856
1 21791 0 0 282014044
1 21754 0 0 282029436
1 21341 0 0 282043600
1 21754 0 0 282057800
0 0 0 0 282071976
1 21791 0 0 282086648
1 21716 0 0 282100840
1 21791 0 0 282116212
1 21341 0 0 282130396
1 19803 0 0 282144580
1 21716 0 0 282158768
1 21341 0 0 282172968
1 21679 0 0 282188352
1 21266 0 0 282202556
1 21754 0 0 282216728
1 21716 0 0 282230916
1 21228 0 0 282246284
1 21304 0 0 282260456
1 21153 0 0 282274616
1 21716 0 0 282288800
1 21266 0 0 282304192
1 21191 0 0 282318372
1 21791 0 0 282332548
1 21679 0 0 282346728
1 21228 0 0 282362104
1 21304 0 0 282376288
1 21266 0 0 282390460
1 21191 0 0 282404644
1 21754 0 0 282420012
1 21791 0 0 282434204
1 21716 0 0 282448396
1 21754 0 0 282462596
1 21716 0 0 282477960
1 21228 0 0 282492136
1 21304 0 0 282506312
1 21791 0 0 282520488
1 21829 0 0 282534684
1 21716 0 0 282550060
1 21228 0 0 282564252
1 21266 0 0 282578452
1 21228 0 0 282592636
1 21266 0 0 282608000
1 21754 0 0 282622184
0 0 0 0 282636364
1 21754 0 0 282649836
1 19587 0 0 282664024
1 21266 0 0 282678192
1 21266 0 0 282692384
1 21754 0 0 282706568
1 21304 0 0 282721936
1 21228 0 0 282736124
1 21641 0 0 282750292
1 21716 0 0 282764472
1 21754 0 0 282779852
1 21754 0 0 282794040
1 21716 0 0 282808220
1 21191 0 0 282822404
1 21266 0 0 282837760
1 21228 0 0 282851948
1 21716 0 0 282866144
1 21829 0 0 282880312
0 0 0 0 282895688
1 21754 0 0 282909160
1 21754 0 0 282923320
0 0 0 0 282938700
1 21228 0 0 282954544
1 21754 0 0 282968728
1 21304 0 0 282982920
1 21754 0 0 282997076
1 21679 0 0 283011280
1 21716 0 0 283026656
1 21791 0 0 283040844
1 21754 0 0 283055008
1 21754 0 0 283069188
1 21191 0 0 283084552
1 21266 0 0 283098740
1 21716 0 0 283112924
1 21304 0 0 283127100
1 19663 0 0 283142480
1 21304 0 0 283156632
1 21266 0 0 283170808
1 21716 0 0 283184996
0 0 0 0 283199180
1 21716 0 0 283212668
1 21791 0 0 283226856
1 21304 0 0 283241048
1 21266 0 0 283256412
1 21228 0 0 283270604
0 0 0 0 283284776
1 21266 0 0 283299444
1 21266 0 0 283313620
1 21266 0 0 283327788
1 21191 0 0 283341968
0 0 0 0 283357336
1 21341 0 0 283370816
1 21341 0 0 283384988
1 21266 0 0 283400340
1 21304 0 0 283414496
0 0 0 0 283428684
1 21266 0 0 283442164
1 21304 0 0 283456364
1 21341 0 0 283470536
0 0 0 0 283484716
1 21228 0 0 283498184
0 0 0 0 283512368
1 21228 0 0 283527024
1 21266 0 0 283541212
0 0 0 0 283555392
0 0 0 0 283570064
1 21266 0 0 283584748
1 21266 0 0 283600148
0 0 0 0 283614332
0 0 0 0 283628992
1 21266 0 0 283643680
1 21304 0 0 283657864
1 21266 0 0 283673232
1 21341 0 0 283687396
1 21266 0 0 283701576
1 21304 0 0 283715736
1 21379 0 0 283731100
1 21304 0 0 283745260
1 21266 0 0 283759436
1 21304 0 0 283773608
1 21341 0 0 283788980
1 21304 0 0 283803176
1 21304 0 0 283817340
0 0 0 0 283831508
1 21228 0 0 283846176
1 21304 0 0 283860352
1 21791 0 0 283874516
1 21266 0 0 283888696
1 19728 0 0 283904064
0 0 0 0 283918240
1 21304 0 0 283932920
1 21266 0 0 283947112
1 19765 0 0 283961280
1 21304 0 0 283975460
0 0 0 0 283990828
1 21266 0 0 284004300
0 0 0 0 284018480
0 0 0 0 284031948
0 0 0 0 284047832
1 21304 0 0 284063688
1 21266 0 0 284077872
1 21266 0 0 284092064
0 0 0 0 284106268
0 0 0 0 284119736
0 0 0 0 284135616
0 0 0 0 284150280
1 21304 0 0 284163764
0 0 0 0 284177952
0 0 0 0 284192608
1 21379 0 0 284206076
1 21266 0 0 284220260
0 0 0 0 284234436
0 0 0 0 284249108
1 21341 0 0 284262600
0 0 0 0 284276792
1 21341 0 0 284291464
0 0 0 0 284305644
0 0 0 0 284319120
1 21266 0 0 284333784
1 21266 0 0 284347960
1 21791 0 0 284362136
1 21228 0 0 284376336
0 0 0 0 284391720
0 0 0 0 284406392
1 21304 0 0 284419848
1 21191 0 0 284434036
0 0 0 0 284448228
0 0 0 0 284461704
1 19700 0 0 284476372
1 21304 0 0 284490560
0 0 0 0 284504748
1 21228 0 0 284519444
1 21266 0 0 284533620
1 21228 0 0 284547796
1 21266 0 0 284561976
0 0 0 0 284576156
1 21266 0 0 284589616
1 19663 0 0 284603796
0 0 0 0 284617968
1 21228 0 0 284631444
0 0 0 0 284645640
0 0 0 0 284660304
1 21304 0 0 284676192
1 19803 0 0 284690368
1 21266 0 0 284704556
1 21228 0 0 284718728
1 19765 0 0 284732900
1 21266 0 0 284748264
0 0 0 0 284762428
0 0 0 0 284777084
0 0 0 0 284790560
0 0 0 0 284805236
0 0 0 0 284818716
0 0 0 0 284832200
0 0 0 0 284845692
1 21304 0 0 284860360
1 21266 0 0 284874540
1 21228 0 0 284888716
0 0 0 0 284902888
1 21304 0 0 284916368
0 0 0 0 284930556
0 0 0 0 284945216
1 19821 0 0 284958688
1 21285 0 0 284972884
1 21698 0 0 284988276
1 19746 0 0 285002460
0 0 0 0 285016632
0 0 0 0 285030112
1 21848 0 0 285043596
0 0 0 0 285057764
0 0 0 0 285071252
1 21210 0 0 285085940
1 21247 0 0 285100144
1 21172 0 0 285114336
1 21172 0 0 285128516
1 21247 0 0 285142712
0 0 0 0 285158084
0 0 0 0 285173964
0 0 0 0 285189844
1 21210 0 0 285204528
0 0 0 0 285219900
1 21435 0 0 285235764
0 0 0 0 285249936
0 0 0 0 285263408
0 0 0 0 285276880
0 0 0 0 285290368
0 0 0 0 285303864
0 0 1 19779 285317340
0 0 0 0 285331524
1 21360 0 0 285346200
0 0 0 0 285360388
0 0 0 0 285375040
0 0 0 0 285389712
1 19681 0 0 285403204
0 0 0 0 285417376
0 0 0 0 285432044
1 21210 0 0 285446716
0 0 0 0 285460912
0 0 0 0 285475568
0 0 0 0 285489048
1 21153 0 0 285503720
1 21266 0 0 285517900
1 21754 0 0 285532072
0 0 0 0 285546256
1 21829 0 0 285559728
0 0 0 0 285573928
1 21754 0 0 285588620
0 0 0 0 285602792
1 21304 0 0 285618652
1 21754 0 0 285632824
0 0 0 0 285646988
0 0 0 0 285660456
0 0 0 0 285673940
1 21153 0 0 285688608
1 21266 0 0 285702792
1 21341 0 0 285716968
0 0 0 0 285731136
0 0 0 0 285744604
1 21266 0 0 285758088
0 0 0 0 285772264
1 21266 0 0 285785748
1 21228 0 0 285799952
0 0 0 0 285814140
0 0 0 0 285827628
0 0 0 0 285842284
1 21228 0 0 285856972
1 21228 0 0 285871152
1 21266 0 0 285886516
1 21266 0 0 285900688
0 0 0 0 285914892
1 21228 0 0 285928368
1 21266 0 0 285942564
1 21266 0 0 285956744
1 21304 0 0 285970920
1 21304 0 0 285985084
1 21341 0 0 286000448
0 0 0 0 286014624
1 21280 0 0 286029292
1 21243 0 0 286043464
1 21205 0 0 286057648
0 0 0 0 286071832
0 0 0 0 286085300
1 21205 0 0 286098760
0 0 0 0 286112940
1 21730 0 0 286126408
1 21243 0 0 286140600
1 21243 0 0 286154784
1 21355 0 0 286168932
1 21280 0 0 286184304
1 21693 0 0 286198476
0 0 0 0 286212656
0 0 0 0 286226128
1 21280 0 0 286241988
1 21168 0 0 286256176
1 21280 0 0 286270356
1 21205 0 0 286284524
1 21168 0 0 286298692
1 21205 0 0 286312860
1 21318 0 0 286328224
1 21243 0 0 286342416
1 21280 0 0 286356604
0 0 0 0 286370780
0 0 0 0 286385452
1 21168 0 0 286398936
0 0 0 0 286413112
1 21243 0 0 286426588
1 21243 0 0 286440760
0 0 0 0 286456120
1 21655 0 0 286469596
1 21243 0 0 286484960
1 21243 0 0 286499124
1 21205 0 0 286513304
1 21205 0 0 286527468
0 0 0 0 286541656
1 21280 0 0 286555152
1 21243 0 0 286569316
0 0 0 0 286583492
1 21318 0 0 286596968
1 21205 0 0 286611160
0 0 0 0 286625340
1 21355 0 0 286638816
1 19639 0 0 286653008
0 0 0 0 286667200
1 19639 0 0 286681868
0 0 0 0 286696052
0 0 0 0 286710712
1 21168 0 0 286724204
1 21168 0 0 286738376
1 21243 0 0 286753752
1 21168 0 0 286767936
1 21205 0 0 286782132
0 0 0 0 286796316
0 0 0 0 286809792
1 21280 0 0 286825656
1 21168 0 0 286839856
1 21205 0 0 286854036
1 19742 0 0 286868192
1 21280 0 0 286882368
1 21168 0 0 286897748
1 21205 0 0 286911944
1 21243 0 0 286926124
1 19742 0 0 286940304
1 21205 0 0 286955668
1 21205 0 0 286969848
1 21280 0 0 286984032
1 21168 0 0 286998212
1 21130 0 0 287013588
0 0 0 0 287027772
0 0 0 0 287042440
1 21266 0 0 287055928
0 0 0 0 287070108
1 21716 0 0 287084788
1 21716 0 0 287098984
1 21304 0 0 287113160
1 21304 0 0 287128528
1 21228 0 0 287142708
1 21266 0 0 287156880
1 21266 0 0 287171060
0 0 0 0 287186436
0 0 0 0 287199900
1 21266 0 0 287213376
1 21304 0 0 287227572
1 21716 0 0 287241756
0 0 0 0 287255932
1 21304 0 0 287269400
0 0 0 0 287283580
1 21304 0 0 287298248
0 0 0 0 287312444
0 0 0 0 287328312
1 21266 0 0 287344164
1 21304 0 0 287359528
0 0 0 0 287373700
1 21304 0 0 287387176
1 21266 0 0 287401364
1 21153 0 0 287415532
1 21304 0 0 287429740
1 21304 0 0 287443904
1 21341 0 0 287459264
1 21304 0 0 287473452
0 0 0 0 287487628
0 0 0 0 287501104
0 0 0 0 287514584
0 0 0 0 287528076
0 0 0 0 287541532
0 0 0 0 287556208
1 21191 0 0 287569692
0 0 0 0 287583872
1 21379 0 0 287597348
1 21228 0 0 287611548
1 21341 0 0 287625728
0 0 0 0 287641092
1 21266 0 0 287654572
1 21228 0 0 287668768
1 21266 0 0 287684140
0 0 0 0 287698316
1 21341 0 0 287712980
1 21341 0 0 287727172
1 21266 0 0 287741340
1 21266 0 0 287755512
0 0 0 0 287769688
1 19728 0 0 287783152
1 21266 0 0 287797352
1 21304 0 0 287811524
0 0 0 0 287825708
1 21266 0 0 287839176
1 21304 0 0 287853364
1 21228 0 0 287867560
1 21416 0 0 287882940
1 21304 0 0 287897132
1 21341 0 0 287911292
0 0 0 0 287925464
1 21266 0 0 287938952
1 21304 0 0 287953124
1 21304 0 0 287967300
1 21266 0 0 287981488
1 21304 0 0 287996868
1 21304 0 0 288011052
1 21228 0 0 288025224
1 21228 0 0 288039408
1 21304 0 0 288054812
0 0 0 0 288068984
1 21304 0 0 288083656
1 21266 0 0 288097832
1 21791 0 0 288112012
1 21304 0 0 288126188
1 21379 0 0 288140368
1 21266 0 0 288155724
1 21716 0 0 288169900
1 21341 0 0 288184092
1 21266 0 0 288198264
1 21266 0 0 288212428
0 0 0 0 288227788
0 0 0 0 288241260
1 21266 0 0 288254732
1 21266 0 0 288268920
1 21754 0 0 288283104
1 21304 0 0 288297284
1 21266 0 0 288312656
1 21266 0 0 288326832
1 21304 0 0 288341004
0 0 0 0 288355176
0 0 0 0 288368664
1 21228 0 0 288384512
1 21304 0 0 288398704
1 21304 0 0 288412884
0 0 0 0 288427068
1 21304 0 0 288440532
1 21341 0 0 288454708
1 21153 0 0 288468876
1 21341 0 0 288483040
0 0 0 0 288497220
0 0 0 0 288511904
1 21304 0 0 288525408
1 21191 0 0 288539588
1 21304 0 0 288553776
0 0 0 0 288567960
1 21266 0 0 288581436
1 21228 0 0 288595624
1 21341 0 0 288609816
0 0 0 0 288623996
1 21266 0 0 288638668
1 21266 0 0 288652856
1 21153 0 0 288667032
1 21228 0 0 288682404
1 21228 0 0 288696576
1 21266 0 0 288710760
0 0 0 0 288724936
1 21304 0 0 288738416
1 21266 0 0 288752592
1 21191 0 0 288766780
1 21228 0 0 288780964
1 21228 0 0 288796356
1 21304 0 0 288810524
1 21266 0 0 288824704
1 21228 0 0 288838880
1 21228 0 0 288854244
1 21266 0 0 288868428
1 21228 0 0 288882596
1 21266 0 0 288896796
1 21266 0 0 288912168
1 21266 0 0 288926368
1 21228 0 0 288940540
1 21304 0 0 288954744
1 21266 0 0 288970108
1 21228 0 0 288984288
1 21304 0 0 288998476
1 21266 0 0 289012628
1 21304 0 0 289026788
1 21304 0 0 289042180
1 21266 0 0 289056372
1 21078 0 0 289070556
1 21304 0 0 289084728
1 21210 0 0 289100088
1 21322 0 0 289114260
1 21773 0 0 289128428
1 21322 0 0 289142612
1 21285 0 0 289158000
1 21360 0 0 289172176
1 21360 0 0 289186356
1 21285 0 0 289200532
1 21285 0 0 289214704
1 21285 0 0 289230096
1 21322 0 0 289244292
1 21247 0 0 289258448
1 21322 0 0 289272616
0 0 0 0 289288016
1 21247 0 0 289302680
0 0 0 0 289318064
0 0 0 0 289332724
1 21322 0 0 289346200
1 21285 0 0 289360384
0 0 0 0 289374572
1 21322 0 0 289388036
1 21322 0 0 289402200
1 21360 0 0 289416392
1 21285 0 0 289431760
1 21247 0 0 289445932
1 21322 1 19803 289460096
0 0 0 0 289474984
1 21285 0 0 289489676
1 21285 0 0 289503864
1 21322 0 0 289518048
0 0 0 0 289532244
1 21285 0 0 289545724
1 21285 1 20215 289559900
1 21322 0 0 289574788
1 21285 0 0 289588960
1 21247 0 0 289603136
1 21285 0 0 289617312
1 21172 0 0 289632696
1 21247 0 0 289646884
1 21285 0 0 289661060
1 21360 0 0 289675216
1 21247 0 0 289690588
1 21360 0 0 289704772
0 0 0 0 289718944
0 0 0 0 289732428
1 21360 0 0 289745904
1 21360 0 0 289760088
1 21322 0 0 289774280
1 21285 0 0 289789632
1 21435 0 0 289803812
1 21322 0 0 289817980
0 0 0 0 289832156
1 21322 0 0 289845632
0 0 0 0 289859812
1 19681 0 0 289874476
1 21397 0 0 289888652
1 21285 0 0 289902832
1 21285 0 0 289917024
0 0 0 0 289932396
1 21285 0 0 289945876
1 21322 0 0 289960068
1 21247 0 0 289975432
1 21285 0 0 289989600
1 21322 0 0 290003776
1 21360 0 0 290017980
1 21285 0 0 290033352
1 21285 0 0 290047536
0 0 0 0 290061712
1 21172 0 0 290075200
1 21322 0 0 290089376
1 21266 0 0 290103564
1 21266 0 0 290117764
1 21379 0 0 290131932
1 21266 0 0 290147304
0 0 0 0 290161480
0 0 0 0 290176156
1 21341 0 0 290189640
1 21266 0 0 290203824
1 21266 0 0 290219192
1 21266 0 0 290233396
1 21266 0 0 290247568
1 21341 0 0 290261752
1 21228 0 0 290277132
1 21304 0 0 290291324
1 21266 0 0 290305512
1 21266 0 0 290319708
1 21266 0 0 290335080
1 21266 0 0 290349264
1 21341 0 0 290363440
1 21266 0 0 290377608
0 0 0 0 290391788
1 21228 0 0 290405272
1 21341 0 0 290419460
1 21304 0 0 290433636
1 21228 0 0 290449020
0 0 0 0 290463212
0 0 0 0 290477860
1 21716 0 0 290491336
1 21266 0 0 290505516
1 21191 0 0 290519712
1 21379 0 0 290535088
1 21304 0 0 290549276
1 21228 0 0 290563452
1 19700 0 0 290577620
1 19663 1 19695 290592988
1 21304 0 0 290607872
1 21266 0 0 290622056
1 21341 0 0 290636236
1 21266 0 0 290650408
0 0 0 0 290664588
1 21266 0 0 290678052
1 21716 0 0 290692236
1 21228 0 0 290706404
1 21228 0 0 290721796
1 21341 0 0 290735976
1 21228 0 0 290750164
1 21304 0 0 290764340
1 21266 0 0 290778516
1 21341 0 0 290793900
1 21266 0 0 290808076
1 21304 0 0 290822272
1 21228 0 0 290836444
1 21266 0 0 290851820
0 0 0 0 290866008
0 0 0 0 290880700
1 21266 0 0 290894172
1 21266 0 0 290908364
1 21228 0 0 290923732
1 21191 0 0 290937904
1 21228 0 0 290952084
1 21304 0 0 290966272
1 21304 0 0 290981652
1 21304 0 0 290995828
1 21266 0 0 291010012
1 21341 0 0 291024184
1 21341 0 0 291039552
1 21266 0 0 291053720
1 21754 0 0 291067880
1 19700 0 0 291082060
1 21341 0 0 291096244
1 21247 0 0 291111620
1 21322 0 0 291125804
1 21322 0 0 291139988
1 21247 0 0 291154148
1 21322 0 0 291169528
1 21322 0 0 291183720
1 21360 0 0 291197896
1 21360 0 0 291212072
1 21285 0 0 291227456
1 21810 0 0 291241656
1 21322 0 0 291255832
1 19784 0 0 291270012
1 21322 0 0 291285384
1 21247 0 0 291299560
1 21360 0 0 291313728
1 21322 0 0 291327916
1 21285 0 0 291342096
0 0 0 0 291357464
1 21285 0 0 291372148
1 21322 0 0 291387524
1 21322 0 0 291401704
1 21247 0 0 291415884
1 21285 0 0 291431272
1 21285 0 0 291445452
1 21285 0 0 291459632
1 21322 0 0 291473800
