0 0 0 0 348312000
0 0 0 0 348326684
0 0 0 0 348340160
0 0 0 0 348353652
0 0 0 0 348367128
0 0 0 0 348381804
0 0 0 0 348395272
0 0 0 0 348409948
0 0 0 0 348424624
0 0 0 0 348438104
0 0 0 0 348452764
0 0 0 0 348466244
0 0 0 0 348479736
0 0 0 0 348493216
0 0 0 0 348506684
0 0 0 0 348520164
0 0 0 0 348533652
0 0 0 0 348547140
0 0 0 0 348560632
0 0 0 0 348576484
0 0 0 0 348589968
0 0 0 0 348603464
0 0 0 0 348616944
0 0 0 0 348631624
0 0 0 0 348647496
0 0 0 0 348663364
0 0 0 0 348678040
0 0 0 0 348691532
0 0 0 0 348705000
0 0 0 0 348718492
0 0 0 0 348731976
0 0 0 0 348745456
0 0 0 0 348758928
0 0 0 0 348772404
0 0 0 0 348785876
0 0 0 0 348799372
0 0 0 0 348812856
0 0 0 0 348826336
0 0 0 0 348839828
0 0 0 0 348853304
0 0 0 0 348866788
0 0 0 0 348880252
0 0 0 0 348893736
0 0 0 0 348908408
0 0 0 0 348921912
0 0 0 0 348935392
0 0 0 0 348948864
0 0 0 0 348962344
0 0 0 0 348975836
0 0 0 0 348989320
0 0 0 0 349002804
0 0 0 0 349016284
0 0 0 0 349029764
0 0 0 0 349043256
0 0 0 0 349056740
0 0 0 0 349070236
0 0 0 0 349083732
0 0 0 0 349097212
0 0 0 0 349110688
0 0 0 0 349124184
0 0 0 0 349140056
0 0 0 0 349153528
0 0 0 0 349168208
0 0 0 0 349184096
0 0 0 0 349199960
0 0 0 0 349214636
0 0 0 0 349228132
0 0 0 0 349241608
0 0 0 0 349255092
0 0 0 0 349268576
0 0 0 0 349282056
0 0 0 0 349295520
0 0 0 0 349309004
0 0 0 0 349322500
0 0 0 0 349335976
0 0 0 0 349349464
0 0 0 0 349362948
0 0 0 0 349376416
0 0 0 0 349389912
0 0 0 0 349403392
0 0 0 0 349416880
0 0 0 0 349430368
0 0 0 0 349445060
0 0 0 0 349458552
0 0 0 0 349472032
0 0 0 0 349485496
0 0 0 0 349498992
0 0 0 0 349512472
0 0 0 0 349525956
0 0 0 0 349539448
0 0 0 0 349552916
0 0 0 0 349566404
0 0 0 0 349579896
0 0 0 0 349593372
0 0 0 0 349606856
0 0 0 0 349620340
0 0 0 0 349633816
0 0 0 0 349647288
0 0 0 0 349660792
0 0 0 0 349676656
0 0 0 0 349690140
0 0 0 0 349703628
0 0 0 0 349717104
0 0 0 0 349731764
0 0 0 0 349747640
0 0 0 0 349762304
0 0 0 0 349775784
0 0 0 0 349789272
0 0 0 0 349802760
0 0 0 0 349816240
0 0 0 0 349829728
0 0 0 0 349843212
0 0 0 0 349856688
0 0 0 0 349870184
0 0 0 0 349883668
0 0 0 0 349897160
0 0 0 0 349911832
0 0 0 0 349926520
0 0 0 0 349939992
0 0 0 0 349953484
0 0 0 0 349966968
0 0 0 0 349980424
0 0 0 0 349993900
0 0 0 0 350008576
0 0 0 0 350022060
0 0 0 0 350035544
0 0 0 0 350049028
0 0 0 0 350062516
0 0 0 0 350076016
0 0 0 0 350089492
0 0 0 0 350102968
0 0 0 0 350116456
0 0 0 0 350129928
0 0 0 0 350143404
0 0 0 0 350156892
0 0 0 0 350170380
0 0 0 0 350183860
0 0 0 0 350197356
0 0 0 0 350210840
0 0 0 0 350224332
0 0 0 0 350240192
0 0 0 0 350253676
0 0 0 0 350268336
0 0 0 0 350284192
0 0 0 0 350298864
0 0 0 0 350312328
0 0 0 0 350325816
0 0 0 0 350339300
0 0 0 0 350352776
0 0 0 0 350366264
0 0 0 0 350379732
0 0 0 0 350393232
0 0 0 0 350406708
0 0 0 0 350420200
0 0 0 0 350433672
0 0 0 0 350447144
0 0 0 0 350460620
0 0 0 0 350474124
0 0 0 0 350487604
0 0 0 0 350501092
0 0 0 0 350514568
0 0 0 0 350529228
0 0 0 0 350542696
0 0 0 0 350557376
0 0 0 0 350572052
0 0 0 0 350585528
0 0 0 0 350600200
0 0 0 0 350613676
0 0 0 0 350627156
0 0 0 0 350640632
0 0 0 0 350654112
0 0 0 0 350667588
0 0 0 0 350681072
0 0 0 0 350694544
0 0 0 0 350708020
0 0 0 0 350721480
0 0 0 0 350734956
0 0 0 0 350748428
0 0 0 0 350761892
0 0 0 0 350775372
0 0 0 0 350788852
0 0 0 0 350803516
0 0 0 0 350816996
0 0 0 0 350830472
0 0 0 0 350843964
0 0 0 0 350857436
0 0 0 0 350870920
0 0 0 0 350884396
0 0 0 0 350897872
0 0 0 0 350911356
0 0 0 0 350924852
0 0 0 0 350938340
0 0 0 0 350951808
0 0 0 0 350965296
0 0 0 0 350978780
0 0 0 0 350992256
0 0 0 0 351005748
0 0 0 0 351019216
0 0 0 0 351032696
0 0 0 0 351046168
0 0 0 0 351060836
0 0 0 0 351074320
0 0 0 0 351088984
0 0 0 0 351103664
0 0 0 0 351117152
0 0 0 0 351131824
0 0 0 0 351145304
0 0 0 0 351158784
0 0 0 0 351172252
0 0 0 0 351185728
0 0 0 0 351199204
0 0 0 0 351212696
0 0 0 0 351226164
0 0 0 0 351239644
0 0 0 0 351253108
0 0 0 0 351266584
0 0 0 0 351282464
0 0 0 0 351295936
0 0 0 0 351310592
0 0 0 0 351326464
0 0 0 0 351341132
0 0 0 0 351354620
0 0 0 0 351368096
0 0 0 0 351381568
0 0 0 0 351395044
0 0 0 0 351408528
0 0 0 0 351422000
0 0 0 0 351435480
0 0 0 0 351448976
0 0 0 0 351462452
0 0 0 0 351475940
0 0 0 0 351489416
0 0 0 0 351502892
0 0 0 0 351516376
0 0 0 0 351529864
0 0 0 0 351543356
0 0 0 0 351556840
0 0 0 0 351571504
0 0 0 0 351584964
0 0 0 0 351599644
0 0 0 0 351614324
0 0 0 0 351627812
0 0 0 0 351642464
0 0 0 0 351657136
0 0 0 0 351670624
0 0 0 0 351685292
0 0 0 0 351698780
0 0 0 0 351712252
0 0 0 0 351725736
0 0 0 0 351739208
0 0 0 0 351752688
0 0 0 0 351766184
0 0 0 0 351779676
0 0 0 0 351793184
0 0 0 0 351806648
0 0 0 0 351820128
0 0 0 0 351833604
0 0 0 0 351847072
0 0 0 0 351860556
0 0 0 0 351874024
0 0 0 0 351888696
0 0 0 0 351902168
0 0 0 0 351918024
0 0 0 0 351932704
0 0 0 0 351946188
0 0 0 0 351959672
0 0 0 0 351973160
0 0 0 0 351986636
0 0 0 0 352000124
0 0 0 0 352013596
0 0 0 0 352027072
0 0 0 0 352040564
0 0 0 0 352054016
0 0 0 0 352067492
0 0 0 0 352080976
0 0 0 0 352094460
0 0 0 0 352109128
0 0 0 0 352123804
0 0 0 0 352137288
0 0 0 0 352151972
0 0 0 0 352165464
0 0 0 0 352180144
0 0 0 0 352194828
0 0 0 0 352208316
0 0 0 0 352222988
0 0 0 0 352236484
0 0 0 0 352249972
0 0 0 0 352263444
0 0 0 0 352276924
0 0 0 0 352290412
0 0 0 0 352303880
0 0 0 0 352317364
0 0 0 0 352330860
0 0 0 0 352346728
0 0 0 0 352360200
0 0 0 0 352373684
0 0 0 0 352387180
0 0 0 0 352400660
0 0 0 0 352415332
0 0 0 0 352428800
0 0 0 0 352442280
0 0 0 0 352455776
0 0 0 0 352469268
0 0 0 0 352482748
0 0 0 0 352496252
0 0 0 0 352509720
0 0 0 0 352523204
0 0 0 0 352536692
0 0 0 0 352550176
0 0 0 0 352563664
0 0 0 0 352577140
0 0 0 0 352590604
0 0 0 0 352604084
0 0 0 0 352617584
0 0 0 0 352631060
0 0 0 0 352645748
0 0 0 0 352660412
0 0 0 0 352673904
0 0 0 0 352687392
0 0 0 0 352700880
0 0 0 0 352715544
0 0 0 0 352729028
0 0 0 0 352742520
0 0 0 0 352755992
0 0 0 0 352769464
0 0 0 0 352782956
0 0 0 0 352796444
0 0 0 0 352809924
0 0 0 0 352823412
0 0 0 0 352836896
0 0 0 0 352850388
0 0 0 0 352863856
0 0 0 0 352877344
0 0 0 0 352890820
0 0 0 0 352904316
0 0 0 0 352917780
0 0 0 0 352931264
0 0 0 0 352944748
0 0 0 0 352958216
0 0 0 0 352972912
0 0 0 0 352986388
0 0 0 0 352999872
0 0 0 0 353013356
0 0 0 0 353026828
0 0 0 0 353040320
0 0 0 0 353053808
0 0 0 0 353067284
0 0 0 0 353080768
0 0 0 0 353094248
0 0 0 0 353107728
0 0 0 0 353121200
0 0 0 0 353134680
0 0 0 0 353148168
0 0 0 0 353161660
0 0 0 0 353175144
0 0 0 0 353188612
0 0 0 0 353203288
0 0 0 0 353217960
0 0 0 0 353231448
0 0 0 0 353246136
0 0 0 0 353259636
0 0 0 0 353274308
0 0 0 0 353288988
0 0 0 0 353302468
0 0 0 0 353317152
0 0 0 0 353330624
0 0 0 0 353344116
0 0 0 0 353357580
0 0 0 0 353371060
0 0 0 0 353384556
0 0 0 0 353398036
0 0 0 0 353411520
0 0 0 0 353425004
0 0 0 0 353440868
0 0 0 0 353454356
0 0 0 0 353467840
0 0 0 0 353481340
0 0 0 0 353494816
0 0 0 0 353509492
0 0 0 0 353522964
0 0 0 0 353536448
0 0 0 0 353549920
0 0 0 0 353563404
0 0 0 0 353576896
0 0 0 0 353590388
0 0 0 0 353603868
0 0 0 0 353617340
0 0 0 0 353630816
0 0 0 0 353644284
0 0 0 0 353657768
0 0 0 0 353671252
0 0 0 0 353684748
0 0 0 0 353698236
0 0 0 0 353711720
0 0 0 0 353725208
0 0 0 0 353739892
0 0 0 0 353754560
0 0 0 0 353768052
0 0 0 0 353782728
0 0 0 0 353796208
0 0 0 0 353810884
0 0 0 0 353825556
0 0 0 0 353839044
0 0 0 0 353853724
0 0 0 0 353867204
0 0 0 0 353880692
0 0 0 0 353894168
0 0 0 0 353907660
0 0 0 0 353921136
0 0 0 0 353934616
0 0 0 0 353948096
0 0 0 0 353961584
0 0 0 0 353975048
0 0 0 0 353988544
0 0 0 0 354004392
0 0 0 0 354017864
0 0 0 0 354032544
0 0 0 0 354048416
0 0 0 0 354063072
0 0 0 0 354076552
0 0 0 0 354090044
0 0 0 0 354103512
0 0 0 0 354117004
0 0 0 0 354130480
0 0 0 0 354143936
0 0 0 0 354157448
0 0 0 0 354170948
0 0 0 0 354184412
0 0 0 0 354197896
0 0 0 0 354211368
0 0 0 0 354224852
0 0 0 0 354238340
0 0 0 0 354251824
0 0 0 0 354265312
0 0 0 0 354278792
0 0 0 0 354293452
0 0 0 0 354308132
0 0 0 0 354321620
0 0 0 0 354336312
0 0 0 0 354349800
0 0 0 0 354364476
0 0 0 0 354379144
0 0 0 0 354392616
0 0 0 0 354407276
0 0 0 0 354420760
0 0 0 0 354434240
0 0 0 0 354447720
0 0 0 0 354461200
0 0 0 0 354474664
0 0 0 0 354488140
0 0 0 0 354501608
0 0 0 0 354515080
0 0 0 0 354528560
0 0 0 0 354542036
0 0 0 0 354555512
0 0 0 0 354568984
0 0 0 0 354582468
0 0 0 0 354595960
0 0 0 0 354610624
0 0 0 0 354624112
0 0 0 0 354637596
0 0 0 0 354651080
0 0 0 0 354664564
0 0 0 0 354678036
0 0 0 0 354691520
0 0 0 0 354705008
0 0 0 0 354718476
0 0 0 0 354731960
0 0 0 0 354745452
0 0 0 0 354758944
0 0 0 0 354772412
0 0 0 0 354785900
0 0 0 0 354799372
0 0 0 0 354812844
0 0 0 0 354826332
0 0 0 0 354839816
0 0 0 0 354853308
0 0 0 0 354867984
0 0 0 0 354881472
0 0 0 0 354894968
0 0 0 0 354908444
0 0 0 0 354921916
0 0 0 0 354935408
0 0 0 0 354948884
0 0 0 0 354962376
0 0 0 0 354975864
0 0 0 0 354989344
0 0 0 0 355002820
0 0 0 0 355016284
0 0 0 0 355029772
0 0 0 0 355043264
0 0 0 0 355056752
0 0 0 0 355072604
0 0 0 0 355086100
0 0 0 0 355099600
0 0 0 0 355113076
0 0 0 0 355126556
0 0 0 0 355140032
0 0 0 0 355154720
0 0 0 0 355170588
0 0 0 0 355185252
0 0 0 0 355198720
0 0 0 0 355212192
0 0 0 0 355225688
0 0 0 0 355239176
0 0 0 0 355252656
0 0 0 0 355266128
0 0 0 0 355279608
0 0 0 0 355293084
0 0 0 0 355306576
0 0 0 0 355320044
0 0 0 0 355333536
0 0 0 0 355347012
0 0 0 0 355361684
0 0 0 0 355376372
0 0 0 0 355389848
0 0 0 0 355404516
0 0 0 0 355418000
0 0 0 0 355432680
0 0 0 0 355447348
0 0 0 0 355460820
0 0 0 0 355475512
0 0 0 0 355488992
0 0 0 0 355502472
0 0 0 0 355515952
0 0 0 0 355529420
0 0 0 0 355542896
0 0 0 0 355556392
0 0 0 0 355569876
0 0 0 0 355583360
0 0 0 0 355596844
0 0 0 0 355610328
0 0 0 0 355626204
0 0 0 0 355639688
0 0 0 0 355653160
0 0 0 0 355666624
0 0 0 0 355681300
0 0 0 0 355697164
0 0 0 0 355711820
0 0 0 0 355725288
0 0 0 0 355738768
0 0 0 0 355752252
0 0 0 0 355765732
0 0 0 0 355779216
0 0 0 0 355792688
0 0 0 0 355806172
0 0 0 0 355819656
0 0 0 0 355833112
0 0 0 0 355846600
0 0 0 0 355860076
0 0 0 0 355873548
0 0 0 0 355887024
0 0 0 0 355900512
0 0 0 0 355913992
0 0 0 0 355927488
0 0 0 0 355942148
0 0 0 0 355955624
0 0 0 0 355969120
0 0 0 0 355982600
0 0 0 0 355996092
0 0 0 0 356009580
0 0 0 0 356023052
0 0 0 0 356036528
0 0 0 0 356050028
0 0 0 0 356063504
0 0 0 0 356076988
0 0 0 0 356090480
0 0 0 0 356103964
0 0 0 0 356117452
0 0 0 0 356130936
0 0 0 0 356144416
0 0 0 0 356157892
0 0 0 0 356173736
0 0 0 0 356187224
0 0 0 0 356201916
0 0 0 0 356217784
0 0 0 0 356232456
0 0 0 0 356245952
