0 0 0 0 370859396
0 0 0 0 370872880
0 0 0 0 370886348
0 0 0 0 370899836
0 0 0 0 370913336
0 0 0 0 370926820
0 0 0 0 370940284
0 0 0 0 370953764
0 0 0 0 370967228
0 0 0 0 370980708
0 0 0 0 370994192
0 0 0 0 371007672
0 0 0 0 371021152
0 0 0 0 371034624
0 0 0 0 371048088
0 0 0 0 371061564
0 0 0 0 371075036
0 0 0 0 371088512
0 0 0 0 371101980
0 0 0 0 371116660
0 0 0 0 371130140
0 0 0 0 371144820
0 0 0 0 371159488
0 0 0 0 371172980
0 0 0 0 371187648
0 0 0 0 371201144
0 0 0 0 371214612
0 0 0 0 371228100
0 0 0 0 371241572
0 0 0 0 371255048
0 0 0 0 371268524
1 34979 0 0 371282024
0 0 0 0 371296220
1 34942 0 0 371309696
0 0 0 0 371323876
1 35054 0 0 371337360
0 0 0 0 371351520
0 0 0 0 371367380
1 35017 0 0 371382028
0 0 0 0 371397404
0 0 0 0 371413272
0 0 0 0 371427944
0 0 0 0 371441412
1 35129 0 0 371454896
1 35054 0 0 371469084
1 35092 0 0 371484464
1 34942 0 0 371498628
1 34942 0 0 371512804
1 35017 0 0 371526992
1 34979 0 0 371542344
0 0 0 0 371556536
1 35017 0 0 371571204
0 0 0 0 371585400
1 35054 0 0 371598892
0 0 0 0 371614236
1 35017 0 0 371627704
0 0 0 0 371641896
1 35054 0 0 371655368
1 34979 0 0 371669556
0 0 1 34993 371683740
0 0 0 0 371699112
0 0 0 0 371712608
0 0 0 0 371727292
0 0 0 0 371741972
0 0 0 0 371755452
0 0 0 0 371770136
0 0 0 0 371783624
0 0 0 0 371797112
0 0 0 0 371810600
0 0 0 0 371824080
0 0 0 0 371837556
0 0 0 0 371851032
0 0 0 0 371864524
1 34979 0 0 371878008
0 0 0 0 371892188
0 0 0 0 371908064
0 0 0 0 371923916
0 0 0 0 371938592
0 0 0 0 371952064
0 0 0 0 371965548
0 0 0 0 371979012
0 0 0 0 371992492
0 0 0 0 372005996
0 0 0 0 372019480
0 0 0 0 372032960
0 0 0 0 372046448
0 0 0 0 372059928
0 0 0 0 372073416
0 0 0 0 372086900
0 0 0 0 372100388
0 0 0 0 372113852
1 34867 0 0 372127340
1 35017 0 0 372141516
0 0 0 0 372156880
0 0 0 0 372170356
1 43412 0 0 372185028
1 35054 0 0 372199208
0 0 0 0 372213392
0 0 0 0 372226856
0 0 0 0 372240344
0 0 0 0 372253816
0 0 0 0 372267300
0 0 0 0 372280776
0 0 0 0 372294256
0 0 0 0 372307724
0 0 0 0 372321208
0 0 0 0 372334704
0 0 0 0 372348176
0 0 0 0 372361660
1 35092 0 0 372375152
0 0 0 0 372389332
0 0 0 0 372402804
0 0 0 0 372418688
0 0 0 0 372434548
0 0 0 0 372448028
0 0 1 35087 372461516
0 0 0 0 372476896
1 35036 0 0 372491568
0 0 1 35012 372505748
1 34998 0 0 372519932
0 0 0 0 372534120
0 0 0 0 372547600
0 0 0 0 372561076
0 0 0 0 372574544
0 0 0 0 372588020
0 0 0 0 372601496
0 0 0 0 372614984
0 0 0 0 372628456
0 0 0 0 372641940
0 0 0 0 372655416
0 0 0 0 372668896
0 0 0 0 372682376
0 0 0 0 372695840
1 35036 0 0 372709320
0 0 0 0 372723508
0 0 0 0 372736980
0 0 0 0 372751648
1 35073 0 0 372766312
0 0 0 0 372780484
0 0 0 0 372793948
0 0 0 0 372807420
0 0 0 0 372820896
0 0 0 0 372834380
0 0 0 0 372847852
1 35036 0 0 372861340
0 0 0 0 372875520
0 0 0 0 372890168
0 0 0 0 372903656
1 35036 0 0 372917140
1 34998 0 0 372931344
1 35073 0 0 372945532
1 34998 0 0 372959704
0 0 0 0 372973884
0 0 0 0 372987356
0 0 0 0 373003224
0 0 0 0 373019092
0 0 0 0 373033760
0 0 0 0 373047236
0 0 0 0 373060724
0 0 0 0 373074204
0 0 0 0 373087680
0 0 0 0 373101168
1 34961 0 0 373114628
1 35073 0 0 373128824
0 0 0 0 373144196
1 43506 0 0 373157668
0 0 0 0 373173060
0 0 0 0 373186532
0 0 0 0 373200016
0 0 0 0 373213500
0 0 0 0 373226972
0 0 0 0 373240436
0 0 0 0 373253916
0 0 0 0 373267400
0 0 0 0 373280884
0 0 0 0 373294356
0 0 0 0 373309040
0 0 0 0 373322504
0 0 0 0 373335972
0 0 0 0 373349460
0 0 0 0 373362940
0 0 0 0 373376412
0 0 0 0 373389900
0 0 0 0 373403380
0 0 0 0 373416864
0 0 0 0 373430352
0 0 0 0 373443836
0 0 0 0 373457300
0 0 0 0 373470780
0 0 0 0 373484264
0 0 0 0 373497744
0 0 0 0 373511232
1 34923 0 0 373524700
0 0 0 0 373538876
0 0 0 0 373554744
0 0 0 0 373570600
0 0 0 0 373584092
0 0 0 0 373598764
0 0 0 0 373614656
0 0 0 0 373629308
0 0 0 0 373642780
0 0 0 0 373656252
0 0 0 0 373669728
0 0 0 0 373683212
0 0 0 0 373696688
0 0 0 0 373710168
1 34998 0 0 373723676
0 0 0 0 373737852
0 0 0 0 373752532
0 0 0 0 373766000
0 0 0 0 373780672
0 0 0 0 373794156
0 0 0 0 373808836
0 0 0 0 373823528
0 0 0 0 373837024
0 0 0 0 373851692
0 0 0 0 373865176
0 0 0 0 373878648
0 0 0 0 373892136
0 0 0 0 373905636
0 0 0 0 373919100
0 0 0 0 373932584
0 0 0 0 373946060
0 0 0 0 373959544
0 0 0 0 373973024
0 0 0 0 373986508
0 0 0 0 374000004
0 0 0 0 374013468
0 0 0 0 374029328
0 0 0 0 374042800
0 0 0 0 374056288
0 0 0 0 374069772
0 0 0 0 374084444
0 0 0 0 374100320
0 0 0 0 374114984
0 0 0 0 374128472
0 0 0 0 374141968
0 0 0 0 374155460
0 0 0 0 374168952
0 0 0 0 374182432
0 0 0 0 374195916
0 0 0 0 374209408
0 0 0 0 374222904
0 0 0 0 374236388
0 0 0 0 374249852
0 0 0 0 374263332
0 0 0 0 374276812
0 0 0 0 374291492
0 0 0 0 374306192
0 0 0 0 374319668
0 0 0 0 374333152
0 0 0 0 374346636
0 0 0 0 374361312
0 0 0 0 374374800
0 0 0 0 374388272
0 0 0 0 374401740
0 0 0 0 374415216
0 0 0 0 374428692
0 0 0 0 374442168
0 0 0 0 374455656
0 0 0 0 374469144
0 0 0 0 374482624
0 0 0 0 374496112
0 0 0 0 374509588
0 0 0 0 374523068
0 0 0 0 374536536
0 0 0 0 374550012
0 0 0 0 374563492
0 0 0 0 374576968
0 0 0 0 374590448
0 0 0 0 374603932
0 0 0 0 374617400
0 0 0 0 374630884
0 0 0 0 374645548
0 0 0 0 374659028
0 0 0 0 374672524
0 0 0 0 374685996
0 0 0 0 374699460
0 0 0 0 374712952
0 0 0 0 374726408
0 0 0 0 374739896
0 0 0 0 374753396
0 0 0 0 374766872
0 0 0 0 374780356
0 0 0 0 374793852
0 0 0 0 374807328
0 0 0 0 374820816
0 0 0 0 374834288
0 0 0 0 374847784
0 0 0 0 374861256
0 0 0 0 374874736
0 0 0 0 374888196
0 0 0 0 374901676
0 0 0 0 374915180
0 0 0 0 374929852
0 0 0 0 374943332
0 0 0 0 374956812
0 0 0 0 374970292
1 43618 0 0 374983768
0 0 0 0 374997952
0 0 0 0 375012640
0 0 0 0 375026112
0 0 0 0 375039600
0 0 0 0 375053064
0 0 0 0 375066548
0 0 0 0 375080048
1 35036 0 0 375093524
0 0 0 0 375107728
0 0 0 0 375123576
0 0 0 0 375137048
0 0 0 0 375150520
1 34998 0 0 375165200
0 0 0 0 375180572
0 0 0 0 375196444
0 0 0 0 375211120
0 0 0 0 375224596
0 0 0 0 375238080
0 0 0 0 375251572
0 0 0 0 375265032
0 0 0 0 375278512
0 0 0 0 375292012
0 0 0 0 375305492
0 0 0 0 375318984
0 0 0 0 375332472
0 0 0 0 375345952
0 0 0 0 375359444
0 0 0 0 375372916
0 0 0 0 375386392
1 35036 0 0 375399884
0 0 0 0 375414056
1 34998 0 0 375428724
0 0 0 0 375442896
0 0 0 0 375457544
1 35073 0 0 375472224
0 0 0 0 375486404
1 35003 0 0 375499892
0 0 0 0 375514068
0 0 0 0 375527540
0 0 0 0 375542204
0 0 0 0 375555696
0 0 0 0 375570368
0 0 0 0 375583856
0 0 0 0 375597332
1 43435 0 0 375610812
1 35040 1 35031 375624988
1 35115 0 0 375639888
1 35078 0 0 375655272
1 43586 1 35068 375669452
1 35115 0 0 375684344
1 35078 1 35106 375698516
1 35003 0 0 375713408
1 35040 1 35068 375727584
1 35078 0 0 375742476
1 35115 0 0 375756656
1 35078 1 34993 375770836
1 35153 1 35031 375785708
1 35190 0 0 375800608
1 35078 0 0 375814788
1 43511 1 34993 375830164
1 35078 0 0 375845036
0 0 1 34993 375859236
1 35115 0 0 375873416
1 35228 1 35031 375887600
0 0 0 0 375902496
0 0 0 0 375915984
1 35641 0 0 375929464
0 0 0 0 375943632
0 0 0 0 375958288
0 0 0 0 375972952
0 0 0 0 375986440
0 0 0 0 376001124
0 0 0 0 376015796
0 0 0 0 376029292
0 0 0 0 376043968
0 0 0 0 376057452
0 0 0 0 376070924
1 35054 0 0 376084400
0 0 0 0 376098604
1 35017 0 0 376112072
1 43450 0 0 376126260
0 0 0 0 376140456
1 35054 0 0 376153944
1 34942 1 34970 376168144
1 34979 0 0 376183036
1 35129 1 34857 376197224
1 35092 0 0 376212120
0 0 1 34895 376226304
1 35017 0 0 376240484
0 0 1 35008 376255860
0 0 1 35008 376271240
0 0 0 0 376285440
0 0 0 0 376298928
1 35092 0 0 376313608
1 34942 1 35008 376327780
1 35092 0 0 376342672
0 0 0 0 376356860
1 35054 0 0 376371536
1 34979 0 0 376385740
0 0 0 0 376399916
1 35054 0 0 376414600
0 0 0 0 376428780
0 0 0 0 376442248
0 0 0 0 376456916
0 0 0 0 376471608
0 0 0 0 376485084
0 0 0 0 376499748
0 0 0 0 376514428
1 34979 0 0 376527924
1 43412 0 0 376542100
0 0 1 34932 376556272
0 0 1 34932 376570452
1 34961 0 0 376584652
0 0 1 34895 376598832
1 34998 1 34932 376614192
1 34998 0 0 376629084
1 43543 1 34932 376644472
0 0 1 34932 376659368
1 34961 0 0 376673572
0 0 0 0 376687764
1 35036 1 35031 376702424
0 0 0 0 376717324
1 34961 0 0 376730808
1 34998 0 0 376744992
1 35111 1 34918 376760368
1 35111 0 0 376775264
1 35036 0 0 376789436
0 0 0 0 376803616
1 34998 0 0 376818280
1 34886 0 0 376832476
1 35036 0 0 376846644
1 34961 0 0 376860820
1 43506 1 34956 376875000
1 35073 0 0 376889904
1 34961 0 0 376905292
0 0 1 34993 376919476
1 43506 0 0 376933672
1 35036 0 0 376947860
1 35036 0 0 376963244
1 35036 0 0 376977436
1 34961 0 0 376991616
1 43618 0 0 377005804
1 35036 0 0 377021188
1 34923 0 0 377035376
1 34961 0 0 377049552
0 0 1 35031 377063720
1 35073 0 0 377079088
1 34979 0 0 377093280
1 35092 0 0 377107452
0 0 0 0 377121640
1 35054 1 35068 377135120
1 35054 0 0 377150012
1 43450 1 35068 377164192
1 43487 1 34956 377179088
1 35017 1 35031 377193972
0 0 0 0 377208872
1 35054 1 35106 377222352
0 0 0 0 377237240
1 34904 0 0 377251912
1 43450 0 0 377266084
1 35092 0 0 377280268
1 43450 1 34918 377294460
0 0 0 0 377309352
1 34979 0 0 377324024
1 35017 1 34918 377338220
0 0 0 0 377353120
0 0 0 0 377367792
1 43412 0 0 377382460
1 35092 0 0 377396640
1 34829 0 0 377412020
1 43374 1 34881 377426212
1 35017 0 0 377441100
1 34904 0 0 377455312
0 0 1 34956 377469492
0 0 0 0 377483672
1 35017 0 0 377498340
1 34979 0 0 377512544
1 34979 1 34956 377527912
1 34979 0 0 377542808
1 35054 0 0 377556988
0 0 0 0 377571180
1 35017 1 34993 377584680
0 0 0 0 377599580
1 35036 0 0 377613056
0 0 0 0 377627244
1 34998 0 0 377641908
1 35036 0 0 377656112
1 35036 0 0 377670300
1 34998 0 0 377685680
1 35036 0 0 377699864
1 34998 0 0 377714044
1 34998 0 0 377728216
0 0 0 0 377742388
1 35111 0 0 377755884
1 35036 0 0 377770060
1 34998 0 0 377784232
1 34998 1 35008 377799596
1 35036 0 0 377814500
1 35073 1 35008 377828668
1 35036 0 0 377843548
1 34961 0 0 377857740
1 34998 0 0 377871908
1 35036 0 0 377886076
1 35036 0 0 377900244
1 34961 0 0 377915628
1 34998 1 35008 377929788
1 34961 0 0 377944684
1 35036 0 0 377958872
1 34998 0 0 377973056
1 34998 0 0 377987232
1 35036 0 0 378002620
1 34961 0 0 378016812
1 34923 0 0 378030984
1 43506 0 0 378045156
1 34998 1 34970 378060552
1 34923 0 0 378075448
1 35036 1 35008 378089616
1 35111 1 35008 378104504
1 34993 0 0 378119408
1 34918 0 0 378133608
1 34881 0 0 378147780
1 34993 0 0 378161960
1 34918 0 0 378177336
1 34881 0 0 378191520
1 34956 0 0 378205720
1 35031 1 35045 378219900
0 0 0 0 378234780
1 34993 0 0 378248280
1 34993 1 34895 378262444
1 34918 0 0 378277348
0 0 0 0 378291536
1 34956 0 0 378306204
1 35106 0 0 378320392
1 34993 0 0 378334560
0 0 0 0 378348744
1 34918 0 0 378362224
0 0 0 0 378376404
1 34956 0 0 378391088
1 34993 0 0 378405256
0 0 0 0 378419428
1 34956 0 0 378434092
1 35068 0 0 378448268
1 34993 1 34895 378462436
1 34918 0 0 378477336
1 34956 0 0 378491528
0 0 0 0 378505732
0 0 0 0 378519208
0 0 0 0 378533896
1 34956 0 0 378548568
0 0 0 0 378562748
1 43464 0 0 378577416
1 34918 0 0 378591612
1 35031 0 0 378605780
0 0 0 0 378621148
0 0 0 0 378634616
0 0 0 0 378649280
0 0 0 0 378663952
1 34881 0 0 378677444
1 34956 0 0 378691640
0 0 0 0 378707004
1 34993 0 0 378720484
1 34993 0 0 378734672
0 0 0 0 378750040
0 0 0 0 378763512
1 34881 0 0 378776980
1 34956 0 0 378791156
1 34843 0 0 378805332
1 34956 0 0 378819520
0 0 0 0 378834884
1 34993 0 0 378848376
1 34918 1 34970 378862556
1 34956 1 34970 378877444
1 34993 0 0 378892348
1 34956 0 0 378906524
1 34843 0 0 378921912
1 34993 0 0 378936104
0 0 0 0 378950288
1 34956 0 0 378963748
0 0 0 0 378977936
0 0 0 0 378992612
1 34918 0 0 379007280
1 34881 0 0 379021464
1 43426 0 0 379036824
1 34918 0 0 379051000
0 0 0 0 379065192
1 34918 0 0 379078676
1 34918 1 35050 379092864
0 0 0 0 379107760
1 34918 0 0 379121252
1 34881 0 0 379136624
1 34956 0 0 379150796
1 34956 0 0 379164960
1 34904 0 0 379179148
0 0 0 0 379193316
1 34867 0 0 379206788
1 35017 0 0 379220956
1 34942 0 0 379235144
0 0 0 0 379250528
1 43487 0 0 379264012
0 0 0 0 379278184
1 34942 1 34975 379291672
1 34942 0 0 379306568
1 34942 0 0 379320752
1 34904 0 0 379334928
0 0 0 0 379349116
1 34979 0 0 379362588
1 34979 0 0 379376768
1 43374 0 0 379390936
1 35017 0 0 379405128
1 34979 0 0 379420512
1 34942 0 0 379434704
1 43374 0 0 379448888
0 0 0 0 379463064
1 34867 0 0 379476548
1 35017 0 0 379490736
1 43450 0 0 379504916
0 0 0 0 379519104
1 34979 0 0 379532584
1 34979 0 0 379546764
1 34904 0 0 379560932
1 34867 0 0 379576284
1 43374 0 0 379590468
1 35054 0 0 379604664
1 34942 0 0 379618848
1 35017 0 0 379633024
1 43487 0 0 379648384
1 35054 0 0 379662552
1 43337 0 0 379676728
1 34923 0 0 379690896
1 34998 1 35012 379706252
1 34998 0 0 379721172
1 35111 0 0 379735348
0 0 0 0 379749524
1 34998 0 0 379764188
1 34998 0 0 379778372
1 34961 0 0 379792556
1 35036 0 0 379806752
1 35036 0 0 379822128
0 0 0 0 379836292
0 0 0 0 379850976
1 35073 0 0 379864452
0 0 0 0 379878624
1 35036 0 0 379892104
0 0 0 0 379906280
0 0 0 0 379920944
0 0 0 0 379934424
0 0 0 0 379947916
1 34998 0 0 379961400
0 0 0 0 379975568
0 0 1 35050 379989056
0 0 1 34975 380004440
1 35073 0 0 380018636
0 0 1 35012 380034004
1 43506 0 0 380049380
1 34961 0 0 380063556
1 34811 0 0 380078932
1 34998 0 0 380093132
1 34998 0 0 380107312
1 34961 0 0 380121488
1 34998 0 0 380136848
0 0 0 0 380151020
1 34961 1 34862 380165676
0 0 0 0 380180560
1 34998 0 0 380195232
1 34923 0 0 380209412
1 34961 1 35387 380224784
1 43468 1 35087 380239684
1 35073 0 0 380254580
0 0 0 0 380269960
0 0 0 0 380284628
1 34998 0 0 380298116
0 0 0 0 380312328
1 34961 1 35050 380327020
1 34998 0 0 380341924
1 34998 0 0 380356100
1 34998 1 34975 380370284
0 0 0 0 380385164
0 0 1 35012 380399832
0 0 0 0 380414020
1 35036 0 0 380428704
1 34998 0 0 380442892
1 34998 0 0 380457084
1 34998 0 0 380471244
1 34961 1 35050 380486620
0 0 1 35050 380501512
1 34961 0 0 380515684
1 34998 0 0 380529868
1 34886 0 0 380544048
1 34961 0 0 380558220
1 34961 0 0 380573588
1 34998 0 0 380587780
0 0 0 0 380601964
1 43506 0 0 380615432
1 34961 0 0 380629636
1 34998 0 0 380643808
0 0 1 34900 380657984
1 35036 0 0 380672172
0 0 0 0 380687560
0 0 0 0 380701056
1 34979 0 0 380714548
1 43337 0 0 380728728
1 34904 0 0 380742928
1 43412 0 0 380757116
1 34942 0 0 380772500
1 35017 0 0 380786676
1 34942 1 35050 380800856
0 0 1 34975 380815760
1 34979 0 0 380829936
1 34942 0 0 380845312
1 35054 0 0 380859504
0 0 0 0 380873672
0 0 0 0 380888352
0 0 1 34975 380901820
1 34942 0 0 380917208
1 34904 0 0 380931404
1 34942 0 0 380945584
0 0 0 0 380959768
1 35017 0 0 380973244
1 34867 0 0 380987440
1 35017 0 0 381001616
1 34942 0 0 381015812
0 0 0 0 381031184
1 34979 0 0 381044652
1 34942 0 0 381058844
1 34904 0 0 381074220
0 0 0 0 381088396
0 0 1 34975 381103056
0 0 0 0 381117252
1 34979 0 0 381133132
0 0 0 0 381147312
0 0 0 0 381161992
1 34942 1 34975 381176652
1 35054 0 0 381191548
1 34942 0 0 381205736
0 0 1 35050 381221104
0 0 0 0 381235288
1 34979 1 34937 381249952
0 0 0 0 381264844
1 34942 0 0 381279520
1 34942 0 0 381293712
1 34942 0 0 381309072
0 0 0 0 381323244
1 34979 0 0 381337912
0 0 0 0 381352100
1 35092 1 35031 381365572
0 0 1 34993 381380460
1 34942 0 0 381395844
1 34904 0 0 381410036
0 0 0 0 381424224
1 34979 0 0 381438908
0 0 0 0 381453108
1 34829 0 0 381467780
0 0 0 0 381481932
1 35017 0 0 381495412
1 43412 0 0 381509596
0 0 0 0 381524968
0 0 0 0 381539636
1 34904 0 0 381553112
1 34942 0 0 381567280
1 34904 0 0 381581464
1 34942 0 0 381596824
1 35017 0 0 381610996
1 34867 0 0 381625176
1 35017 0 0 381639372
0 0 0 0 381654744
1 34979 0 0 381670616
1 34904 0 0 381684804
1 34979 0 0 381698964
0 0 0 0 381713128
0 0 0 0 381726612
0 0 0 0 381741280
0 0 0 0 381754760
0 0 0 0 381768228
0 0 0 0 381781712
0 0 0 0 381795180
0 0 0 0 381808668
0 0 0 0 381822164
0 0 0 0 381835652
0 0 0 0 381849136
0 0 0 0 381862612
1 34942 0 0 381876108
0 0 0 0 381890292
1 35092 0 0 381903768
0 0 1 34937 381917964
1 35017 0 0 381932156
1 34979 0 0 381947524
0 0 0 0 381961700
0 0 0 0 381976368
1 35054 0 0 381989848
0 0 0 0 382004036
0 0 0 0 382017504
1 35017 1 34975 382030988
0 0 0 0 382045860
1 34942 1 35087 382060536
1 34904 0 0 382075428
1 34979 0 0 382089604
1 35017 0 0 382103760
1 34979 0 0 382117940
0 0 0 0 382132128
0 0 0 0 382145612
0 0 0 0 382160288
1 34942 0 0 382173752
0 0 0 0 382187948
0 0 0 0 382201432
0 0 1 34975 382217340
0 0 0 0 382232720
1 35017 0 0 382246196
0 0 0 0 382260384
0 0 0 0 382273848
0 0 0 0 382287320
0 0 0 0 382300792
1 35017 0 0 382314260
1 34867 0 0 382328440
0 0 0 0 382342620
1 34979 0 0 382356080
1 35017 0 0 382370264
0 0 0 0 382384444
0 0 0 0 382399112
1 35073 0 0 382412576
0 0 0 0 382426772
1 35036 0 0 382441440
1 35036 0 0 382455624
0 0 0 0 382469828
1 34923 0 0 382483304
1 34886 0 0 382497476
0 0 0 0 382511656
1 34961 0 0 382526328
1 34886 0 0 382540508
1 43356 0 0 382554692
0 0 0 0 382570068
0 0 0 0 382583540
1 34923 0 0 382597016
1 34998 0 0 382611212
1 34961 0 0 382625372
1 34961 1 34895 382639572
0 0 1 34895 382654472
0 0 0 0 382668660
0 0 0 0 382682132
1 35073 0 0 382698008
0 0 0 0 382712188
0 0 0 0 382726868
0 0 0 0 382740344
0 0 0 0 382753844
1 34961 0 0 382768508
0 0 1 34895 382783876
0 0 0 0 382799264
0 0 0 0 382812748
0 0 1 34932 382827412
0 0 0 0 382841592
0 0 0 0 382856268
1 35036 0 0 382869764
0 0 0 0 382883948
1 43356 0 0 382898624
1 43426 0 0 382914000
0 0 0 0 382928176
0 0 0 0 382941648
0 0 0 0 382955120
0 0 0 0 382969788
1 34918 0 0 382983280
1 34881 0 0 382997464
0 0 1 34932 383012828
0 0 0 0 383027000
1 34918 0 0 383041664
0 0 0 0 383055840
0 0 0 0 383070508
0 0 0 0 383083976
0 0 0 0 383098656
1 34993 0 0 383112144
0 0 1 34857 383126324
1 34956 0 0 383140516
0 0 0 0 383154736
0 0 0 0 383168200
0 0 1 35087 383181688
0 0 0 0 383195892
1 43389 0 0 383210580
0 0 0 0 383224744
1 34881 0 0 383239412
0 0 0 0 383253592
1 34918 0 0 383269448
0 0 0 0 383283644
0 0 0 0 383299508
1 43464 0 0 383315404
1 34918 0 0 383329584
1 34956 1 34937 383343756
1 34956 0 0 383358644
0 0 0 0 383372828
0 0 0 0 383387496
0 0 0 0 383400972
1 34979 0 0 383414440
0 0 0 0 383428636
0 0 0 0 383443304
1 43450 1 34900 383456792
1 35017 0 0 383471700
1 43412 0 0 383485888
1 43450 0 0 383500072
1 35054 1 35087 383515444
0 0 0 0 383530348
0 0 0 0 383543840
0 0 1 35012 383558536
0 0 0 0 383572728
0 0 1 34937 383587404
0 0 1 35012 383601588
0 0 0 0 383615788
0 0 0 0 383630460
1 34942 0 0 383645116
1 35017 0 0 383659296
1 34942 0 0 383673480
0 0 0 0 383687652
0 0 0 0 383701132
0 0 0 0 383714600
0 0 0 0 383728076
0 0 0 0 383741548
0 0 0 0 383756212
1 35017 0 0 383772072
1 34979 0 0 383786268
0 0 0 0 383800448
0 0 0 0 383815096
0 0 1 35050 383830956
0 0 0 0 383845152
0 0 0 0 383861016
1 35017 0 0 383875704
1 35017 0 0 383891076
0 0 0 0 383905260
0 0 0 0 383919940
0 0 0 0 383934604
0 0 0 0 383948092
0 0 0 0 383961564
0 0 0 0 383975036
1 34956 0 0 383988508
1 43426 0 0 384002700
0 0 0 0 384018072
0 0 0 0 384031524
0 0 0 0 384046196
1 34843 0 0 384060856
0 0 0 0 384075052
0 0 0 0 384088508
0 0 0 0 384103180
0 0 0 0 384117844
1 43389 0 0 384131324
1 34956 0 0 384145528
0 0 0 0 384160900
0 0 0 0 384174364
0 0 0 0 384187848
1 34918 0 0 384201324
0 0 0 0 384215508
1 34918 0 0 384228980
0 0 0 0 384243136
0 0 0 0 384257812
1 34956 1 34900 384271300
1 35031 0 0 384286200
0 0 0 0 384300372
0 0 0 0 384313852
1 34881 0 0 384329712
0 0 0 0 384343892
1 35068 0 0 384358580
1 34843 0 0 384372756
1 43426 1 34956 384386932
1 34956 0 0 384401828
1 34881 0 0 384416012
1 43501 0 0 384430204
0 0 0 0 384444376
0 0 0 0 384457840
1 34843 1 34881 384472504
0 0 0 0 384487412
0 0 1 34843 384502084
1 34998 0 0 384516256
0 0 0 0 384531616
1 43468 0 0 384545088
1 34923 0 0 384559272
0 0 0 0 384574636
0 0 0 0 384588100
1 34961 0 0 384602768
1 43506 0 0 384616940
1 34886 0 0 384631116
0 0 0 0 384646492
0 0 0 0 384659968
0 0 0 0 384674628
0 0 0 0 384689296
0 0 1 34956 384702776
0 0 0 0 384718144
0 0 0 0 384731608
1 34998 0 0 384746276
0 0 0 0 384760468
1 34848 0 0 384773932
1 34998 0 0 384788132
1 34961 0 0 384803520
0 0 1 34993 384817700
0 0 0 0 384831868
0 0 0 0 384845356
0 0 0 0 384858828
1 34961 0 0 384872312
0 0 0 0 384886500
0 0 0 0 384901176
0 0 0 0 384914652
0 0 0 0 384929320
0 0 0 0 384945188
0 0 0 0 384959884
1 34923 0 0 384973360
0 0 0 0 384987524
0 0 0 0 385002200
0 0 0 0 385018084
0 0 0 0 385032752
0 0 0 0 385046216
0 0 0 0 385059708
0 0 0 0 385073204
0 0 0 0 385086688
0 0 0 0 385100156
0 0 0 0 385113644
0 0 0 0 385127116
0 0 0 0 385140600
0 0 0 0 385154116
0 0 0 0 385167580
0 0 0 0 385182252
1 34923 0 0 385196928
0 0 1 35050 385211100
0 0 0 0 385225288
0 0 0 0 385239960
0 0 0 0 385253448
0 0 0 0 385268112
0 0 0 0 385281580
0 0 0 0 385295048
0 0 0 0 385308524
0 0 0 0 385322024
0 0 0 0 385335524
0 0 0 0 385348988
0 0 0 0 385362476
0 0 0 0 385375952
0 0 0 0 385389444
0 0 0 0 385402928
1 34998 1 34975 385416416
0 0 0 0 385431304
0 0 0 0 385444776
1 34998 0 0 385458268
0 0 0 0 385472452
0 0 0 0 385485932
0 0 0 0 385501808
0 0 0 0 385517660
1 34923 0 0 385532320
1 43506 0 0 385546496
0 0 0 0 385561872
0 0 0 0 385575356
0 0 0 0 385588840
0 0 0 0 385602316
0 0 0 0 385615792
1 34961 0 0 385629292
0 0 0 0 385643468
1 34923 0 0 385658132
1 35036 0 0 385672316
0 0 0 0 385687700
0 0 0 0 385701164
1 34942 0 0 385715836
0 0 0 0 385730024
0 0 0 0 385744672
0 0 0 0 385758144
0 0 0 0 385772828
1 34867 0 0 385787492
0 0 0 0 385801676
0 0 0 0 385815152
0 0 1 34881 385828636
0 0 0 0 385842828
1 34904 1 34956 385857488
0 0 1 35068 385872380
0 0 0 0 385886564
1 35017 0 0 385900040
0 0 0 0 385914228
0 0 0 0 385927696
0 0 0 0 385943564
0 0 0 0 385959432
0 0 0 0 385972892
0 0 0 0 385986368
0 0 1 34918 385999844
0 0 1 34956 386014036
1 34904 0 0 386028220
1 34904 0 0 386043600
0 0 0 0 386057768
0 0 0 0 386072444
0 0 1 34918 386085932
1 34979 0 0 386100124
0 0 0 0 386115484
0 0 1 34956 386128980
1 35017 0 0 386143172
0 0 0 0 386158544
0 0 0 0 386173220
0 0 0 0 386186680
1 43374 0 0 386201376
0 0 0 0 386215552
0 0 0 0 386230208
0 0 0 0 386243696
0 0 0 0 386257188
0 0 0 0 386270668
0 0 0 0 386284132
1 43389 0 0 386297624
0 0 0 0 386311812
0 0 0 0 386325288
0 0 0 0 386338768
1 34881 0 0 386352244
0 0 0 0 386366408
1 34918 0 0 386381080
0 0 0 0 386395264
1 35031 0 0 386408736
0 0 0 0 386422920
0 0 0 0 386436380
0 0 0 0 386451060
0 0 0 0 386464520
1 34881 0 0 386477996
0 0 1 34862 386492188
1 34918 0 0 386507552
0 0 0 0 386521728
0 0 0 0 386535200
0 0 0 0 386551060
0 0 0 0 386566912
1 34843 0 0 386581580
1 34918 0 0 386595764
0 0 0 0 386611136
0 0 0 0 386624624
0 0 0 0 386638116
0 0 0 0 386651584
0 0 0 0 386665080
0 0 0 0 386678536
0 0 0 0 386692012
0 0 1 34975 386705516
0 0 1 34937 386719712
0 0 0 0 386735100
0 0 0 0 386749780
1 34918 1 35012 386763256
0 0 0 0 386778164
0 0 0 0 386792836
1 35017 0 0 386806308
1 34867 0 0 386820496
1 34942 1 35012 386835876
0 0 0 0 386850756
0 0 0 0 386864244
0 0 0 0 386878908
1 34979 1 34937 386892376
0 0 0 0 386907272
0 0 0 0 386920760
1 35017 0 0 386934228
0 0 0 0 386948404
0 0 0 0 386961888
0 0 0 0 386977748
0 0 0 0 386991240
0 0 0 0 387004712
0 0 0 0 387018192
0 0 0 0 387031672
0 0 0 0 387045152
0 0 0 0 387058644
0 0 0 0 387074508
1 35017 0 0 387087988
1 43487 0 0 387102176
1 35054 0 0 387116348
1 34904 1 34970 387131704
0 0 1 34895 387146592
0 0 0 0 387161996
0 0 0 0 387175480
0 0 0 0 387190152
0 0 0 0 387203636
0 0 0 0 387217112
0 0 0 0 387230608
0 0 0 0 387244088
1 34979 0 0 387257568
0 0 0 0 387271760
0 0 0 0 387286432
1 34979 0 0 387299908
0 0 0 0 387314108
0 0 0 0 387328776
1 34867 0 0 387343448
1 34867 0 0 387357636
1 34942 0 0 387371824
1 34979 1 34895 387386020
0 0 0 0 387400932
0 0 0 0 387415600
0 0 0 0 387430284
0 0 0 0 387443772
0 0 0 0 387458436
0 0 0 0 387471916
0 0 0 0 387485384
1 34904 0 0 387498876
1 35054 0 0 387513064
1 34979 0 0 387528456
1 34942 1 34970 387542644
0 0 0 0 387557540
0 0 0 0 387572224
0 0 0 0 387585712
1 34904 0 0 387599192
0 0 0 0 387613396
0 0 0 0 387629264
0 0 0 0 387645124
1 34942 0 0 387659808
1 34942 0 0 387673992
1 34867 0 0 387689344
0 0 1 34956 387703520
0 0 0 0 387717716
0 0 0 0 387731208
0 0 0 0 387744684
0 0 0 0 387758176
1 34942 1 34881 387771672
1 34829 0 0 387786564
1 34904 0 0 387800768
1 34942 0 0 387816140
0 0 0 0 387830316
0 0 0 0 387845000
1 43445 0 0 387858488
1 34900 0 0 387872668
0 0 0 0 387888056
0 0 0 0 387901548
1 34937 0 0 387916216
0 0 0 0 387930404
0 0 0 0 387945084
0 0 0 0 387958556
1 34937 0 0 387972048
1 43445 0 0 387986228
1 34975 0 0 388000400
0 0 1 34993 388014596
1 34862 0 0 388028772
1 34787 1 34843 388044160
0 0 1 35031 388059052
1 34900 0 0 388074440
1 35050 0 0 388088628
0 0 1 34956 388104028
0 0 0 0 388119412
0 0 0 0 388132888
0 0 1 34918 388148740
0 0 0 0 388162924
0 0 0 0 388178784
0 0 0 0 388193468
0 0 0 0 388206964
0 0 0 0 388221652
1 34975 1 34956 388236348
0 0 0 0 388251228
1 34825 0 0 388264712
0 0 0 0 388278904
0 0 0 0 388292380
0 0 0 0 388305868
0 0 1 34956 388319352
1 34862 0 0 388333528
0 0 0 0 388348900
1 43450 0 0 388363580
1 34979 0 0 388377756
1 34792 0 0 388391932
1 34979 0 0 388406108
0 0 1 34881 388420300
0 0 0 0 388435672
0 0 0 0 388449160
1 34942 0 0 388463844
1 34979 0 0 388478012
1 34867 0 0 388492188
0 0 0 0 388506372
0 0 0 0 388519852
1 34979 0 0 388534532
0 0 0 0 388548728
0 0 0 0 388563392
0 0 1 34918 388576892
1 34942 0 0 388592268
0 0 0 0 388607652
1 34904 0 0 388623528
0 0 0 0 388637700
0 0 1 34918 388652372
0 0 0 0 388666552
1 34829 0 0 388682428
0 0 0 0 388696620
0 0 0 0 388712484
1 34942 0 0 388728360
0 0 0 0 388742552
1 34979 0 0 388756024
0 0 0 0 388770192
0 0 0 0 388783664
0 0 0 0 388798324
0 0 0 0 388814204
0 0 0 0 388828868
0 0 0 0 388842364
0 0 0 0 388855856
0 0 0 0 388869340
1 35003 0 0 388882824
0 0 0 0 388897020
0 0 0 0 388911676
0 0 0 0 388925160
0 0 0 0 388938636
0 0 0 0 388953324
1 34965 0 0 388966800
0 0 0 0 388980976
1 34965 1 34975 388994452
0 0 0 0 389009344
0 0 0 0 389022832
1 34965 0 0 389036316
0 0 0 0 389050512
0 0 0 0 389065176
0 0 0 0 389078644
0 0 0 0 389092136
0 0 0 0 389105612
0 0 0 0 389119100
0 0 0 0 389132568
1 35003 0 0 389146044
1 35003 0 0 389160236
1 35003 0 0 389174408
0 0 1 34975 389188572
0 0 0 0 389202752
0 0 0 0 389216228
0 0 0 0 389232096
0 0 0 0 389247956
0 0 0 0 389261436
0 0 1 35500 389274920
0 0 0 0 389290296
1 43473 0 0 389304960
1 35003 0 0 389319152
1 35040 0 0 389333340
0 0 0 0 389347520
0 0 0 0 389361008
0 0 0 0 389374492
0 0 0 0 389387964
0 0 0 0 389401448
1 34923 0 0 389414932
0 0 0 0 389429096
1 34961 0 0 389443776
0 0 0 0 389457964
0 0 0 0 389471452
1 35073 0 0 389486124
0 0 0 0 389500296
1 34961 0 0 389513772
1 34923 0 0 389527940
1 34848 0 0 389542120
0 0 0 0 389556296
0 0 0 0 389570964
0 0 0 0 389585636
0 0 1 34993 389599128
0 0 0 0 389614496
0 0 0 0 389627972
0 0 0 0 389642648
0 0 0 0 389656112
0 0 0 0 389670788
0 0 0 0 389684272
0 0 1 34993 389697752
0 0 0 0 389711944
0 0 0 0 389726612
1 43468 0 0 389740108
0 0 0 0 389754296
0 0 0 0 389767768
0 0 0 0 389783648
0 0 0 0 389799516
1 43468 0 0 389813000
1 35036 0 0 389827196
0 0 0 0 389841384
1 34886 0 0 389854864
0 0 0 0 389869056
0 0 0 0 389882536
0 0 0 0 389896028
0 0 0 0 389909540
0 0 0 0 389923020
0 0 0 0 389936508
1 34904 0 0 389949992
1 34904 0 0 389964172
0 0 0 0 389979548
0 0 0 0 389993020
0 0 0 0 390006508
1 34942 0 0 390019996
1 34942 0 0 390034192
0 0 0 0 390049564
0 0 0 0 390063044
0 0 1 34956 390077716
1 34979 0 0 390091900
1 34979 0 0 390106080
0 0 0 0 390121452
1 34904 0 0 390134936
1 43412 0 0 390149112
1 34979 0 0 390164488
0 0 0 0 390178672
1 35092 0 0 390193340
0 0 0 0 390207532
1 35017 0 0 390222208
0 0 1 35012 390236376
0 0 0 0 390250564
0 0 0 0 390265236
0 0 0 0 390278724
0 0 0 0 390292204
0 0 0 0 390305688
0 0 0 0 390319164
1 34829 0 0 390332640
0 0 0 0 390346812
0 0 0 0 390360284
0 0 0 0 390376156
1 34867 0 0 390392032
0 0 0 0 390406220
0 0 0 0 390419712
0 0 0 0 390433188
1 34942 0 0 390446668
1 34979 0 0 390460852
1 34904 0 0 390476228
0 0 0 0 390490416
0 0 0 0 390505088
0 0 1 34900 390518556
1 43412 0 0 390532744
0 0 0 0 390548124
1 34979 1 34937 390561596
0 0 0 0 390576500
0 0 0 0 390589980
0 0 0 0 390603452
0 0 0 0 390618132
0 0 0 0 390631620
0 0 0 0 390645116
1 34942 0 0 390658600
1 34942 0 0 390673968
0 0 0 0 390688132
0 0 0 0 390702812
0 0 0 0 390716300
1 34979 0 0 390730980
0 0 0 0 390745160
0 0 0 0 390759824
1 34904 0 0 390773308
0 0 0 0 390787488
1 34942 0 0 390800980
0 0 0 0 390815156
0 0 0 0 390829828
1 43412 0 0 390843308
0 0 0 0 390857504
0 0 0 0 390870984
0 0 0 0 390885660
1 34829 0 0 390899136
0 0 0 0 390913312
1 34979 0 0 390926780
0 0 0 0 390940956
1 43412 0 0 390955620
1 35017 0 0 390969800
0 0 0 0 390983976
0 0 0 0 390998628
0 0 0 0 391013300
0 0 0 0 391026784
1 34904 1 34937 391040248
0 0 0 0 391055148
0 0 0 0 391068624
1 34904 0 0 391082100
1 35017 0 0 391096284
0 0 0 0 391111656
0 0 0 0 391125132
0 0 0 0 391139804
1 35017 0 0 391154468
1 34904 0 0 391168652
0 0 0 0 391182848
1 34942 0 0 391197500
0 0 0 0 391211688
1 34942 0 0 391225184
1 34942 0 0 391240568
1 34942 0 0 391254752
0 0 0 0 391268944
0 0 0 0 391283608
0 0 0 0 391297080
1 34979 0 0 391310560
1 35017 0 0 391324744
1 34942 1 35012 391338912
1 34904 0 0 391353796
0 0 0 0 391367972
0 0 0 0 391381452
0 0 0 0 391397304
0 0 0 0 391410788
0 0 0 0 391425464
0 0 0 0 391441324
0 0 1 35050 391455996
0 0 0 0 391470196
0 0 0 0 391484868
1 34961 1 34975 391498360
0 0 0 0 391513256
0 0 0 0 391527932
0 0 0 0 391541416
1 34998 0 0 391554896
0 0 1 34975 391569096
0 0 0 0 391584476
0 0 0 0 391599156
0 0 0 0 391612640
0 0 0 0 391627316
0 0 0 0 391640784
0 0 0 0 391655460
0 0 0 0 391670148
0 0 0 0 391683620
0 0 0 0 391697096
1 34998 0 0 391710568
0 0 0 0 391724752
0 0 0 0 391739428
0 0 0 0 391754108
0 0 0 0 391767580
0 0 0 0 391782244
1 34961 0 0 391795736
0 0 0 0 391811120
1 35036 0 0 391824612
0 0 0 0 391838800
0 0 0 0 391852272
1 34923 0 0 391868132
0 0 0 0 391882336
0 0 0 0 391897016
1 35036 0 0 391910508
0 0 0 0 391924688
1 34998 0 0 391938160
0 0 0 0 391952348
0 0 1 34975 391967012
0 0 0 0 391982392
0 0 0 0 391995868
0 0 0 0 392010532
1 34961 0 0 392024012
0 0 0 0 392038196
0 0 0 0 392052864
0 0 0 0 392067528
0 0 0 0 392081012
0 0 0 0 392094472
0 0 0 0 392107948
0 0 0 0 392121444
0 0 0 0 392134924
0 0 0 0 392148412
0 0 0 0 392161908
0 0 0 0 392175368
0 0 0 0 392190056
1 34923 1 34918 392204736
0 0 0 0 392219632
0 0 0 0 392233124
1 35036 0 0 392247784
1 34961 0 0 392261960
0 0 0 0 392276136
0 0 0 0 392290812
0 0 0 0 392304296
0 0 0 0 392317776
0 0 0 0 392331240
1 34961 0 0 392344724
0 0 0 0 392358896
0 0 0 0 392374752
0 0 0 0 392388224
0 0 1 34993 392401696
0 0 0 0 392415888
0 0 0 0 392430548
0 0 0 0 392444032
0 0 1 34918 392458692
0 0 0 0 392474064
0 0 0 0 392487544
0 0 0 0 392501024
0 0 0 0 392514504
0 0 0 0 392529176
0 0 1 34806 392542656
1 34923 1 34956 392556852
1 34998 0 0 392571752
0 0 0 0 392585944
0 0 0 0 392599440
0 0 0 0 392614132
0 0 0 0 392627612
0 0 0 0 392641084
0 0 0 0 392654568
0 0 1 34843 392668068
0 0 0 0 392682260
0 0 0 0 392696948
0 0 0 0 392710428
0 0 0 0 392723908
0 0 0 0 392737372
0 0 0 0 392750848
0 0 1 34900 392764316
0 0 0 0 392778508
0 0 0 0 392792008
0 0 1 35012 392805492
0 0 0 0 392819668
0 0 0 0 392834356
0 0 0 0 392847812
0 0 1 34975 392862476
0 0 0 0 392876672
0 0 0 0 392891336
0 0 0 0 392904820
1 34961 0 0 392918308
1 34886 0 0 392932496
0 0 0 0 392946656
1 34961 0 0 392961328
0 0 0 0 392975508
0 0 0 0 392990168
0 0 0 0 393003636
0 0 0 0 393017096
0 0 0 0 393030572
0 0 0 0 393045264
1 34923 0 0 393061128
0 0 0 0 393075324
0 0 0 0 393088792
1 34998 0 0 393102284
0 0 0 0 393116468
0 0 1 34937 393131140
0 0 0 0 393145324
0 0 1 34862 393159992
1 35036 0 0 393175372
0 0 0 0 393189588
1 43431 0 0 393203088
0 0 0 0 393217268
0 0 0 0 393231932
0 0 0 0 393245412
0 0 0 0 393260104
0 0 0 0 393273576
0 0 1 34862 393288252
1 34961 0 0 393302440
0 0 0 0 393316620
1 43393 0 0 393330108
0 0 0 0 393344288
0 0 0 0 393358948
0 0 0 0 393372428
0 0 1 34975 393387112
0 0 0 0 393401292
1 34961 0 0 393415964
0 0 0 0 393430160
0 0 1 34975 393444812
1 34848 0 0 393458996
1 34961 0 0 393473180
0 0 0 0 393487340
1 34961 0 0 393500816
0 0 0 0 393514996
0 0 0 0 393530868
0 0 0 0 393546740
1 34848 0 0 393560208
0 0 0 0 393574368
1 34867 1 34862 393587848
0 0 0 0 393602728
1 34979 0 0 393617392
0 0 0 0 393632776
0 0 0 0 393648624
0 0 0 0 393663292
0 0 0 0 393676768
0 0 0 0 393690232
1 35017 0 0 393703704
0 0 0 0 393717880
0 0 0 0 393732544
0 0 0 0 393746036
1 34942 0 0 393760696
0 0 0 0 393774884
1 34904 0 0 393789560
1 43374 0 0 393803736
0 0 0 0 393817932
0 0 0 0 393832600
0 0 0 0 393846072
0 0 0 0 393860748
1 34979 0 0 393875404
0 0 0 0 393890780
0 0 0 0 393905452
1 34867 0 0 393918920
0 0 0 0 393933104
0 0 0 0 393946576
0 0 0 0 393960052
0 0 0 0 393973516
1 43450 0 0 393986984
0 0 0 0 394001184
0 0 0 0 394014656
0 0 1 35012 394029340
1 34867 0 0 394043536
0 0 0 0 394057720
1 34942 0 0 394072380
0 0 0 0 394086560
0 0 0 0 394102408
0 0 0 0 394118268
0 0 0 0 394131744
0 0 1 34862 394146424
0 0 0 0 394161804
0 0 0 0 394175276
0 0 0 0 394189948
0 0 0 0 394203428
1 34904 0 0 394216900
0 0 0 0 394231076
0 0 0 0 394245744
1 43412 0 0 394259224
0 0 0 0 394273420
0 0 0 0 394288084
1 34942 0 0 394302748
0 0 0 0 394316940
0 0 0 0 394331608
0 0 0 0 394346276
0 0 0 0 394359748
1 34979 0 0 394374420
0 0 0 0 394388604
0 0 0 0 394402076
0 0 0 0 394415552
0 0 0 0 394430220
0 0 0 0 394443696
1 34904 0 0 394458360
0 0 1 34975 394472540
0 0 0 0 394487908
0 0 0 0 394501404
0 0 0 0 394516084
0 0 0 0 394529552
0 0 0 0 394543016
0 0 0 0 394556500
0 0 0 0 394569976
0 0 0 0 394583464
0 0 0 0 394596948
0 0 0 0 394610432
0 0 0 0 394623900
0 0 0 0 394637380
0 0 0 0 394652056
0 0 0 0 394667912
0 0 0 0 394682596
0 0 0 0 394696072
1 34942 0 0 394709552
0 0 0 0 394724916
0 0 0 0 394740788
0 0 0 0 394755460
0 0 0 0 394768940
0 0 0 0 394782412
0 0 0 0 394795896
0 0 0 0 394809368
0 0 0 0 394822860
0 0 0 0 394836368
0 0 0 0 394849848
1 43431 0 0 394863336
0 0 0 0 394877540
0 0 0 0 394892220
0 0 0 0 394905724
0 0 0 0 394919196
0 0 0 0 394932688
0 0 0 0 394946172
0 0 0 0 394960836
0 0 0 0 394974320
0 0 0 0 394988992
0 0 0 0 395003664
0 0 0 0 395017136
0 0 0 0 395031820
0 0 1 34975 395045312
0 0 0 0 395059504
0 0 0 0 395072984
0 0 0 0 395087648
0 0 0 0 395101124
0 0 0 0 395114620
0 0 0 0 395128096
0 0 1 34937 395141568
0 0 0 0 395155768
1 34886 0 0 395171640
0 0 0 0 395185828
1 34923 0 0 395200496
0 0 0 0 395214668
0 0 0 0 395230532
0 0 0 0 395246380
0 0 0 0 395259848
0 0 0 0 395274528
0 0 0 0 395290392
0 0 0 0 395305076
0 0 0 0 395318552
0 0 0 0 395332024
0 0 0 0 395345524
0 0 0 0 395358988
0 0 0 0 395372472
0 0 0 0 395385964
0 0 0 0 395399448
0 0 0 0 395412920
0 0 0 0 395426424
0 0 0 0 395439884
0 0 0 0 395454568
0 0 0 0 395469248
0 0 1 34787 395482728
0 0 0 0 395496928
0 0 0 0 395511600
0 0 0 0 395526264
0 0 0 0 395539732
0 0 1 34993 395554392
0 0 0 0 395568584
0 0 0 0 395583232
0 0 0 0 395596712
0 0 1 35031 395610200
0 0 0 0 395624376
0 0 0 0 395637872
0 0 0 0 395651348
1 34942 0 0 395667228
0 0 0 0 395681412
0 0 0 0 395697268
0 0 0 0 395713132
0 0 0 0 395726604
0 0 0 0 395740080
0 0 0 0 395753568
1 35017 0 0 395767064
0 0 0 0 395781256
0 0 1 34918 395794720
0 0 0 0 395808900
0 0 0 0 395822372
0 0 0 0 395837044
0 0 0 0 395851700
0 0 0 0 395865200
0 0 0 0 395878676
0 0 0 0 395892160
0 0 0 0 395905648
0 0 0 0 395919120
1 43412 0 0 395932596
1 34979 0 0 395946800
0 0 0 0 395962188
0 0 0 0 395976844
0 0 0 0 395990308
0 0 0 0 396004968
0 0 0 0 396018440
0 0 0 0 396033112
0 0 0 0 396047776
0 0 0 0 396061260
1 34904 0 0 396075924
1 34942 0 0 396090120
0 0 0 0 396104300
0 0 0 0 396118976
1 34867 0 0 396132472
0 0 0 0 396146656
0 0 0 0 396160124
0 0 0 0 396174780
0 0 0 0 396188260
0 0 0 0 396201740
0 0 0 0 396215228
0 0 0 0 396228728
0 0 0 0 396242208
0 0 0 0 396255688
0 0 0 0 396269172
0 0 0 0 396282660
0 0 0 0 396296140
0 0 0 0 396310812
0 0 0 0 396326688
0 0 0 0 396342564
1 34923 0 0 396357236
0 0 0 0 396371400
1 43393 0 0 396384884
0 0 0 0 396399076
0 0 0 0 396413732
0 0 0 0 396427208
1 34848 0 0 396440688
0 0 0 0 396454860
0 0 0 0 396469540
0 0 0 0 396483016
0 0 0 0 396496504
0 0 0 0 396509976
0 0 0 0 396523460
0 0 0 0 396536948
0 0 0 0 396551616
0 0 0 0 396565112
0 0 0 0 396579780
0 0 0 0 396594460
1 34923 0 0 396607948
0 0 0 0 396622128
0 0 0 0 396635600
0 0 0 0 396649084
0 0 1 34918 396662560
0 0 0 0 396676756
0 0 0 0 396691416
1 34923 0 0 396704896
0 0 0 0 396719068
0 0 0 0 396732552
0 0 0 0 396748404
0 0 0 0 396761868
0 0 0 0 396775352
0 0 0 0 396788856
0 0 0 0 396802352
0 0 0 0 396818204
0 0 0 0 396831692
0 0 0 0 396846372
1 34961 0 0 396862240
0 0 0 0 396876404
0 0 0 0 396889884
0 0 0 0 396903364
0 0 0 0 396916852
0 0 0 0 396930340
0 0 0 0 396943800
0 0 0 0 396957300
0 0 0 0 396970784
0 0 0 0 396984268
0 0 0 0 396997744
0 0 0 0 397011228
0 0 0 0 397024712
0 0 1 34993 397038196
1 35036 0 0 397052384
0 0 0 0 397066576
0 0 0 0 397080064
0 0 0 0 397093544
1 34886 0 0 397107036
0 0 0 0 397121224
1 34886 0 0 397134696
0 0 0 0 397148880
0 0 0 0 397162368
0 0 0 0 397177040
0 0 0 0 397190536
1 34886 0 0 397205188
0 0 0 0 397219380
0 0 0 0 397234056
0 0 0 0 397247544
0 0 0 0 397261020
0 0 0 0 397274492
0 0 0 0 397287980
0 0 0 0 397301464
0 0 0 0 397314960
0 0 0 0 397328440
0 0 0 0 397341916
0 0 0 0 397355400
0 0 0 0 397368884
0 0 0 0 397383560
0 0 0 0 397397044
0 0 0 0 397412908
0 0 0 0 397428776
0 0 0 0 397443444
0 0 0 0 397456920
0 0 0 0 397470400
0 0 0 0 397483884
0 0 0 0 397497352
0 0 0 0 397510840
0 0 0 0 397524320
0 0 0 0 397537804
0 0 0 0 397551280
0 0 0 0 397564776
0 0 0 0 397578256
1 34961 0 0 397591744
0 0 0 0 397605932
0 0 0 0 397620616
1 34886 0 0 397634092
0 0 0 0 397648284
0 0 0 0 397662952
0 0 0 0 397677640
0 0 0 0 397691112
0 0 0 0 397705780
0 0 0 0 397719248
0 0 0 0 397732720
0 0 0 0 397746200
0 0 0 0 397759676
0 0 0 0 397773152
0 0 0 0 397786640
0 0 0 0 397800108
0 0 0 0 397813600
1 34923 0 0 397827080
1 34886 0 0 397841268
0 0 0 0 397856632
0 0 0 0 397872500
0 0 0 0 397885988
0 0 0 0 397899464
0 0 0 0 397912956
0 0 0 0 397926464
0 0 0 0 397941120
0 0 0 0 397954608
0 0 0 0 397968080
0 0 0 0 397981564
0 0 0 0 397995048
0 0 0 0 398008528
0 0 1 34993 398022024
0 0 0 0 398036200
0 0 0 0 398050888
0 0 0 0 398064372
0 0 0 0 398077848
0 0 0 0 398091336
0 0 0 0 398104800
0 0 0 0 398118272
0 0 0 0 398131748
0 0 0 0 398146432
0 0 0 0 398159924
0 0 0 0 398174588
0 0 0 0 398189260
0 0 0 0 398202748
0 0 0 0 398217428
0 0 0 0 398230916
0 0 0 0 398244404
0 0 0 0 398257868
0 0 0 0 398271352
0 0 0 0 398284852
0 0 0 0 398298324
0 0 0 0 398311808
0 0 0 0 398325296
0 0 0 0 398338764
1 34886 0 0 398352244
0 0 0 0 398366416
1 34998 0 0 398381092
0 0 0 0 398395276
0 0 0 0 398411140
0 0 0 0 398424628
0 0 0 0 398438112
0 0 0 0 398453984
0 0 0 0 398467460
0 0 0 0 398482128
0 0 0 0 398498012
0 0 0 0 398512680
0 0 0 0 398526168
0 0 0 0 398539644
0 0 0 0 398553128
0 0 0 0 398566620
0 0 0 0 398580092
0 0 0 0 398593576
0 0 0 0 398607040
0 0 0 0 398620528
0 0 0 0 398634020
0 0 0 0 398647520
0 0 0 0 398661008
0 0 0 0 398674480
0 0 0 0 398687960
0 0 0 0 398701452
0 0 0 0 398716128
0 0 0 0 398730800
0 0 0 0 398744272
0 0 0 0 398758940
0 0 0 0 398772432
0 0 0 0 398787116
0 0 0 0 398801784
0 0 1 34881 398815256
0 0 0 0 398830632
0 0 0 0 398844120
0 0 0 0 398858780
0 0 0 0 398872252
0 0 0 0 398885724
0 0 0 0 398899192
0 0 0 0 398913856
0 0 0 0 398927332
0 0 0 0 398940816
0 0 0 0 398956660
0 0 0 0 398970132
0 0 0 0 398983624
0 0 0 0 398997080
0 0 0 0 399011768
1 34979 0 0 399027652
0 0 0 0 399041848
0 0 0 0 399055312
0 0 0 0 399068784
0 0 0 0 399082260
0 0 0 0 399095728
0 0 0 0 399109208
1 34904 0 0 399122684
0 0 0 0 399136864
0 0 0 0 399151548
0 0 0 0 399165044
0 0 0 0 399178512
0 0 0 0 399191980
0 0 0 0 399205472
0 0 0 0 399218968
0 0 0 0 399232440
0 0 0 0 399245940
0 0 0 0 399259420
0 0 0 0 399272900
0 0 0 0 399287584
0 0 0 0 399301052
0 0 0 0 399315716
0 0 0 0 399330396
0 0 0 0 399343896
0 0 0 0 399358584
0 0 0 0 399372048
0 0 0 0 399385548
0 0 0 0 399399032
0 0 0 0 399412500
0 0 0 0 399425984
0 0 0 0 399439468
0 0 0 0 399452948
0 0 0 0 399466432
0 0 0 0 399482296
0 0 0 0 399495796
0 0 0 0 399509272
0 0 0 0 399522760
0 0 0 0 399536244
0 0 0 0 399549728
0 0 0 0 399563192
0 0 0 0 399577864
0 0 0 0 399591344
0 0 0 0 399604848
0 0 0 0 399618332
0 0 0 0 399631804
0 0 0 0 399645296
0 0 0 0 399658776
0 0 0 0 399672264
0 0 0 0 399685744
0 0 0 0 399699224
0 0 0 0 399712700
0 0 0 0 399726192
0 0 0 0 399739652
0 0 0 0 399753136
0 0 0 0 399766620
0 0 0 0 399780108
0 0 0 0 399793576
0 0 0 0 399807056
0 0 1 34975 399820540
0 0 0 0 399835920
0 0 0 0 399849408
0 0 0 0 399864088
1 34829 0 0 399877572
0 0 0 0 399891756
0 0 0 0 399905224
0 0 1 34900 399919888
0 0 0 0 399934076
0 0 0 0 399947532
0 0 0 0 399961020
0 0 0 0 399974512
0 0 0 0 399987992
0 0 0 0 400001476
0 0 0 0 400014960
0 0 0 0 400028420
0 0 0 0 400041904
0 0 0 0 400055364
0 0 0 0 400068844
0 0 0 0 400082328
0 0 0 0 400095816
1 34867 0 0 400110488
1 34717 0 0 400125876
0 0 0 0 400140088
0 0 0 0 400154744
0 0 0 0 400169408
0 0 0 0 400182892
0 0 0 0 400196360
0 0 0 0 400209836
0 0 0 0 400223328
0 0 0 0 400236828
0 0 0 0 400250296
0 0 0 0 400263792
0 0 0 0 400277256
0 0 0 0 400290740
1 34942 0 0 400304236
0 0 0 0 400318412
0 0 0 0 400333088
0 0 0 0 400347756
0 0 0 0 400361236
0 0 0 0 400375924
0 0 0 0 400390592
0 0 0 0 400404084
0 0 0 0 400418756
0 0 0 0 400432248
0 0 1 34956 400445724
0 0 0 0 400459900
0 0 0 0 400474576
0 0 0 0 400488048
0 0 0 0 400501516
0 0 0 0 400514992
0 0 0 0 400528492
0 0 0 0 400541976
0 0 0 0 400555456
0 0 0 0 400568932
0 0 0 0 400583604
0 0 0 0 400599460
0 0 0 0 400612940
0 0 0 0 400626428
0 0 0 0 400641108
1 34811 0 0 400654572
0 0 0 0 400668756
0 0 0 0 400683424
0 0 0 0 400699272
0 0 0 0 400713944
0 0 0 0 400727420
0 0 0 0 400740904
0 0 0 0 400754372
0 0 1 34993 400767864
0 0 0 0 400782072
0 0 0 0 400796740
0 0 0 0 400811428
0 0 0 0 400824912
1 34811 1 34768 400839580
0 0 0 0 400854480
0 0 0 0 400867956
0 0 0 0 400882624
0 0 0 0 400897300
0 0 1 35031 400910788
1 34848 0 0 400926152
0 0 0 0 400940340
0 0 0 0 400953812
0 0 0 0 400967288
0 0 0 0 400980768
0 0 0 0 400994244
0 0 0 0 401007736
0 0 0 0 401021220
0 0 0 0 401034692
0 0 0 0 401048188
0 0 0 0 401061644
0 0 0 0 401075128
0 0 0 0 401088620
0 0 0 0 401102100
0 0 0 0 401115580
0 0 0 0 401129064
0 0 0 0 401142532
0 0 0 0 401156024
0 0 0 0 401169504
0 0 0 0 401182996
1 34806 0 0 401197664
0 0 0 0 401211856
0 0 0 0 401225340
0 0 0 0 401240012
0 0 0 0 401255880
0 0 0 0 401270548
0 0 0 0 401284032
0 0 0 0 401297524
0 0 0 0 401311012
0 0 0 0 401324492
0 0 0 0 401337960
0 0 0 0 401351432
0 0 0 0 401364920
0 0 0 0 401378416
0 0 0 0 401391912
0 0 0 0 401405384
0 0 0 0 401418868
0 0 0 0 401432348
0 0 0 0 401447028
0 0 1 34918 401460516
0 0 0 0 401474692
1 34843 0 0 401488176
0 0 0 0 401502348
0 0 1 35031 401517000
1 34881 0 0 401531188
1 34956 0 0 401545372
0 0 0 0 401559532
1 34881 0 0 401573008
0 0 0 0 401587184
0 0 0 0 401601848
0 0 0 0 401615320
0 0 0 0 401628792
0 0 0 0 401642268
0 0 0 0 401655752
0 0 0 0 401671624
1 43314 0 0 401685104
0 0 0 0 401699284
0 0 0 0 401712752
0 0 0 0 401728616
0 0 0 0 401743280
0 0 0 0 401756760
0 0 0 0 401770248
0 0 0 0 401783720
0 0 0 0 401797208
0 0 0 0 401810680
0 0 0 0 401824156
0 0 0 0 401837632
0 0 0 0 401851108
0 0 0 0 401864600
0 0 0 0 401878080
0 0 0 0 401891564
1 35017 0 0 401905056
0 0 1 34918 401919240
0 0 0 0 401934624
0 0 0 0 401948116
1 34867 0 0 401962780
0 0 0 0 401976956
1 34904 0 0 401991620
0 0 0 0 402005804
0 0 0 0 402020472
1 43299 0 0 402033940
0 0 0 0 402048132
0 0 0 0 402061588
1 34904 0 0 402076256
0 0 0 0 402091632
0 0 0 0 402106292
1 34867 0 0 402119760
0 0 0 0 402133928
1 43487 1 35031 402147408
0 0 0 0 402162308
1 34867 0 0 402175780
0 0 0 0 402189968
1 34942 0 0 402203432
0 0 0 0 402217608
0 0 0 0 402232268
0 0 0 0 402248132
0 0 0 0 402261616
1 43450 0 0 402276268
0 0 0 0 402290464
1 34942 0 0 402305144
0 0 0 0 402319324
0 0 0 0 402332800
0 0 0 0 402346256
0 0 0 0 402359744
0 0 0 0 402373236
0 0 0 0 402386688
0 0 1 34956 402400176
0 0 0 0 402414372
0 0 0 0 402429040
0 0 0 0 402442524
0 0 0 0 402457200
0 0 0 0 402470668
0 0 0 0 402485356
0 0 0 0 402500036
0 0 0 0 402513520
1 34904 0 0 402526988
1 34942 0 0 402541188
0 0 0 0 402555376
0 0 0 0 402570032
0 0 1 34956 402583500
0 0 0 0 402598880
0 0 0 0 402612352
1 43450 0 0 402627012
0 0 0 0 402641188
0 0 0 0 402655856
0 0 0 0 402669320
0 0 0 0 402684004
0 0 0 0 402697500
0 0 0 0 402710976
0 0 0 0 402724460
0 0 0 0 402737944
0 0 0 0 402753816
0 0 0 0 402767296
0 0 0 0 402780788
0 0 0 0 402794248
0 0 0 0 402808936
0 0 0 0 402824816
0 0 0 0 402839472
0 0 0 0 402852948
0 0 0 0 402866424
1 34904 1 34881 402879908
0 0 0 0 402894816
0 0 1 34956 402908304
0 0 0 0 402922492
0 0 0 0 402937160
0 0 0 0 402950652
0 0 0 0 402964132
0 0 0 0 402978804
0 0 0 0 402992280
0 0 0 0 403006936
0 0 0 0 403021600
0 0 0 0 403035096
0 0 0 0 403049764
0 0 0 0 403063236
0 0 0 0 403077900
0 0 0 0 403092572
1 35017 0 0 403106056
0 0 0 0 403120236
1 34942 0 0 403133716
0 0 0 0 403147904
0 0 0 0 403162560
1 35054 1 34918 403176044
1 34904 0 0 403190928
0 0 0 0 403205116
1 35054 0 0 403218608
