0 0 0 0 414799656
0 0 0 0 414814332
0 0 0 0 414827796
0 0 0 0 414841272
0 0 0 0 414854764
0 0 0 0 414868228
0 0 0 0 414881716
0 0 0 0 414895224
0 0 0 0 414908700
0 0 0 0 414922184
0 0 0 0 414936840
0 0 0 0 414950316
0 0 0 0 414964992
0 0 0 0 414979684
0 0 0 0 414993156
0 0 0 0 415007836
0 0 0 0 415021328
0 0 0 0 415034820
0 0 0 0 415048308
0 0 0 0 415061764
0 0 0 0 415075244
0 0 0 0 415088748
0 0 0 0 415102228
0 0 0 0 415115708
0 0 0 0 415129200
0 0 0 0 415142668
0 0 0 0 415156140
0 0 0 0 415169640
0 0 0 0 415183128
0 0 0 0 415196604
0 0 0 0 415212468
0 0 0 0 415225964
0 0 0 0 415239452
0 0 0 0 415252932
0 0 0 0 415267608
0 0 0 0 415283484
0 0 0 0 415299356
0 0 0 0 415314032
0 0 0 0 415327516
0 0 0 0 415341004
0 0 0 0 415354472
0 0 0 0 415367952
0 0 0 0 415381424
0 0 0 0 415394920
0 0 0 0 415408404
0 0 0 0 415421888
0 0 0 0 415435376
0 0 0 0 415448836
0 0 0 0 415462316
1 40035 0 0 415475796
0 0 0 0 415489984
0 0 0 0 415504660
0 0 0 0 415519328
0 0 0 0 415532808
0 0 0 0 415547484
0 0 0 0 415562152
0 0 0 0 415575636
0 0 0 0 415590316
0 0 0 0 415603800
0 0 0 0 415617292
0 0 0 0 415630784
0 0 0 0 415644292
0 0 0 0 415657764
0 0 0 0 415671244
0 0 0 0 415684732
0 0 0 0 415698212
0 0 0 0 415711696
0 0 0 0 415725180
0 0 0 0 415738660
0 0 0 0 415752140
0 0 0 0 415765624
0 0 0 0 415779112
0 0 0 0 415793772
0 0 0 0 415807236
0 0 0 0 415820716
0 0 0 0 415834196
0 0 0 0 415847672
0 0 0 0 415861140
0 0 0 0 415874620
0 0 0 0 415888100
0 0 0 0 415901584
0 0 0 0 415915084
0 0 0 0 415928576
0 0 0 0 415942056
0 0 0 0 415955536
0 0 0 0 415969012
0 0 0 0 415982496
0 0 0 0 415995992
0 0 0 0 416009480
0 0 0 0 416022964
0 0 0 0 416036448
0 0 0 0 416051128
0 0 0 0 416065812
0 0 0 0 416079304
0 0 0 0 416093956
0 0 0 0 416107432
0 0 0 0 416122112
0 0 0 0 416136804
0 0 0 0 416150284
0 0 0 0 416164960
0 0 0 0 416178440
0 0 0 0 416191936
0 0 0 0 416205428
0 0 0 0 416218904
0 0 0 0 416232388
0 0 0 0 416245876
0 0 0 0 416261740
0 0 0 0 416275208
0 0 0 0 416288704
0 0 0 0 416302196
0 0 0 0 416315672
0 0 0 0 416329148
0 0 0 0 416342636
0 0 0 0 416357304
0 0 0 0 416370788
0 0 0 0 416384280
0 0 0 0 416397760
0 0 0 0 416411248
0 0 0 0 416424720
0 0 0 0 416438204
0 0 0 0 416451704
0 0 0 0 416465180
0 0 0 0 416478660
0 0 0 0 416492144
0 0 0 0 416505620
0 0 0 0 416519116
0 0 0 0 416532608
0 0 0 0 416546068
0 0 0 0 416559564
0 0 0 0 416573044
0 0 0 0 416587716
0 0 0 0 416602396
0 0 0 0 416615880
0 0 0 0 416630560
0 0 0 0 416644036
0 0 0 0 416658712
0 0 0 0 416673380
0 0 0 0 416686876
0 0 0 0 416701556
0 0 0 0 416715040
0 0 0 0 416728512
0 0 0 0 416741996
0 0 0 0 416755468
0 0 0 0 416768960
0 0 0 0 416782432
0 0 0 0 416795908
0 0 0 0 416809408
0 0 0 0 416822888
0 0 0 0 416836364
0 0 0 0 416852224
0 0 0 0 416865704
0 0 0 0 416880380
0 0 0 0 416896248
0 0 0 0 416910920
0 0 0 0 416924396
0 0 0 0 416937876
0 0 0 0 416951360
0 0 0 0 416964832
0 0 0 0 416978304
0 0 0 0 416991792
0 0 0 0 417005268
0 0 0 0 417018744
0 0 0 0 417032252
0 0 0 0 417045740
0 0 0 0 417059224
0 0 0 0 417072712
0 0 0 0 417086196
0 0 0 0 417099680
0 0 0 0 417114356
0 0 0 0 417129032
0 0 0 0 417142516
0 0 0 0 417157188
0 0 0 0 417170672
0 0 0 0 417185344
0 0 0 0 417200012
0 0 0 0 417213500
0 0 0 0 417228172
0 0 0 0 417241648
0 0 0 0 417255120
0 0 0 0 417268600
0 0 0 0 417282100
0 0 0 0 417295568
0 0 0 0 417309052
0 0 0 0 417322528
0 0 0 0 417336004
0 0 0 0 417349492
0 0 0 0 417362988
0 0 0 0 417378856
0 0 0 0 417392336
0 0 0 0 417405828
0 0 0 0 417419316
0 0 0 0 417432800
0 0 0 0 417447480
0 0 0 0 417460952
0 0 0 0 417474432
0 0 0 0 417487908
0 0 0 0 417501396
0 0 0 0 417514884
0 0 0 0 417528368
0 0 0 0 417541852
0 0 0 0 417555320
0 0 0 0 417568804
0 0 0 0 417582288
0 0 0 0 417595792
0 0 0 0 417609272
0 0 0 0 417622756
0 0 0 0 417636240
0 0 0 0 417649740
0 0 0 0 417663220
0 0 0 0 417677900
0 0 0 0 417692572
0 0 0 0 417706048
0 0 0 0 417720712
0 0 0 0 417734196
0 0 0 0 417748868
0 0 0 0 417763552
0 0 0 0 417777032
0 0 0 0 417791700
0 0 0 0 417805188
0 0 0 0 417818680
0 0 0 0 417832152
0 0 0 0 417845636
0 0 0 0 417859116
0 0 0 0 417872604
0 0 0 0 417886088
0 0 0 0 417899576
0 0 0 0 417913052
0 0 0 0 417926536
0 0 0 0 417942396
0 0 0 0 417955896
0 0 0 0 417970576
0 0 0 0 417986436
0 0 0 0 418001112
0 0 0 0 418014592
0 0 0 0 418028080
0 0 0 0 418041548
0 0 0 0 418055024
0 0 0 0 418068504
0 0 0 0 418081980
0 0 0 0 418095460
0 0 0 0 418108940
0 0 0 0 418122424
0 0 0 0 418135904
0 0 0 0 418149400
0 0 0 0 418162884
0 0 0 0 418176352
0 0 0 0 418189832
0 0 0 0 418204496
0 0 0 0 418219160
0 0 0 0 418232640
0 0 0 0 418247300
0 0 0 0 418260768
0 0 0 0 418275448
0 0 0 0 418290124
0 0 0 0 418303604
0 0 0 0 418318280
0 0 0 0 418331768
0 0 0 0 418345252
0 0 0 0 418358728
0 0 0 0 418372208
0 0 0 0 418385672
0 0 0 0 418399148
0 0 0 0 418412628
0 0 0 0 418426112
0 0 0 0 418439588
0 0 0 0 418453060
0 0 0 0 418466544
0 0 0 0 418480032
0 0 0 0 418493524
0 0 0 0 418508188
0 0 0 0 418524052
0 0 0 0 418539932
0 0 0 0 418554604
0 0 0 0 418568096
0 0 0 0 418581572
0 0 0 0 418595048
0 0 0 0 418608512
0 0 0 0 418621984
0 0 0 0 418635452
0 0 0 0 418648932
0 0 0 0 418662432
0 0 0 0 418675912
0 0 0 0 418689384
0 0 0 0 418702876
0 0 0 0 418716364
0 0 0 0 418729840
0 0 0 0 418743328
0 0 0 0 418756824
0 0 0 0 418770300
0 0 0 0 418783800
0 0 0 0 418797288
0 0 0 0 418811956
0 0 0 0 418825436
0 0 0 0 418838912
0 0 0 0 418852400
0 0 0 0 418865876
0 0 0 0 418879368
0 0 0 0 418892852
0 0 0 0 418906324
0 0 0 0 418919816
0 0 0 0 418933296
0 0 0 0 418946776
0 0 0 0 418960268
0 0 0 0 418973760
0 0 0 0 418987248
0 0 0 0 419000752
0 0 0 0 419016624
0 0 0 0 419030124
0 0 0 0 419043616
0 0 0 0 419058292
0 0 0 0 419071764
0 0 0 0 419087632
0 0 0 0 419102300
0 0 0 0 419115788
0 0 0 0 419129268
0 0 0 0 419142760
0 0 0 0 419156244
0 0 0 0 419169740
0 0 0 0 419183208
0 0 0 0 419196684
0 0 0 0 419210176
0 0 0 0 419223668
0 0 0 0 419237140
0 0 0 0 419251824
0 0 0 0 419266492
0 0 0 0 419279996
0 0 0 0 419293464
0 0 0 0 419306956
0 0 0 0 419321616
0 0 0 0 419335084
0 0 0 0 419348580
0 0 0 0 419362056
0 0 0 0 419375556
0 0 0 0 419389044
0 0 0 0 419402508
0 0 0 0 419416000
0 0 0 0 419429492
0 0 0 0 419442972
0 0 0 0 419456452
0 0 0 0 419469936
0 0 0 0 419483420
0 0 0 0 419496896
0 0 0 0 419510388
0 0 0 0 419523860
0 0 0 0 419537340
0 0 0 0 419553200
0 0 0 0 419566684
0 0 0 0 419581372
0 0 0 0 419597224
0 0 0 0 419611900
0 0 0 0 419625380
0 0 0 0 419638868
0 0 0 0 419652348
0 0 0 0 419665808
0 0 0 0 419679300
0 0 0 0 419692776
0 0 0 0 419706256
0 0 0 0 419719748
0 0 0 0 419733228
0 0 0 0 419746708
0 0 0 0 419760204
0 0 0 0 419773668
0 0 0 0 419787136
0 0 0 0 419800628
0 0 0 0 419814120
0 0 0 0 419827600
0 0 0 0 419842264
0 0 0 0 419855740
0 0 0 0 419869224
0 0 0 0 419882704
0 0 0 0 419896176
0 0 0 0 419909664
0 0 0 0 419923124
0 0 0 0 419936600
0 0 0 0 419950080
0 0 0 0 419963556
0 0 0 0 419977048
0 0 0 0 419990536
0 0 0 0 420004028
0 0 0 0 420017528
0 0 0 0 420031020
0 0 0 0 420044500
0 0 0 0 420057996
0 0 0 0 420073872
0 0 0 0 420087356
0 0 0 0 420100836
0 0 0 0 420114316
0 0 0 0 420127812
0 0 0 0 420142484
0 0 0 0 420155968
0 0 0 0 420169444
0 0 0 0 420182924
0 0 0 0 420196404
0 0 0 0 420209888
0 0 0 0 420223368
0 0 0 0 420236848
0 0 0 0 420250316
0 0 0 0 420263804
0 0 0 0 420277284
0 0 0 0 420290784
0 0 0 0 420304256
0 0 0 0 420317732
0 0 0 0 420331208
0 0 0 0 420344696
0 0 0 0 420358164
0 0 0 0 420371648
0 0 0 0 420385128
0 0 0 0 420398620
0 0 0 0 420412084
0 0 0 0 420426748
0 0 0 0 420440240
0 0 0 0 420453724
0 0 0 0 420467204
0 0 0 0 420480672
0 0 0 0 420494144
0 0 0 0 420507640
0 0 0 0 420521120
0 0 0 0 420534604
0 0 0 0 420548096
0 0 0 0 420561580
0 0 0 0 420575052
0 0 0 0 420588516
0 0 0 0 420602000
0 0 0 0 420615472
0 0 0 0 420628944
0 0 0 0 420642428
0 0 0 0 420655896
0 0 0 0 420669380
0 0 0 0 420682872
0 0 0 0 420697544
0 0 0 0 420713392
0 0 0 0 420728076
0 0 0 0 420741552
0 0 0 0 420755040
0 0 0 0 420768516
0 0 0 0 420781996
0 0 0 0 420795492
0 0 0 0 420808964
0 0 0 0 420822444
0 0 0 0 420835936
0 0 0 0 420849416
0 0 0 0 420862904
0 0 0 0 420877584
0 0 0 0 420892252
0 0 0 0 420905732
0 0 0 0 420919224
0 0 0 0 420932704
0 0 0 0 420946188
0 0 0 0 420959688
0 0 0 0 420974336
0 0 0 0 420987812
0 0 0 0 421001296
0 0 0 0 421014780
0 0 0 0 421028256
0 0 0 0 421041732
0 0 0 0 421055212
0 0 0 0 421068696
0 0 0 0 421082196
0 0 0 0 421095676
0 0 0 0 421109152
0 0 0 0 421122632
0 0 0 0 421136116
0 0 0 0 421149596
0 0 0 0 421163084
0 0 0 0 421176548
0 0 0 0 421190040
0 0 0 0 421203508
0 0 0 0 421216992
0 0 0 0 421231676
0 0 0 0 421245160
0 0 0 0 421258632
0 0 0 0 421272112
0 0 0 0 421285576
0 0 0 0 421299052
0 0 0 0 421312528
0 0 0 0 421326012
0 0 0 0 421339492
0 0 0 0 421352960
0 0 0 0 421366432
0 0 0 0 421379916
0 0 0 0 421393388
0 0 0 0 421406868
0 0 0 0 421420352
0 0 0 0 421433816
0 0 0 0 421447288
0 0 0 0 421461960
0 0 0 0 421475436
0 0 0 0 421490108
0 0 0 0 421504764
0 0 0 0 421518236
0 0 0 0 421532908
0 0 0 0 421546384
0 0 0 0 421559872
0 0 0 0 421573340
0 0 0 0 421586832
0 0 0 0 421600316
0 0 0 0 421613796
0 0 0 0 421627268
0 0 0 0 421640756
0 0 0 0 421654224
0 0 0 0 421667708
0 0 0 0 421681208
0 0 0 0 421694692
0 0 0 0 421708156
0 0 0 0 421721640
0 0 0 0 421735120
0 0 0 0 421748608
0 0 0 0 421763292
0 0 0 0 421776776
0 0 0 0 421790256
0 0 0 0 421803732
0 0 0 0 421817224
0 0 0 0 421830716
0 0 0 0 421844184
0 0 0 0 421857672
0 0 0 0 421871144
0 0 0 0 421884616
0 0 0 0 421898092
0 0 0 0 421911564
0 0 0 0 421925048
0 0 0 0 421938516
0 0 0 0 421952004
0 0 0 0 421965488
0 0 0 0 421978952
0 0 0 0 421992440
0 0 0 0 422005916
0 0 0 0 422019388
0 0 0 0 422032856
0 0 0 0 422047516
0 0 0 0 422061004
0 0 0 0 422075688
0 0 0 0 422090364
0 0 0 0 422103840
0 0 0 0 422118516
0 0 0 0 422131988
0 0 0 0 422145472
0 0 0 0 422158956
0 0 0 0 422172444
0 0 0 0 422185924
0 0 0 0 422199416
0 0 0 0 422212888
0 0 0 0 422226380
0 0 0 0 422242224
0 0 0 0 422255724
0 0 0 0 422269208
0 0 0 0 422282688
0 0 0 0 422296176
0 0 0 0 422310832
0 0 0 0 422324320
0 0 0 0 422337792
0 0 0 0 422351288
0 0 0 0 422364784
0 0 0 0 422378252
0 0 0 0 422391736
1 39885 0 0 422405232
0 0 0 0 422419404
0 0 0 0 422434068
0 0 0 0 422447544
0 0 0 0 422462204
0 0 0 0 422475684
0 0 0 0 422489168
0 0 0 0 422502652
0 0 0 0 422517320
0 0 0 0 422531980
0 0 0 0 422545460
0 0 0 0 422560144
0 0 0 0 422573612
0 0 0 0 422588272
0 0 0 0 422602944
0 0 0 0 422616428
0 0 0 0 422631092
0 0 0 0 422644588
0 0 0 0 422658068
0 0 0 0 422671540
0 0 0 0 422685024
0 0 0 0 422698508
0 0 0 0 422712000
0 0 0 0 422725480
0 0 0 0 422738976
0 0 0 0 422752448
0 0 0 0 422765940
0 0 0 0 422779428
0 0 0 0 422792908
0 0 0 0 422808780
0 0 0 0 422822272
0 0 0 0 422836944
0 0 0 0 422852832
0 0 0 0 422868700
0 0 0 0 422883372
0 0 0 0 422896860
0 0 0 0 422910344
0 0 0 0 422923836
0 0 0 0 422937312
0 0 0 0 422950808
0 0 0 0 422964276
0 0 0 0 422977764
0 0 0 0 422991252
0 0 0 0 423004740
0 0 0 0 423018212
0 0 0 0 423031688
0 0 0 0 423045176
0 0 0 0 423058656
0 0 0 0 423072132
0 0 0 0 423085612
0 0 0 0 423099096
0 0 0 0 423113772
0 0 0 0 423127264
0 0 0 0 423140732
0 0 0 0 423154216
0 0 0 0 423167684
0 0 0 0 423181180
0 0 0 0 423194668
0 0 0 0 423208160
0 0 0 0 423221644
0 0 0 0 423235112
0 0 0 0 423248592
0 0 0 0 423262088
0 0 0 0 423275572
0 0 0 0 423289056
0 0 0 0 423302532
0 0 0 0 423316004
0 0 0 0 423329480
0 0 0 0 423342968
0 0 0 0 423356460
0 0 0 0 423372328
0 0 0 0 423385796
0 0 0 0 423400500
0 0 0 0 423416368
0 0 0 0 423431028
0 0 0 0 423444528
0 0 0 0 423458012
0 0 0 0 423471492
0 0 0 0 423484964
0 0 0 0 423498448
0 0 0 0 423511940
0 0 0 0 423525420
0 0 0 0 423538900
0 0 0 0 423552380
0 0 0 0 423565856
0 0 0 0 423579340
0 0 0 0 423592836
0 0 0 0 423607524
0 0 0 0 423622188
0 0 0 0 423635668
0 0 0 0 423649156
0 0 0 0 423662644
0 0 0 0 423677300
0 0 0 0 423690788
0 0 0 0 423705440
0 0 0 0 423720120
0 0 0 0 423733588
0 0 0 0 423748252
0 0 0 0 423761732
0 0 0 0 423775208
0 0 0 0 423788680
0 0 0 0 423802160
0 0 0 0 423815636
0 0 0 0 423829108
0 0 0 0 423842588
0 0 0 0 423856068
0 0 0 0 423869568
0 0 0 0 423883032
0 0 0 0 423896504
0 0 0 0 423909996
0 0 0 0 423924664
0 0 0 0 423938156
0 0 0 0 423951632
0 0 0 0 423965124
0 0 0 0 423978600
0 0 0 0 423992072
0 0 0 0 424005552
0 0 0 0 424019036
0 0 0 0 424032512
0 0 0 0 424045996
0 0 0 0 424059468
0 0 0 0 424072948
0 0 0 0 424086432
0 0 0 0 424099924
0 0 0 0 424113408
0 0 0 0 424126900
0 0 0 0 424140376
0 0 0 0 424153852
0 0 0 0 424167336
0 0 0 0 424181992
0 0 0 0 424195472
0 0 0 0 424208964
0 0 0 0 424222440
0 0 0 0 424235916
0 0 0 0 424249400
0 0 0 0 424262880
0 0 0 0 424276356
0 0 0 0 424289840
0 0 0 0 424303308
0 0 0 0 424316796
0 0 0 0 424330304
0 0 0 0 424343772
0 0 0 0 424357256
0 0 0 0 424370732
0 0 0 0 424384204
0 0 0 0 424397680
0 0 0 0 424411172
0 0 0 0 424424672
0 0 0 0 424440540
0 0 0 0 424454024
0 0 0 0 424468708
0 0 0 0 424484560
0 0 0 0 424499236
0 0 0 0 424512720
0 0 0 0 424526204
0 0 0 0 424539688
0 0 0 0 424553164
0 0 0 0 424566652
0 0 0 0 424580140
0 0 0 0 424593624
0 0 0 0 424607112
0 0 0 0 424620588
0 0 0 0 424634060
0 0 0 0 424647548
0 0 0 0 424661048
0 0 0 0 424675720
0 0 0 0 424690376
0 0 0 0 424703860
0 0 0 0 424718532
0 0 0 0 424732000
0 0 0 0 424746676
0 0 0 0 424761360
0 0 0 0 424774856
0 0 0 0 424789524
0 0 0 0 424803000
0 0 0 0 424816460
0 0 0 0 424829928
0 0 0 0 424843412
0 0 0 0 424856876
0 0 0 0 424870352
0 0 0 0 424883832
0 0 0 0 424897312
0 0 0 0 424910792
0 0 0 0 424924288
0 0 0 0 424937748
0 0 0 0 424951224
0 0 0 0 424964720
0 0 0 0 424978200
0 0 0 0 424991684
0 0 0 0 425005172
0 0 0 0 425019832
0 0 0 0 425033320
0 0 0 0 425046788
0 0 0 0 425060256
0 0 0 0 425073744
0 0 0 0 425087228
0 0 0 0 425100704
0 0 0 0 425114212
0 0 0 0 425127676
0 0 0 0 425141156
0 0 0 0 425154640
0 0 0 0 425168132
0 0 0 0 425181632
0 0 0 0 425195132
0 0 0 0 425208612
0 0 0 0 425223288
0 0 0 0 425237948
0 0 0 0 425251432
0 0 0 0 425266108
0 0 0 0 425279604
0 0 0 0 425294272
0 0 0 0 425308948
0 0 0 0 425322436
0 0 0 0 425337108
0 0 0 0 425350588
0 0 0 0 425364080
0 0 0 0 425377544
0 0 0 0 425391032
0 0 0 0 425404516
0 0 0 0 425418004
0 0 0 0 425431500
0 0 0 0 425444972
0 0 0 0 425458436
0 0 0 0 425471924
0 0 0 0 425487808
0 0 0 0 425501284
0 0 0 0 425514756
0 0 0 0 425528244
0 0 0 0 425541744
0 0 0 0 425555224
0 0 0 0 425569892
0 0 0 0 425585772
0 0 0 0 425600448
0 0 0 0 425613936
0 0 0 0 425627408
0 0 0 0 425640884
0 0 0 0 425654372
0 0 0 0 425667860
0 0 0 0 425681344
0 0 0 0 425694836
0 0 0 0 425708300
0 0 0 0 425721780
0 0 0 0 425735276
0 0 0 0 425749952
0 0 0 0 425764636
0 0 0 0 425778116
0 0 0 0 425791600
0 0 0 0 425805084
0 0 0 0 425819760
0 0 0 0 425833240
0 0 0 0 425846728
0 0 0 0 425860216
0 0 0 0 425873692
0 0 0 0 425887176
0 0 0 0 425900656
0 0 0 0 425914128
0 0 0 0 425927616
0 0 0 0 425941108
0 0 0 0 425954584
0 0 0 0 425968060
0 0 0 0 425981552
0 0 0 0 425995020
0 0 0 0 426008500
0 0 0 0 426021992
0 0 0 0 426035484
0 0 0 0 426051356
0 0 0 0 426064832
0 0 0 0 426079520
0 0 0 0 426095392
0 0 0 0 426110068
0 0 0 0 426123552
0 0 0 0 426137012
0 0 0 0 426150504
0 0 0 0 426163976
0 0 0 0 426177464
0 0 0 0 426190964
0 0 0 0 426204444
0 0 0 0 426217912
0 0 0 0 426231416
0 0 0 0 426244872
0 0 0 0 426258364
0 0 0 0 426271852
0 0 0 0 426286520
0 0 0 0 426301204
0 0 0 0 426314688
0 0 0 0 426328188
0 0 0 0 426341652
0 0 0 0 426355140
0 0 0 0 426368628
0 0 0 0 426383276
0 0 0 0 426396784
0 0 0 0 426410276
0 0 0 0 426423752
0 0 0 0 426437228
0 0 0 0 426450692
0 0 0 0 426464184
0 0 0 0 426477680
0 0 0 0 426491168
0 0 0 0 426504640
0 0 0 0 426518128
0 0 0 0 426531616
0 0 0 0 426545104
0 0 0 0 426558588
0 0 0 0 426572072
0 0 0 0 426587932
0 0 0 0 426601424
0 0 0 0 426616096
0 0 0 0 426631964
0 0 0 0 426646652
0 0 0 0 426660112
0 0 0 0 426673596
0 0 0 0 426687088
0 0 0 0 426700544
0 0 0 0 426714028
0 0 0 0 426727524
0 0 0 0 426741028
0 0 0 0 426754492
0 0 0 0 426767984
0 0 0 0 426781444
0 0 0 0 426794932
0 0 0 0 426808428
0 0 0 0 426821916
0 0 0 0 426835392
0 0 0 0 426850056
0 0 0 0 426864728
0 0 0 0 426878208
0 0 0 0 426892880
0 0 0 0 426906368
0 0 0 0 426921044
0 0 0 0 426935720
0 0 0 0 426949200
0 0 0 0 426963864
0 0 0 0 426977356
0 0 0 0 426990840
0 0 0 0 427004320
0 0 0 0 427017800
0 0 0 0 427031280
0 0 0 0 427044760
0 0 0 0 427058248
0 0 0 0 427071724
0 0 0 0 427085216
0 0 0 0 427098692
0 0 0 0 427112180
0 0 0 0 427125648
0 0 0 0 427141528
0 0 0 0 427155004
0 0 0 0 427169684
0 0 0 0 427185540
0 0 0 0 427200204
0 0 0 0 427213680
0 0 0 0 427227188
0 0 0 0 427240664
0 0 0 0 427254152
0 0 0 0 427267632
0 0 0 0 427281084
0 0 0 0 427294564
0 0 0 0 427308060
0 0 0 0 427321548
0 0 0 0 427335028
0 0 0 0 427348516
0 0 0 0 427361980
0 0 0 0 427375472
0 0 0 0 427388956
0 0 0 0 427403640
0 0 0 0 427418316
0 0 0 0 427431808
0 0 0 0 427446492
0 0 0 0 427459964
0 0 0 0 427474648
0 0 0 0 427489340
0 0 0 0 427502812
0 0 0 0 427517492
0 0 0 0 427530980
0 0 0 0 427544460
0 0 0 0 427557956
0 0 0 0 427571424
0 0 0 0 427584892
0 0 0 0 427598364
0 0 0 0 427611844
0 0 0 0 427625344
0 0 0 0 427641224
0 0 0 0 427654704
0 0 0 0 427668164
0 0 0 0 427681652
0 0 0 0 427695148
0 0 0 0 427708640
0 0 0 0 427723300
0 0 0 0 427739156
0 0 0 0 427753816
0 0 0 0 427767304
0 0 0 0 427780768
0 0 0 0 427794240
0 0 0 0 427807728
0 0 0 0 427821204
0 0 0 0 427834684
0 0 0 0 427848160
0 0 0 0 427861644
0 0 0 0 427875116
0 0 0 0 427888604
0 0 0 0 427902084
0 0 0 0 427915540
0 0 0 0 427929028
0 0 0 0 427942516
0 0 0 0 427957164
0 0 0 0 427970656
0 0 0 0 427985344
0 0 0 0 428000028
0 0 0 0 428013508
0 0 0 0 428028184
0 0 0 0 428042852
0 0 0 0 428056324
0 0 0 0 428071020
0 0 0 0 428084516
0 0 0 0 428097976
0 0 0 0 428111464
0 0 0 0 428124932
0 0 0 0 428138420
0 0 0 0 428151904
0 0 0 0 428165392
0 0 0 0 428178888
0 0 0 0 428192372
0 0 0 0 428205860
