1 9459 1 5190 69680788
1 5166 1 5115 69695556
1 5166 1 5190 69710320
1 5204 1 5152 69725100
1 5204 1 5115 69739864
1 9384 1 5190 69754636
1 5166 1 5190 69769416
1 5166 1 5190 69784196
1 5241 1 5115 69798964
1 5204 1 5190 69813740
1 5241 1 5190 69828504
1 5166 1 5190 69843280
1 5166 1 5190 69858064
1 5241 1 5190 69872836
1 5166 1 5152 69887608
1 5241 1 5152 69902352
1 5204 1 5246 69917116
1 5204 1 5246 69931888
1 5166 1 5208 69946660
1 5204 1 5171 69961424
1 5166 1 5171 69976200
1 5279 1 5171 69990964
1 5166 1 5208 70005724
1 5241 1 5208 70020496
1 5204 1 5171 70035256
1 5166 1 5171 70050032
1 5166 1 5171 70064808
1 5241 1 5171 70079584
1 5204 1 5208 70094360
1 5166 1 5208 70109124
1 5204 1 5208 70123900
1 5204 1 5171 70138656
1 5166 1 5171 70153428
1 5204 1 5171 70168200
1 5241 1 5171 70182980
1 5166 1 5171 70197764
1 5166 1 5208 70212540
1 5204 1 5208 70227316
1 5241 1 5171 70242100
1 5241 1 5208 70256880
1 5204 1 5171 70271652
1 5279 1 5246 70286444
1 5166 1 5208 70301200
1 5279 1 5246 70315968
1 5166 1 5246 70330744
1 5166 1 5171 70345504
1 5241 1 5171 70360280
1 5241 1 5171 70375044
1 5204 1 5133 70389808
1 5222 1 5133 70404588
1 5147 1 5133 70419328
1 5185 1 5171 70434092
1 5147 1 5096 70448856
1 5147 1 5171 70463624
1 5110 1 5096 70478388
1 9327 1 5171 70493136
1 5147 1 5171 70507904
1 5222 1 5133 70522672
1 5147 1 5133 70537452
1 5185 1 5133 70552232
1 5185 1 5171 70567020
1 5222 1 5171 70581784
1 5147 1 5171 70596552
1 5147 1 5133 70611324
1 5110 1 5208 70626080
1 5185 1 5133 70640860
1 5185 1 5133 70655632
1 5185 1 5133 70670404
1 5185 1 5208 70685192
1 5222 1 5208 70699940
1 5185 1 5208 70714712
1 5222 1 5171 70729488
1 5222 1 5171 70744264
1 5185 1 5208 70759036
1 5185 1 5208 70773804
1 5260 1 5171 70788572
1 5222 1 5171 70803344
1 5222 1 5171 70818116
1 5147 1 5031 70832892
1 5147 1 5133 70847668
1 5110 1 5133 70862440
1 5147 1 5133 70877204
1 5147 1 5133 70891964
1 5147 1 5171 70906740
1 5222 1 5115 70921528
1 5147 1 5190 70936296
1 5147 1 5152 70951084
1 5185 1 5152 70965840
1 5185 1 5152 70980628
1 5147 1 5152 70995400
1 5147 1 5115 71010164
1 5185 1 5190 71024932
1 5297 1 5115 71039708
1 5147 1 5152 71054468
1 5147 1 5190 71069240
1 5260 1 5190 71084000
1 9478 1 5152 71098768
1 5147 1 5190 71113552
1 5222 1 5152 71128336
1 5185 1 5152 71143104
1 5147 1 5190 71157880
1 5185 1 5190 71172628
1 5222 1 5227 71187400
1 9478 1 5152 71202160
1 5147 0 0 71216928
1 5185 1 5190 71231048
1 5222 1 5190 71245796
1 9440 1 5190 71260576
1 5072 1 5152 71275360
1 5147 1 5152 71290136
1 5147 1 5152 71304904
1 5185 1 5152 71319684
1 5185 1 5190 71334448
1 5147 1 5152 71349204
1 5147 1 5152 71363968
1 5185 1 5152 71378724
1 5147 1 5190 71393488
1 5129 1 5152 71408252
1 5166 1 5208 71423024
1 5204 1 5171 71437796
1 5129 1 5096 71452556
1 5091 1 5171 71467328
1 5166 1 5171 71482092
1 5654 1 5133 71496872
1 5166 1 5096 71511652
1 5129 1 5133 71526428
1 5166 1 5096 71541200
1 5616 1 5171 71555952
1 5204 1 5171 71570732
1 5129 1 5133 71585504
1 5166 1 5133 71600268
1 5166 1 5133 71615024
1 5204 1 5133 71629780
1 5204 1 5133 71644532
1 5091 1 5133 71659304
1 5166 1 5133 71674076
1 5091 1 5133 71688844
1 5166 1 5096 71703608
1 5129 1 5133 71718380
1 5204 1 5133 71733140
1 5064 1 5068 71747924
1 5166 1 5133 71762696
1 5091 1 5096 71777480
1 5204 1 5096 71792244
1 5129 1 5133 71807016
1 5166 1 5133 71821792
1 5166 1 5171 71836548
1 5129 1 5096 71851320
1 5166 1 5133 71866080
1 5064 1 5171 71880852
1 5166 1 5133 71895624
1 5091 1 5133 71910396
1 5129 1 5152 71925160
1 5166 1 5077 71939932
1 5129 1 5077 71954696
1 5129 1 5152 71969468
1 5129 1 5077 71984228
1 5204 1 5077 71997812
1 5129 1 5152 72012576
1 5129 1 5152 72027344
1 5129 1 5077 72042116
1 5129 1 5115 72056900
1 5129 1 5077 72071660
1 5091 1 5115 72086424
1 5091 1 5115 72101212
1 5204 1 5077 72115980
1 5166 1 5077 72130752
1 5129 1 5115 72145520
1 5091 1 5077 72160288
1 5091 1 5077 72175068
1 5129 1 5077 72189828
1 5064 1 5115 72204600
1 5091 1 5077 72219364
1 5129 1 5115 72234148
1 5166 1 5115 72248936
1 5091 1 5115 72263700
1 5129 1 5077 72278472
1 5129 1 5077 72293244
1 5579 1 5115 72308004
1 5129 1 5077 72322772
1 5129 1 5115 72337540
1 5166 1 5077 72352328
1 5166 1 5077 72367096
1 5129 1 5049 72381856
1 5064 1 5115 72396616
1 5204 1 5077 72411408
1 5166 1 5115 72426180
1 5166 1 5077 72440948
1 5129 1 5115 72455720
1 5091 1 5077 72470480
1 5129 1 5077 72485256
1 5129 1 5077 72500008
1 5091 1 5115 72514772
1 5129 1 5115 72529544
1 5129 1 5077 72544300
1 5129 1 5115 72559068
1 5616 1 5115 72573824
1 5579 1 5077 72588588
1 5166 1 5049 72603352
1 5129 1 5049 72618112
1 5091 1 5049 72632876
1 5166 1 5049 72647636
1 5026 1 5077 72662388
1 5166 1 5077 72677148
1 5129 1 5077 72691920
1 5026 1 5077 72706700
1 5091 1 5049 72721476
1 5129 1 5115 72736232
1 5541 1 5077 72750996
1 5064 1 5049 72765788
1 5129 1 5115 72780552
1 5064 1 5049 72795328
1 5091 1 5049 72810096
1 5091 1 5077 72824860
1 5166 1 5077 72839620
1 5579 1 5077 72854376
1 5129 1 5115 72869160
1 5166 1 5115 72883924
1 5129 1 5049 72898692
1 5045 1 5077 72913460
1 5045 1 5068 72928220
1 5110 1 5068 72942988
1 5110 1 5068 72957768
1 5110 1 5031 72972532
1 5110 1 5096 72987296
1 5045 1 5031 73002088
1 5110 1 5031 73016856
1 5110 1 5068 73031620
1 5072 1 4993 73046392
1 5007 1 4993 73061152
1 5072 1 5031 73075928
1 5072 1 5031 73090676
1 5007 1 5031 73105440
1 5045 1 5031 73120196
1 5045 1 5031 73134952
1 5007 1 4993 73149732
1 5007 1 5031 73164504
1 5110 1 4993 73179276
1 5045 1 4993 73194048
1 5072 1 4956 73208800
1 5007 1 5031 73223584
1 5072 1 4993 73238372
1 5045 1 4956 73253132
1 5007 1 4956 73267904
1 5007 1 5031 73282684
1 5007 1 4956 73297448
1 5007 1 5031 73312212
1 5007 1 4993 73326976
1 4970 1 4993 73341744
1 4970 1 4956 73356520
1 5007 1 5031 73371280
1 4970 1 5031 73386044
1 5007 1 4956 73400800
1 5045 1 4993 73415556
1 5045 1 5012 73430324
1 4970 1 4974 73445084
1 4932 1 5012 73459844
1 4970 1 4974 73474612
1 5007 1 5012 73489364
1 4970 1 4937 73504128
1 4932 1 4937 73518892
1 4970 1 4974 73533680
1 4970 1 4899 73548464
1 4932 1 4974 73563244
1 5007 1 4974 73578012
1 4970 1 4974 73592784
1 4895 1 4974 73607556
1 4932 1 4974 73622304
1 4932 1 4937 73637072
1 4970 1 4937 73651832
1 4970 1 4937 73666604
1 4932 1 4974 73681364
1 5448 1 4937 73696124
1 4932 1 4974 73710896
1 4932 1 4974 73725652
1 4970 1 4974 73740420
1 4857 1 4899 73755188
1 4895 1 4937 73769944
1 4970 1 4937 73784720
1 4932 1 4937 73799492
1 5007 1 4937 73814272
1 4970 1 4974 73829052
1 4857 1 4974 73843816
1 4932 1 4974 73858584
1 5485 1 4974 73873352
1 4970 1 4899 73888116
1 4932 1 4899 73902880
1 4951 1 4899 73917648
1 4876 1 4937 73932420
1 5429 1 4824 73947188
1 4951 1 4937 73961956
1 4989 1 4899 73976716
1 4989 1 5012 73991496
1 4951 1 4937 74006264
1 4913 1 4937 74021048
1 4989 1 4937 74035828
1 4951 1 4899 74050584
1 4951 1 4937 74065356
1 5026 1 4974 74080096
1 4951 1 4899 74094856
1 4913 1 4899 74109632
1 4951 1 4937 74124404
1 4951 1 4937 74139176
1 5354 1 4974 74153936
1 4951 1 4974 74168700
1 4951 1 4899 74183460
1 5026 1 4899 74198232
1 4951 1 4937 74212996
1 4951 1 4974 74227764
1 5026 1 4937 74242524
1 4876 1 4937 74257296
1 5026 1 4974 74272060
1 5466 1 4937 74286824
1 4989 1 4862 74301584
1 4989 0 0 74316336
1 4951 1 4937 74331632
1 4989 1 5012 74346396
1 4913 1 4899 74361176
1 4989 1 5012 74375944
1 4951 1 4899 74390724
1 4913 1 4899 74405492
1 4989 1 4899 74420276
1 4951 1 4974 74435040
1 4989 1 4862 74449804
1 4951 1 4937 74464588
1 4989 1 4974 74479344
1 4989 1 5012 74494112
1 4951 1 4937 74508896
1 4913 1 4937 74523668
1 4951 1 4937 74538440
1 4989 1 4899 74553196
1 4951 1 4974 74567972
1 4989 1 4937 74582748
1 4989 1 4899 74597512
1 4951 1 4974 74612272
1 4989 1 5012 74627036
1 5026 1 4974 74641816
1 4951 1 4937 74656596
1 4951 1 4974 74671372
1 4989 1 4974 74686132
1 5026 1 4937 74700916
1 4989 1 4937 74715684
1 4989 1 4974 74730448
1 5026 1 5012 74745204
1 4951 1 4937 74759976
1 4989 1 5012 74774752
1 5026 1 4937 74789520
1 4913 1 4937 74804288
1 5026 1 4937 74819060
1 5026 1 4899 74833812
1 4951 1 4862 74848584
1 4951 1 4937 74863344
1 4989 1 4937 74878120
1 4951 1 4974 74892900
1 4951 1 4937 74907660
1 5007 1 4937 74922432
1 4970 1 4974 74937208
1 4932 1 4862 74951980
1 4970 1 4974 74966748
1 4932 1 4937 74981520
1 4932 1 4937 74996288
1 4932 1 4899 75011040
1 4895 1 4974 75025804
1 4932 1 4937 75040548
1 4970 1 4899 75055316
1 4970 1 4974 75070092
1 4932 1 4937 75084852
1 5007 1 4899 75099608
1 4970 1 4937 75114376
1 4970 1 4974 75129144
1 4970 1 4974 75143904
1 4932 1 4974 75158688
1 4970 1 4937 75173448
1 5007 1 4899 75188208
1 4932 1 4974 75202980
1 4970 1 4899 75217744
1 4970 1 4937 75232520
0 0 1 4937 75247304
1 4932 1 4937 75261420
1 4895 1 4937 75276180
1 4970 1 4974 75290952
1 4932 1 4899 75305720
1 5007 1 4937 75320500
1 4970 1 4937 75335276
1 4932 1 4899 75350036
1 4970 1 4974 75364804
1 4970 1 4974 75379560
1 4970 1 4937 75394320
1 4895 1 4974 75409092
1 4989 1 4974 75423856
1 4913 1 4918 75438628
1 4989 1 4918 75453396
1 4989 1 4993 75468168
1 5026 1 4993 75482936
1 4989 1 4956 75497708
1 4989 1 4993 75512484
1 4989 1 4993 75527272
1 5026 1 4993 75542036
1 4913 1 4956 75556804
1 4951 1 4993 75571580
1 4989 1 4993 75586336
1 4989 1 4918 75601112
1 4989 1 4993 75615872
1 5026 1 4918 75630640
1 4989 1 4993 75645412
1 4876 1 4956 75660184
1 5026 1 4956 75674932
1 5026 1 4956 75689704
1 4913 1 4918 75704464
1 4951 1 4956 75719220
1 4989 1 4993 75733964
1 4951 1 4918 75748720
1 4951 1 4956 75763484
1 4989 1 4956 75778260
1 5466 1 4993 75793020
1 4913 1 4993 75807788
1 4951 1 5031 75822560
0 0 1 4993 75837340
1 5064 1 4918 75852628
1 4951 1 4993 75867376
1 4951 1 4956 75882148
1 4951 1 4993 75896924
1 4951 1 4993 75911688
1 4989 1 4993 75926460
1 5026 1 4937 75941240
1 4989 1 4899 75956000
1 4989 1 4974 75970780
1 5026 1 4974 75985560
1 5026 1 4974 76000336
1 4989 1 4937 76015100
1 5064 1 4974 76029864
1 4989 1 5012 76044636
1 4989 1 4937 76059400
1 4989 1 4974 76074172
1 5026 1 4974 76088968
1 5026 1 4899 76103724
1 4951 1 5012 76118496
1 4989 1 4937 76133248
1 5026 1 4937 76148016
1 4951 1 4937 76162780
1 4951 1 4974 76177572
1 4951 1 4937 76192340
1 5026 1 4937 76207116
1 4989 1 4899 76221884
1 5026 1 4937 76236644
1 4951 1 4937 76251412
1 4951 1 4974 76266192
1 5026 1 5012 76280956
1 4989 1 4974 76295728
1 4913 1 4974 76310480
1 5026 1 4937 76325256
1 4989 1 4974 76340008
1 4989 1 4937 76354784
1 5064 1 4974 76369540
1 4989 1 4974 76384308
1 4989 1 5012 76399084
1 5026 1 4937 76413844
1 5007 1 4974 76428596
1 4970 1 4974 76443356
1 4970 1 4937 76458128
1 4970 1 4937 76472900
1 5072 1 4974 76487648
1 5007 1 4937 76502432
1 4932 1 5012 76517200
1 5007 1 4974 76531976
1 4970 1 4974 76546756
1 5007 1 4937 76561528
1 5007 1 4974 76576284
1 4970 1 4937 76591052
1 4932 1 4862 76605824
1 4970 1 4937 76620592
1 5007 1 4937 76635356
1 5007 1 4899 76650128
1 4932 1 4937 76664884
1 4970 1 4937 76679656
1 4970 1 4974 76694424
1 4932 1 4937 76709204
1 4970 1 4937 76723968
1 5007 1 4974 76738744
1 4970 1 4862 76753520
1 4932 1 4937 76768272
1 5007 1 4974 76783040
1 5007 1 4974 76797808
1 4970 1 4974 76812592
1 5007 1 4937 76827356
1 4970 1 4974 76842120
1 4932 1 4899 76856900
1 4970 1 4937 76871656
1 5045 1 5012 76886436
1 4970 1 5012 76900028
1 4970 1 4974 76914796
1 4989 1 5012 76929560
1 5026 1 4974 76944328
1 4951 1 4974 76959096
1 4989 1 4974 76973864
1 4951 1 5012 76988632
1 5026 1 4937 77003404
1 4989 1 4937 77018156
1 4913 1 4937 77032916
1 4951 1 4974 77047680
1 4876 1 4974 77062460
1 4951 1 4937 77077224
1 4913 1 4974 77092004
1 4913 1 4937 77106780
1 4989 1 4974 77121556
1 4951 1 5012 77136328
1 4913 1 4937 77151080
1 4913 1 4974 77165848
1 4913 1 5012 77180628
1 4989 1 5012 77195392
1 4876 1 4937 77210164
1 4913 1 4974 77224920
1 4989 1 4974 77239680
1 4989 1 4899 77254452
1 4951 1 4974 77269212
1 4989 1 5012 77283984
1 4989 1 4974 77298752
1 4951 1 4974 77313524
1 4951 1 4937 77328300
1 4951 1 4974 77343076
1 4951 1 4974 77357844
1 5026 1 4974 77372624
1 4989 1 4974 77387384
1 5064 1 4974 77402152
1 4951 1 4974 77416932
1 4970 1 5012 77431700
1 5007 1 5012 77446484
1 4932 1 4974 77461252
1 4932 1 4937 77476028
1 4970 1 4974 77490804
1 4932 1 4899 77505580
1 4970 1 4974 77520344
1 5007 1 4974 77535116
1 5007 1 4937 77549896
1 5007 1 4974 77564672
1 4970 1 5012 77579452
1 4970 1 4974 77594228
1 5007 1 4937 77608992
1 4970 1 4974 77623764
1 4932 1 4974 77638524
1 5007 1 4937 77653296
1 4970 1 4974 77668052
1 5007 1 4974 77682820
1 5007 1 4937 77697588
1 4970 1 4974 77712348
1 5007 1 4937 77727120
1 5045 1 4974 77741892
1 5007 1 5012 77756656
1 5045 1 5012 77771456
1 5045 1 4974 77786216
1 5007 1 4974 77800984
1 4970 1 4974 77815752
1 5007 1 4974 77830520
1 4970 1 5012 77845284
1 5007 1 4974 77860052
1 5007 1 4974 77874824
1 5045 1 5012 77889612
1 4970 1 4974 77904368
1 4970 1 4974 77919120
1 5007 1 5012 77933904
1 5007 1 4974 77948652
1 4970 1 4974 77963436
1 5045 1 4974 77978208
1 4970 1 5012 77992976
1 4970 1 4974 78007744
1 4970 1 4974 78022500
1 4932 1 4974 78037268
1 4970 1 4974 78052040
1 4932 1 4974 78066812
1 4970 1 4974 78081588
1 4970 1 4937 78096344
1 4970 1 4974 78111100
1 4970 1 4974 78125864
1 5007 1 4974 78140624
1 5007 1 4974 78155400
1 4932 1 4974 78170168
1 5007 1 5012 78184916
1 5007 1 4937 78199680
1 4970 1 4974 78214444
1 5007 1 4974 78229208
1 5045 1 5012 78243972
1 4970 1 5012 78258732
1 4970 1 4974 78273496
1 5007 1 4974 78288276
0 0 1 4937 78303040
1 5007 1 4974 78317132
1 5007 1 5012 78331912
1 5007 1 4974 78346676
1 4932 1 4937 78361452
1 4932 1 4974 78376216
1 4932 1 5012 78390988
1 4932 1 4974 78405748
1 4932 1 4974 78420508
1 4951 1 4974 78435272
1 4989 1 4918 78450052
1 4951 1 4918 78464808
1 4989 1 4956 78479584
1 4989 1 4993 78494344
1 4951 1 4881 78509132
1 4989 1 4956 78523888
1 4989 1 4956 78538664
1 4913 1 4956 78553448
1 4913 1 4956 78568208
1 5026 1 4918 78582976
1 4989 1 4956 78597756
1 4913 1 4918 78612524
1 4913 1 5068 78627292
1 5026 1 4993 78642068
1 4989 1 4993 78656828
1 4951 1 4956 78671584
1 4951 1 4956 78686376
1 5026 1 4956 78701156
1 4951 1 4956 78715940
1 5026 1 4993 78730712
1 4876 1 4993 78745472
1 4989 1 4918 78760248
1 4989 1 4956 78774992
1 4989 1 4956 78789760
1 4876 1 4956 78804540
1 4951 1 4956 78819296
1 4913 1 4956 78834076
1 4913 1 4881 78848856
1 4951 1 4918 78863632
1 4951 1 4956 78878412
1 5026 1 4918 78893188
1 4913 1 4918 78907952
1 4913 1 4993 78922720
1 4951 1 4956 78937488
1 4989 1 4956 78952260
1 4951 1 4918 78967036
1 5026 1 4956 78981812
1 4951 1 4956 78996596
1 4989 1 4956 79011368
1 4913 1 4956 79026120
1 4989 1 4956 79040904
1 4913 1 4881 79055668
1 4913 1 4993 79070448
1 4951 1 4993 79085208
1 4951 1 4956 79099984
1 5026 1 4918 79114768
1 4951 1 4956 79129544
1 4989 1 4993 79144308
1 4989 1 4956 79159084
1 4913 1 4956 79173840
1 4951 1 4993 79188624
1 5026 1 4993 79203376
1 4989 1 4956 79218140
1 4989 1 4993 79232924
1 4989 1 4918 79247700
1 4951 1 4956 79262464
1 4951 1 4956 79277256
1 4951 0 0 79292024
1 4951 1 4956 79306112
1 4989 1 4918 79320864
1 4951 1 4956 79335624
1 4951 1 4918 79350396
1 4951 1 4881 79365164
1 4951 1 4918 79379924
1 4951 1 4956 79394680
1 4951 1 4993 79409460
1 4989 1 4956 79424220
1 4970 1 4918 79438984
1 5007 1 4956 79453752
1 4970 1 4956 79468512
1 4932 1 4956 79483280
1 4970 1 4918 79498036
1 5072 1 4956 79512812
1 5007 1 4956 79527580
1 4970 1 4956 79542364
1 4970 1 4956 79557128
1 4932 1 4993 79571896
1 4970 1 4993 79586680
1 5007 1 4993 79601444
1 4932 1 4918 79616208
1 5007 1 4956 79630972
1 4970 1 4956 79645744
1 4932 1 4956 79660512
1 5007 1 4956 79675280
1 5007 1 4956 79690060
1 4932 1 4918 79704836
1 4970 1 4918 79719608
1 5007 1 4956 79734388
1 5007 1 4918 79749152
1 5007 1 4956 79763920
1 4970 1 4956 79778684
1 5007 1 4993 79793460
1 4932 1 4956 79808224
1 4970 1 4956 79823016
1 4970 1 4956 79837796
1 5072 1 4956 79852576
1 5007 1 4918 79867352
1 4970 1 4993 79882116
1 5007 1 4956 79896888
1 4970 1 4956 79911656
1 5045 1 4993 79926448
1 5045 1 4918 79941224
1 5007 1 4956 79955992
1 5007 1 4956 79970764
1 5045 1 4956 79985536
1 5007 1 4956 80000308
1 5110 1 4956 80015064
1 5007 1 4956 80029824
1 5045 1 4956 80044580
1 4932 1 4993 80059332
1 5007 1 4956 80074096
1 5007 1 4993 80088868
1 4932 1 4918 80103636
1 4970 1 4956 80118412
1 4970 1 4956 80133176
1 5045 1 4918 80147952
1 4970 1 4956 80162724
1 4932 1 4956 80177496
1 5007 1 4956 80192272
1 5007 1 4956 80207044
1 4932 1 4956 80221816
1 5007 1 4956 80236584
1 4932 1 4956 80251348
1 5072 1 4956 80266104
1 4932 1 4956 80280876
1 5007 1 4993 80295648
1 4932 1 4993 80310432
1 4970 1 4956 80325200
1 5045 1 4993 80339980
1 5007 1 4956 80354760
1 5007 1 4956 80369520
1 5007 1 4956 80384296
1 5045 1 4993 80399056
1 5007 1 4918 80413828
1 4932 1 4993 80428596
1 4989 1 4956 80443352
1 5026 1 4956 80458120
1 4951 1 4993 80472888
1 4989 1 4956 80487664
1 5026 1 4956 80502440
1 4989 1 4956 80517220
1 4951 1 4993 80531984
1 5026 1 4956 80546752
1 4951 1 4956 80561528
1 4951 1 4956 80576292
1 4989 1 4956 80591064
1 4951 1 4956 80605832
1 4951 1 4956 80620596
1 4989 1 4956 80635372
1 4951 1 4956 80650124
1 4989 1 4881 80664908
1 4989 1 4956 80679664
1 4989 1 4956 80694440
1 4989 1 4956 80709204
1 4951 1 4918 80723984
1 4989 1 4918 80738756
1 4913 1 4956 80753516
1 5064 1 4956 80768280
1 5064 1 4956 80783056
1 4989 1 4918 80797828
1 4989 1 4956 80812580
1 4913 1 4881 80827348
1 4951 1 4956 80842120
1 5026 1 4956 80856884
1 4951 1 4918 80871660
1 5026 1 4956 80886452
1 4989 1 4918 80901220
1 4951 1 4918 80915996
1 4989 1 4956 80930764
1 5026 1 4956 80945536
1 4989 1 4956 80960304
1 4951 1 4956 80975084
1 4913 1 4956 80989860
1 4913 1 4956 81004644
1 4989 1 4956 81019404
1 4913 1 4918 81034176
1 4989 1 4956 81048952
1 4913 1 4956 81063720
1 4913 1 4956 81078488
1 4951 1 4956 81093260
1 4876 1 4993 81108028
1 4989 1 4918 81122792
1 4913 1 4918 81137576
1 4951 1 4956 81152356
1 4913 1 4956 81167120
1 4989 1 4956 81181884
1 4951 1 4918 81196656
1 4876 1 4918 81211428
1 4951 1 4956 81226192
1 4951 1 4956 81240964
1 4951 1 4881 81255732
1 4951 1 4918 81270492
1 4951 1 4918 81285272
1 4951 1 4956 81300020
1 4951 1 4918 81314800
1 4951 1 4956 81329576
1 4951 1 4918 81344340
1 4951 1 4956 81359124
1 4989 1 4918 81373908
1 4951 1 4956 81388680
1 4989 1 4918 81403444
1 5026 1 4918 81418204
1 4989 1 4956 81432976
1 5045 1 4918 81447736
1 4932 1 4974 81462508
1 4932 1 4937 81477288
1 4932 1 4974 81492064
1 4970 1 4974 81506836
1 4970 1 4937 81521616
1 4895 1 4937 81536384
1 4932 1 4937 81551148
1 4970 1 4899 81565936
1 4970 1 4899 81580708
1 4970 1 5012 81595484
1 4970 1 4974 81610248
1 4932 1 4937 81625032
1 4970 1 4937 81639796
1 4970 1 4937 81654560
1 4970 1 4937 81669320
1 4970 1 4974 81684084
1 5045 1 4974 81698856
1 5007 1 4974 81713628
1 4970 1 4974 81728384
1 5045 1 5012 81743156
1 4970 1 5012 81757936
1 4970 1 4974 81772700
1 5007 1 4974 81787468
1 4970 1 4899 81802232
1 5007 1 4937 81817008
1 5007 1 4974 81831776
1 5007 1 4974 81846548
1 4970 1 4974 81861320
1 5007 1 4974 81876092
1 8034 1 5012 81890872
1 5007 1 4899 81905620
1 5045 1 4937 81920384
1 5007 1 4974 81935140
1 5072 1 4937 81949912
1 4970 1 4974 81964680
1 4932 1 4974 81979444
1 5007 1 5012 81994204
1 5007 1 4937 82008968
1 4970 1 5012 82023724
1 4970 1 4974 82038484
1 4970 1 4974 82053248
1 5007 1 4937 82068012
1 4932 1 4937 82082764
1 5045 1 4974 82097536
1 4970 1 4974 82112288
1 5045 1 4974 82127056
1 5007 1 5012 82141828
1 4970 1 5012 82156592
1 5007 1 4974 82171356
1 4970 1 4974 82186112
1 5072 1 5012 82200876
1 5045 1 4974 82215636
1 5007 1 4974 82230404
1 4970 1 4974 82245168
1 5007 1 4974 82259924
1 4970 1 4974 82274692
1 5007 1 5012 82289444
1 4970 1 4937 82304212
1 4970 1 4974 82318984
1 4970 1 4974 82333744
1 5007 1 4937 82348520
1 4970 1 4974 82363280
1 4970 1 4974 82378056
1 4970 1 4974 82392820
1 4970 1 4974 82407604
1 5007 1 4974 82422376
1 4970 1 4937 82437140
1 5026 1 4974 82451904
1 4989 1 4918 82466676
1 4951 1 4956 82481452
1 4951 1 4993 82496216
1 4913 1 4956 82510976
1 4951 1 4918 82525736
1 4989 1 4918 82540496
1 5026 1 4956 82555256
1 4989 1 4993 82570016
1 4989 1 4956 82584788
1 5026 1 4956 82599560
1 5026 1 4956 82614328
1 4989 1 4918 82629092
1 4989 1 4993 82643860
1 5026 1 4956 82658644
1 4951 1 4956 82673416
1 4951 1 4956 82688188
1 4989 1 4956 82702960
1 4951 1 4918 82717728
1 5391 1 4956 82732496
1 4989 1 4918 82747260
1 5026 1 4956 82762040
1 4989 1 4993 82776796
1 4913 1 4918 82791560
1 4876 1 4956 82806320
1 4989 1 4918 82821068
1 4913 0 0 82835840
1 4989 1 4918 82849944
1 4913 1 4918 82864700
1 4913 0 0 82879456
1 4951 1 4918 82894752
1 4913 1 4918 82909500
1 4989 1 4918 82924264
1 4913 1 4881 82939048
1 4970 1 4918 82953812
1 4895 1 4899 82968572
1 4970 1 4974 82983340
1 4932 1 4937 82998108
1 4932 1 4974 83012876
1 4970 1 4937 83027656
1 5007 1 4937 83042420
1 4932 1 4937 83057192
1 5007 1 4937 83071948
1 5007 1 4974 83086720
1 4970 1 4974 83101484
1 4970 1 4937 83116244
1 5007 1 4974 83131016
1 5007 1 5012 83145776
1 4932 1 4974 83160548
1 5045 1 4974 83175312
1 5007 1 4974 83190088
1 4932 1 4974 83204856
1 4970 1 4937 83219636
1 4932 1 4937 83234404
1 5007 1 4862 83249176
1 5007 1 4937 83263940
1 4895 1 4937 83278696
1 4970 1 4937 83293488
1 4970 1 4937 83308248
1 4932 1 4937 83323016
1 4970 1 4974 83337780
0 0 1 4937 83352540
1 4932 1 4937 83367824
1 4970 1 4937 83382604
1 4970 1 4974 83397364
1 4932 1 4899 83412132
1 4970 1 4899 83426888
1 5007 1 4937 83441648
1 4989 1 4974 83456420
1 4951 1 4937 83471192
1 5026 1 5012 83485980
1 5064 1 4974 83500756
1 5026 1 4974 83515532
1 5026 1 4937 83530304
1 4989 1 4974 83545056
1 4989 1 4974 83559828
1 4989 1 4937 83574596
1 5026 1 4974 83589372
1 4951 1 4899 83604152
1 4989 1 4974 83618920
1 5064 1 4974 83633688
1 4989 1 4937 83648448
1 4989 1 4974 83663220
1 4989 1 4974 83677984
1 4951 1 4974 83692772
1 4951 1 4974 83707548
1 5026 1 4937 83722344
1 5026 1 4974 83737108
1 5026 1 4974 83751872
1 5064 1 4937 83766652
1 4989 1 4974 83781404
1 4989 1 4974 83796176
1 5026 1 4974 83810944
1 5026 1 4974 83825692
1 5064 1 4974 83840468
1 5064 1 4937 83855220
1 4989 1 4974 83869968
1 5026 1 5012 83884760
1 5064 1 4974 83899520
1 5026 1 4937 83914288
1 5064 1 4974 83929040
1 5026 1 4937 83943808
1 4970 1 4937 83958572
1 4970 1 4937 83973348
1 5007 1 4937 83988128
1 5007 1 4974 84002908
1 5045 1 5012 84017672
1 5045 1 4974 84032424
1 5045 1 4937 84047192
1 5045 1 4937 84061964
0 0 1 4974 84076736
1 4970 1 5012 84092016
1 5045 1 5012 84106796
1 5007 1 4974 84121552
1 4970 1 4937 84136332
1 4970 1 5012 84151096
1 5007 1 4974 84165872
1 4970 1 4974 84180640
1 5045 1 4937 84195424
1 5007 1 4974 84210200
1 5007 1 4937 84224968
1 5007 1 4974 84239744
1 4970 1 4974 84254516
1 5045 1 4974 84269292
0 0 1 4937 84284068
1 5045 1 4937 84299360
1 4970 1 5012 84314136
1 4970 1 4974 84328908
1 5007 1 4974 84343664
1 4970 1 5049 84358448
1 5045 1 4937 84373212
1 5045 1 4974 84387972
1 5007 0 0 84402736
1 5072 1 4974 84416840
1 4970 1 5012 84431592
1 4970 1 4974 84446352
1 5026 1 5012 84461124
1 5026 1 4956 84475888
1 4989 1 4993 84490664
1 4951 1 4918 84505436
1 5026 1 4956 84520220
1 4989 1 4993 84534988
1 5064 1 4881 84549764
1 4951 1 4918 84564528
1 4989 0 0 84579288
1 4989 1 4956 84594580
1 4951 1 4956 84609352
1 4951 1 4918 84624108
1 4951 1 4993 84638876
1 4951 1 4918 84653632
1 4989 1 4918 84668396
1 4989 1 4956 84683188
1 4989 1 4956 84697952
1 4951 1 4918 84712736
1 4951 1 4918 84727504
1 4951 1 4993 84742276
1 4951 1 4918 84757044
1 4951 1 4993 84771796
1 5026 1 4956 84786576
1 5026 1 4956 84801340
1 5026 1 4956 84816120
1 4989 1 4918 84830892
1 4989 1 4956 84845680
1 4951 1 4993 84860452
1 4951 1 4956 84875216
1 4989 1 4993 84889988
1 4989 1 4918 84904748
1 4951 1 4956 84919528
1 4989 1 4956 84934292
1 4989 1 4956 84949084
1 4989 1 4956 84963872
1 5026 1 4974 84978628
1 5026 1 4974 84993400
1 4951 1 5012 85008152
1 5026 1 4937 85022928
1 4989 1 4974 85037688
1 4989 1 4937 85052440
1 5026 1 4937 85067208
1 4913 1 4974 85081976
1 4951 1 4899 85096748
1 4913 1 4899 85111520
1 5129 1 4937 85126288
1 4913 1 4937 85141064
1 4951 1 4937 85155836
1 4989 1 4937 85170608
1 4951 0 0 85185380
1 4951 1 4899 85199500
1 5026 1 4937 85214256
1 5026 1 4937 85229028
1 4989 1 4974 85243792
1 4989 1 4974 85258572
1 4989 1 4974 85273344
1 5026 1 4974 85288116
1 5026 0 0 85302888
1 4989 1 4974 85316996
1 4989 1 4937 85331748
1 4951 1 4937 85346520
1 4951 1 4974 85361288
1 4989 1 4974 85376044
1 5026 1 4974 85390828
1 4989 1 4974 85405592
1 5064 1 5012 85420360
1 4989 1 4974 85435132
1 4989 1 4862 85449916
1 4989 1 4937 85464684
1 4989 1 4899 85479456
1 4989 1 4899 85494232
1 4989 1 4899 85508992
1 4989 1 4937 85523756
1 4989 1 4899 85538524
1 5026 1 4937 85553304
1 4989 1 4937 85568076
1 4951 1 4937 85582860
1 4989 1 4862 85597628
1 4989 1 4899 85612396
1 4989 1 4899 85627160
1 5026 1 5012 85641932
1 4989 1 4937 85656704
1 5064 1 5012 85671472
1 5026 1 4974 85686236
1 5064 1 4937 85701008
1 5064 1 4974 85715772
1 5026 1 4937 85730520
1 5026 1 4974 85745288
1 5026 1 5012 85760052
1 5026 1 4974 85774828
1 5064 1 5012 85789604
1 4989 1 4974 85804380
1 5064 1 4974 85819156
1 5026 1 4974 85833924
1 5026 1 4937 85848692
1 5026 1 5012 85863468
1 5064 1 5012 85878236
1 5026 1 4974 85893000
1 4989 1 4974 85907784
1 5026 1 4974 85922560
1 4951 1 4974 85937344
1 5064 1 4974 85952120
1 4989 1 5012 85966892
1 4989 1 4956 85981664
1 4913 1 4956 85996440
1 4989 1 4956 86011224
1 4989 1 4956 86025996
1 4989 1 4956 86040764
1 4913 1 4956 86055536
1 5026 1 4956 86070312
1 4951 1 4918 86085068
1 5026 1 4956 86099832
1 5026 1 4993 86114604
1 5064 1 4918 86129376
1 5026 1 4956 86144144
1 4951 1 4956 86158916
1 5026 1 4956 86173692
1 5026 1 4956 86188464
1 5026 1 4993 86203240
1 4989 1 4956 86218016
1 4989 1 4956 86232776
1 5026 1 4956 86247548
1 5026 1 4993 86262312
1 4951 1 4918 86277072
1 4989 1 4956 86291840
1 4989 1 4993 86306596
1 5064 1 4918 86321360
1 4989 1 4993 86336128
1 5064 1 4993 86350896
1 4989 1 4956 86365668
1 5026 1 4918 86380436
1 5064 1 4956 86395216
1 4989 1 4956 86409992
1 5026 1 4956 86424764
1 4989 1 4956 86439544
1 4989 1 4956 86454316
1 5026 1 4956 86469084
1 4951 1 4956 86483844
1 4989 1 4918 86498612
1 4989 1 4993 86513372
1 4989 1 4918 86528144
1 5026 1 4956 86542908
1 4989 1 4956 86557668
1 5026 1 4956 86572436
1 4989 1 4956 86587216
1 4989 1 4956 86602004
1 4951 1 4993 86616776
1 5026 1 4993 86631544
1 4989 1 4956 86646316
1 5064 1 4956 86661072
1 4989 1 4993 86675840
1 4989 1 4956 86690600
1 4989 1 4918 86705372
1 4989 1 4956 86720136
1 4989 1 4918 86734896
1 4989 1 4956 86749668
1 4989 1 4993 86764432
1 4951 1 4881 86779208
1 4913 1 4918 86793976
1 4989 1 4918 86808752
1 5026 1 4956 86823532
1 4913 1 4918 86838292
1 4951 1 4956 86853048
1 4989 1 4993 86867828
1 4989 1 4918 86882596
1 4989 1 4956 86897364
1 4951 1 4956 86912140
1 4989 1 4956 86926900
1 4913 1 4956 86941656
1 4913 1 4918 86956436
1 5007 1 4918 86971192
1 5007 1 4956 86985964
1 5007 1 4956 87000748
1 5007 1 4956 87015524
1 5045 1 4918 87030300
1 5045 1 4993 87045068
1 4970 1 4956 87059824
1 5007 1 4993 87074596
1 5007 1 4956 87089368
1 5007 1 4918 87104128
1 5045 1 4956 87118896
1 5045 1 4918 87133664
1 5045 1 4918 87148424
1 5007 1 4956 87163204
1 5007 1 4956 87177960
1 4970 1 4956 87192728
1 4932 1 4956 87207496
1 5007 1 4918 87222248
1 4932 1 4956 87237016
1 4970 1 4881 87251776
1 5007 1 4956 87266544
1 5007 1 4918 87281340
1 4970 1 4918 87296108
1 4970 1 4918 87310880
1 4932 1 4918 87325644
1 4970 1 4956 87340416
1 4970 1 4956 87355192
1 4970 1 4956 87369968
1 4932 1 4918 87384740
1 4932 1 4881 87399524
1 5045 1 4918 87414288
1 4970 1 4881 87429056
1 4932 1 4956 87443824
1 5007 1 4956 87458584
1 5007 1 4956 87473360
1 5007 1 4974 87488116
1 5007 1 4974 87502868
1 4970 1 4974 87517648
1 5007 1 4974 87532412
1 4970 1 4974 87547180
1 4932 1 4974 87561952
1 5007 1 5012 87576736
1 5007 1 5012 87591508
1 5007 1 4899 87606268
1 5007 1 4937 87621040
1 5007 1 4937 87635812
1 5007 1 4899 87650580
1 5007 1 4974 87665352
1 5007 1 4974 87680132
1 4970 1 5012 87694896
1 5007 1 4974 87709648
1 5007 1 4937 87724424
1 5007 1 4974 87739180
1 4970 1 4937 87753960
1 5007 1 5012 87768720
1 5045 1 4937 87783484
1 5007 1 4899 87798252
1 5007 1 4937 87813016
1 5007 1 5012 87827788
1 5007 1 5012 87842564
1 4970 1 4974 87857332
1 4970 1 4974 87872108
1 5045 1 4974 87886864
1 5072 1 4974 87901636
1 5007 1 5012 87916400
1 4970 1 4937 87931172
1 4932 1 4974 87945944
1 4932 1 4974 87960700
1 4989 1 4974 87975468
1 4951 1 4918 87990236
1 4951 1 4956 88005000
1 4951 1 4993 88019756
1 4989 0 0 88034540
1 5026 1 4956 88049836
1 5026 1 4956 88064584
1 4913 1 4956 88079340
1 4951 1 4956 88094112
1 4913 1 4918 88108884
1 4951 1 4918 88123656
1 4989 1 4956 88138436
1 4951 1 4956 88153212
1 5026 1 4956 88167972
1 4951 1 4956 88182740
1 4951 1 4956 88197508
1 4951 1 4956 88212252
1 4989 1 4956 88227032
1 4951 1 4956 88241792
1 4989 1 4993 88256560
1 4989 1 4993 88271332
1 5064 1 4956 88286100
1 5026 1 4881 88300876
1 4951 1 4956 88315648
1 4951 1 4993 88330424
1 4913 1 4956 88345200
1 4989 1 4956 88359956
1 4989 1 4956 88374724
1 4951 1 4956 88389488
1 4951 1 4956 88404260
1 4989 1 4918 88419024
1 4989 1 4918 88433796
1 5026 1 4956 88448556
1 5026 1 4956 88463320
1 4989 1 4993 88478068
1 4951 1 4895 88492844
1 4989 1 4932 88507620
1 4989 1 4970 88522384
1 4913 1 4895 88537156
1 4989 1 4932 88551928
1 4989 1 4932 88566692
1 5026 1 4970 88581480
1 4989 1 4895 88596248
1 4989 1 4932 88611024
1 4913 1 4895 88625792
1 4989 1 4895 88640552
1 4913 1 4895 88655316
1 4951 1 4895 88670092
1 4989 1 4895 88684856
1 4989 1 4895 88699624
1 4913 1 4895 88714392
1 4989 1 4932 88729152
1 4989 1 4857 88743908
1 4951 1 4970 88758672
1 4989 1 4970 88773444
1 4989 1 4895 88788240
1 5466 1 4895 88803000
1 4989 1 4895 88817764
1 4951 1 4932 88832532
1 4989 1 4970 88847296
1 4951 1 4932 88862072
1 4989 1 4895 88876836
1 4951 1 4932 88891628
1 4913 1 4932 88906400
1 5026 1 4895 88921172
1 5026 1 4857 88935960
1 4913 1 4932 88950724
1 4951 1 4895 88965492
1 4951 1 4932 88980256
1 4951 1 4918 88995028
1 4951 1 4918 89009800
1 4989 1 4881 89024564
1 5026 1 4918 89039320
1 4876 1 4881 89054084
1 4951 1 4881 89068848
1 4913 1 4881 89083608
1 4913 1 4881 89098380
1 4913 1 4918 89113136
0 0 1 4918 89127892
1 4951 1 4881 89142004
1 4913 1 4956 89156772
1 4951 1 4956 89171556
1 4951 1 4918 89186320
1 4876 1 4918 89201088
1 4989 1 4843 89215860
1 4913 1 4918 89230632
1 4989 1 4918 89245404
1 4989 1 4918 89260184
1 4951 1 4918 89274952
1 5026 1 4918 89289704
1 4951 1 4918 89304480
1 4951 1 4918 89319252
1 4989 1 4918 89334036
1 4989 1 4881 89348816
1 4989 0 0 89363584
1 5429 1 4956 89378896
1 4951 1 4881 89393652
1 4951 1 4956 89408412
1 4989 1 4918 89423192
1 4989 1 4881 89437964
1 4951 1 4918 89452744
1 4913 1 4956 89467516
1 4951 1 4918 89482292
1 4989 1 4899 89497072
1 4989 1 4974 89511836
1 4951 1 4937 89526612
1 4913 1 4974 89541372
1 4989 1 4937 89556148
1 5026 1 4899 89570924
1 4951 1 4937 89585680
1 4989 1 4937 89600452
1 4989 1 4974 89615220
1 4951 1 4937 89629996
1 4913 1 4937 89644756
1 4989 1 4974 89659532
1 5064 1 4937 89674296
1 5064 1 4937 89689060
1 5026 1 4899 89703820
1 5026 1 4974 89718588
1 5026 1 4974 89733360
1 4989 1 4937 89748136
1 4951 1 4937 89762916
1 5026 1 4974 89777692
1 4951 1 4974 89792448
1 4989 1 4974 89807224
1 5026 1 4937 89821976
1 5504 1 4937 89836752
1 5026 1 4974 89851524
1 4989 1 4974 89866288
1 4951 1 4974 89881052
1 4989 1 4937 89895820
1 4951 1 4937 89910600
1 4989 1 4974 89925388
1 5064 1 4899 89940160
1 4989 1 4899 89954932
1 4951 1 4937 89969708
1 4989 1 4937 89984472
1 4951 1 4918 89999236
1 4913 1 4993 90014008
1 4989 1 4956 90028776
1 4951 1 4881 90043544
1 4951 1 4881 90058308
1 4951 1 4993 90073068
1 4989 1 4918 90087844
1 4951 1 4956 90102604
1 4951 1 4956 90117384
1 4989 1 4956 90132156
1 4989 1 4918 90146920
1 4951 1 4918 90161696
1 4989 1 4956 90176452
1 4989 1 4918 90191216
1 4913 1 4956 90205984
1 4989 1 4956 90220756
1 4951 1 4956 90235528
1 4989 1 4918 90250300
1 5064 1 4956 90265072
1 5026 1 4956 90279832
1 4989 1 4956 90294612
0 0 1 4918 90309396
1 4989 1 4918 90324700
1 4989 1 4881 90339480
1 4913 1 4918 90354240
1 4989 1 4881 90369012
1 4951 1 4956 90383780
1 4951 1 4918 90398572
1 4951 1 4918 90413336
1 4951 1 4918 90428104
1 4989 1 4881 90442876
1 4951 1 4956 90457648
1 4913 1 4956 90472408
1 4970 1 4918 90487204
1 4895 1 4843 90501972
1 4970 1 4956 90516760
0 0 1 4956 90531528
1 4970 1 4881 90545640
1 4970 1 4993 90560408
1 4970 1 4956 90575180
1 5045 1 4843 90589960
1 4970 1 4918 90604740
1 5045 1 4881 90619508
1 5007 1 4956 90634272
1 4895 1 4843 90649044
1 4970 1 4918 90663804
1 5007 1 4956 90678584
1 4970 1 4881 90693336
1 4970 1 4918 90708108
1 4970 1 4918 90722876
1 5007 1 4918 90737648
1 4970 1 4881 90752400
1 4970 1 4918 90767160
1 5007 1 4918 90781912
1 4932 1 4881 90796684
1 4895 1 4956 90811444
1 4970 1 4843 90826212
1 4970 1 4881 90840976
1 4932 1 4918 90855736
1 4895 1 4881 90870496
1 4932 1 4918 90885272
1 4895 1 4881 90900044
1 4970 1 4918 90914804
1 4970 1 4918 90929588
1 4970 1 4918 90943184
1 5007 1 4881 90957952
1 4932 1 4918 90972720
1 4989 1 4918 90987484
1 4989 1 4918 91002272
1 5026 1 4881 91017048
1 4989 1 4956 91031832
1 4989 1 4843 91046608
1 4989 1 4881 91061376
1 5026 1 4881 91076152
1 4989 1 4843 91090924
1 4951 1 4881 91105712
1 4951 1 4956 91120488
1 4913 1 4918 91135264
1 4989 1 4956 91150044
1 4913 1 4918 91164812
1 4989 1 4956 91179568
1 4989 1 4881 91194320
1 4989 1 4918 91209104
1 5026 1 4918 91223864
1 4989 1 4918 91238644
1 4989 1 4918 91253400
1 5064 1 4881 91268176
1 4989 1 4956 91282940
1 4951 1 4843 91297732
1 4989 1 4956 91312500
1 4989 1 4918 91327260
1 4951 1 4918 91342036
1 4951 1 4918 91356788
1 4989 1 4881 91371536
1 4951 1 4881 91386304
1 4989 1 4881 91401068
1 4989 1 4918 91415824
1 4989 1 4881 91430612
1 4989 1 4918 91445376
1 4951 1 4881 91460144
1 4951 1 4956 91474900
1 4970 1 4956 91489664
1 4932 1 4918 91504440
1 5007 1 4956 91519216
1 4932 1 4881 91533984
1 4895 1 4918 91548768
1 4970 1 4918 91563536
1 4970 1 4956 91578300
1 4970 1 4918 91593084
1 4932 1 4956 91607844
1 4932 1 4918 91622620
1 4970 1 4918 91637388
1 4970 1 4881 91652148
1 4970 1 4881 91666908
1 4932 1 4918 91681672
1 5007 1 4881 91696444
1 4970 1 4881 91711228
1 4932 1 4918 91726000
1 4895 1 4918 91740780
1 4932 1 4918 91755540
1 4932 1 4956 91770312
1 4932 1 4918 91785084
1 4895 1 4843 91799856
1 5448 1 4918 91814616
1 4932 1 4956 91829376
1 4970 1 4881 91844144
1 4932 1 4918 91858896
1 5007 1 4918 91873664
1 5007 1 4918 91888428
1 4932 1 4956 91903216
1 5007 1 4881 91918004
1 4970 1 4956 91932788
1 5007 1 4881 91947568
1 4970 1 4918 91962328
1 5045 1 4993 91977084
1 4951 1 4918 91991856
1 4951 1 4918 92006624
1 4989 0 0 92021392
1 4913 1 4956 92036684
1 4913 1 4881 92050260
1 4989 1 4956 92065044
1 5026 1 4956 92079824
1 4913 1 4918 92094596
1 4951 1 4918 92109360
1 4989 1 4956 92124124
1 4989 1 4881 92138916
1 4913 1 4918 92153672
1 4989 1 4918 92168448
1 4838 1 4956 92183232
1 4989 1 4843 92197992
1 4989 1 4918 92212776
1 4951 1 4956 92227528
1 4989 1 4881 92242316
1 4951 1 4956 92257088
1 4989 1 4918 92271860
1 4989 1 4956 92286636
1 4913 1 4881 92301420
1 4951 1 4956 92316184
1 5026 1 4956 92330952
1 5026 1 4918 92345728
1 4913 1 4918 92360492
1 4989 1 4918 92375264
1 4951 1 4993 92390028
1 4989 1 4956 92404784
1 5026 1 4918 92419568
1 4951 1 4956 92434320
1 5026 1 4918 92449104
1 5064 1 4918 92463872
1 4989 1 4956 92478648
1 4989 1 4918 92493432
1 4951 1 4956 92508192
1 4951 1 4956 92522964
1 5026 1 4956 92537740
1 4951 1 4918 92552512
1 4951 1 4881 92567276
1 4989 1 4993 92582040
1 5026 1 4881 92596796
1 4951 1 4956 92611556
1 4989 1 4918 92626320
1 4989 1 4881 92641080
1 4913 1 4918 92655868
1 4989 1 4881 92670640
1 4951 1 4918 92685416
1 5026 1 4918 92700180
1 4989 1 4956 92714952
1 4951 1 4956 92729732
1 4989 1 4918 92744488
1 4951 1 4956 92759256
1 4951 1 4956 92774036
1 5026 1 4956 92788784
1 4951 1 4918 92803572
1 4989 1 4918 92818340
1 4989 1 4918 92833112
1 4989 1 4918 92847884
1 4989 1 4881 92862648
1 4951 1 4918 92877424
1 4989 1 4956 92892192
1 4951 1 4956 92906952
1 4951 1 4956 92921720
1 5466 1 4881 92936492
1 4951 1 4993 92951256
1 4989 1 4956 92966032
1 4989 1 4918 92980784
1 4970 1 4881 92995536
1 4932 1 4881 93010312
1 4970 1 4956 93025060
1 5007 1 4918 93039832
1 4932 1 4918 93054596
1 4970 1 4881 93069368
1 5007 1 4956 93084136
1 5045 1 4881 93098888
1 4970 1 4881 93113656
1 5045 1 4956 93128428
1 4970 1 4956 93143192
1 4932 1 4918 93157968
1 5007 1 4881 93172728
1 5007 1 4918 93187504
1 4970 1 4918 93202284
1 5045 1 4881 93217048
1 4970 1 4956 93231816
1 5007 1 4881 93246592
1 4970 1 4918 93261352
1 5007 1 4956 93276120
1 4970 1 4918 93290892
1 4932 1 4918 93305660
1 5045 1 4918 93320436
1 5045 1 4956 93335204
1 5007 1 4881 93349976
1 5007 1 4918 93364760
1 5045 1 4956 93379516
1 5007 1 4918 93394304
1 4932 1 4956 93409064
1 5045 1 4918 93423828
1 5072 1 4918 93438600
1 4895 1 4918 93453372
1 4970 1 4918 93468140
1 4970 1 4918 93482908
1 5045 1 4843 93497672
1 5007 1 4899 93512440
1 5045 1 4937 93527204
1 4970 1 4974 93541988
1 5007 1 4937 93556756
1 5007 1 4974 93571536
1 5007 1 4937 93586296
1 4970 1 4937 93601080
1 5007 1 4974 93615840
1 5007 1 4974 93630612
1 5045 1 4974 93645376
1 4970 1 4937 93660148
1 4970 1 4974 93674932
1 5007 1 4937 93689696
1 4932 1 4974 93704460
1 5007 1 4974 93719252
1 4970 1 4974 93734012
1 5045 1 4937 93748784
1 4970 1 4974 93763536
1 5007 1 4974 93778304
1 5045 1 4974 93793076
1 4932 1 4974 93807856
1 5007 1 5012 93822632
1 5007 1 5012 93837428
1 5007 1 4974 93852184
1 5007 1 4974 93866956
1 5007 1 4974 93881728
1 4970 1 4974 93896480
1 5045 1 4937 93911256
1 4970 1 4974 93926016
1 5007 1 4937 93940780
1 4932 1 4937 93955556
1 5007 1 5012 93970312
1 5007 1 4974 93985084
1 4951 1 4937 93999844
1 4989 1 4918 94014628
1 4951 1 4993 94029396
1 5064 1 4956 94044156
1 4989 1 4956 94058944
1 4989 1 4993 94073716
1 5026 1 4993 94088492
1 4989 1 4956 94103268
1 4989 0 0 94118044
1 4989 1 4993 94132128
1 4989 1 4956 94146904
1 4989 1 4918 94161672
1 4989 1 4918 94176448
1 4989 1 4993 94191220
1 4951 1 4956 94205984
1 5026 1 4956 94220756
1 5026 1 4993 94235524
1 5064 1 4993 94250296
1 4951 1 4993 94265052
1 5026 1 4993 94279816
1 4989 1 4956 94294580
1 4913 1 4956 94309336
1 4951 1 4956 94324100
1 4989 1 4956 94338864
1 4989 1 4956 94353644
1 5026 1 4956 94368412
1 4989 0 0 94383188
1 4951 1 4843 94397280
1 4876 1 4993 94412044
1 5091 1 4956 94426816
1 4989 1 4956 94441596
1 4951 1 4956 94456372
1 5026 1 4993 94471140
1 4989 1 4993 94485908
1 4989 1 4918 94500676
1 4989 1 4993 94515452
1 5064 1 4956 94530228
1 4951 1 4956 94545000
1 4951 1 4956 94559764
1 5026 1 4993 94574536
1 5026 1 4993 94589300
1 4951 1 4956 94604052
1 4989 1 4956 94618840
1 4989 1 4993 94633596
1 4989 1 4918 94648368
1 4951 1 4956 94663124
1 4951 1 4956 94677888
1 4989 1 4993 94692660
1 4951 1 4993 94707420
1 4951 1 4993 94722200
1 4989 1 4993 94736972
1 4951 1 4918 94751736
1 4951 1 4993 94766516
1 4989 1 4956 94781284
1 4989 1 4956 94796056
1 4913 1 4881 94810824
1 4989 1 4956 94825596
1 4989 1 4956 94840356
1 4989 1 4918 94855124
1 4989 1 4918 94869888
1 4951 1 4956 94884652
1 4989 1 4881 94899420
1 4989 1 4956 94914200
1 4989 1 4918 94928952
1 4913 0 0 94943708
1 4951 1 4956 94957808
1 4989 1 4956 94972576
1 4989 1 4956 94987364
1 5026 1 4918 95002136
1 4913 1 4974 95016904
1 4989 1 4937 95031668
1 5026 1 4974 95046424
1 4989 1 4937 95061204
1 4951 1 5012 95075968
1 5026 1 4974 95090740
1 4951 1 4937 95105504
1 5026 1 4974 95120264
1 4876 1 4974 95135032
1 4951 1 4974 95149792
1 4989 1 4937 95164572
1 4913 1 4974 95179336
1 4913 1 4937 95194108
1 4913 1 4937 95208896
1 4951 1 4937 95223668
1 4951 1 4974 95238444
1 4951 1 4937 95253212
1 4913 1 4899 95267972
1 5466 1 4862 95282736
1 4951 1 4937 95297500
1 4951 1 4937 95312272
1 4913 1 4974 95327056
1 4951 1 4974 95341812
1 4951 1 4899 95356592
1 4876 1 4937 95371368
1 4989 1 4937 95386132
1 4989 1 4937 95400896
1 5466 1 4974 95415660
1 5466 1 4974 95430424
1 4913 1 4974 95445212
1 4913 1 4899 95459980
1 4951 1 4974 95474748
1 4989 1 5012 95489524
1 4970 1 4899 95504288
1 5007 1 4937 95519076
1 4970 1 5012 95533856
1 4932 1 4937 95548628
1 5007 1 4974 95563408
1 5007 1 4974 95578172
1 5045 1 5012 95592936
1 4932 1 4937 95607712
1 5485 1 4974 95622488
1 5007 1 4974 95637248
1 4970 1 4899 95652036
1 4970 1 4937 95666800
1 4970 1 4937 95681576
1 5045 1 4899 95696348
1 5448 1 4974 95711104
1 4970 1 4974 95725880
1 4970 1 4899 95740636
1 4970 1 4974 95755420
1 5007 1 4974 95770196
1 4970 1 4937 95784948
1 4970 1 4937 95799732
1 4970 1 4937 95814504
1 5007 1 4974 95829268
1 5007 1 5012 95844056
1 4970 1 4974 95858816
1 5045 1 4937 95873580
1 5007 1 5012 95888340
1 5045 1 4899 95903104
1 5007 1 4974 95917872
1 4932 1 4974 95932648
1 5007 1 4974 95947400
1 4970 1 4937 95962168
1 5007 1 4974 95976920
1 4970 1 4937 95991688
1 4951 1 4899 96006464
1 4951 1 4956 96021220
1 4989 1 4956 96036016
1 4989 1 4956 96050784
1 4951 1 4956 96065564
1 4951 1 4956 96080340
1 4989 1 4918 96095096
1 4951 1 4956 96109860
1 4951 1 4918 96124632
1 4989 1 4956 96139400
1 4951 1 4881 96154168
1 5026 1 4918 96168920
1 4951 1 4956 96183684
1 5026 1 4881 96198452
1 4989 1 4956 96213220
1 5026 1 4918 96227996
1 5026 1 4918 96242784
1 4989 1 4956 96257552
1 4951 1 4881 96272316
1 4989 1 4956 96287092
1 5064 1 4956 96301864
1 4951 1 4918 96316632
1 4951 1 4918 96331396
1 5026 1 4956 96346164
1 4951 1 4918 96360944
1 4951 1 4956 96375700
1 5026 1 4993 96390480
1 4951 1 4918 96405244
1 4951 1 4993 96420028
1 4951 1 4993 96434800
1 5026 1 4881 96449576
1 4951 1 4956 96464344
1 5026 1 4993 96479120
1 5026 1 4993 96493896
1 4951 1 4918 96508668
1 4951 1 4932 96523436
1 4989 1 4895 96538208
1 4951 1 4932 96552992
1 5026 1 4970 96567760
1 4989 1 4932 96582536
1 5026 1 4857 96597308
1 4913 1 4895 96612064
1 4951 1 4932 96626860
1 4989 1 4895 96641624
1 4989 1 4895 96656396
1 5026 1 4895 96671176
1 5026 1 4895 96685944
1 4989 1 4857 96700696
0 0 1 4895 96715480
1 5026 1 4970 96730780
1 4989 1 4970 96745548
1 4989 1 4932 96760328
1 4951 1 4895 96775100
1 5026 1 4932 96789884
1 4989 1 4857 96804636
1 4951 1 4895 96819416
1 4989 1 4932 96834180
1 5026 1 4857 96848940
1 5026 1 4895 96863720
1 4989 1 4895 96878484
1 4989 1 4932 96893244
1 4989 1 4932 96907996
1 4989 1 4932 96922764
1 5026 1 4932 96937520
1 4989 1 4895 96952276
1 4913 1 4932 96967040
1 4989 1 4857 96981812
1 4989 1 4857 96996596
1 4989 1 4895 97011360
1 5026 1 4974 97026128
1 4989 1 4937 97040880
1 4989 1 4899 97055648
1 5026 1 4899 97070416
1 4989 1 4937 97085180
1 5064 1 4937 97099964
1 4951 1 4937 97114732
1 5026 1 4974 97129492
1 4989 1 4974 97144260
1 5026 1 4937 97159016
1 4989 1 4974 97173776
1 5064 1 4937 97188552
1 5064 1 4974 97203328
1 5026 1 4974 97218100
1 5091 1 4974 97232848
1 5064 1 4937 97247612
1 5026 1 4974 97262376
1 5026 1 4974 97277144
1 5064 1 4974 97291908
1 5026 1 4937 97306668
1 5064 1 4899 97321444
1 5064 1 5012 97336208
1 5026 1 4937 97350992
1 5026 1 5012 97365756
1 5026 1 5012 97380544
1 5026 1 4974 97395312
1 5026 1 4937 97410076
1 5064 1 4937 97424844
1 4989 1 4937 97439604
1 4989 1 4937 97454384
1 4989 1 4974 97469144
1 4989 1 4937 97483908
1 5064 1 4937 97498684
1 5007 1 4937 97513444
1 5007 1 4881 97528220
1 5007 1 4956 97543004
1 5007 1 4881 97557784
1 5045 1 4956 97572556
1 5007 1 4956 97587332
1 5045 1 4918 97602100
1 4970 1 4956 97616864
1 5007 1 4956 97631612
1 5045 1 4918 97646368
1 5045 1 4918 97661144
1 5007 1 4993 97675916
1 5072 1 4956 97690692
1 4970 1 4956 97705452
1 5045 1 4956 97720220
1 5045 1 4956 97735008
1 5045 1 4956 97749768
1 4970 1 4918 97764548
1 5007 1 4881 97779316
1 4970 1 4956 97794088
1 5045 1 4956 97808872
1 5007 1 4956 97823636
1 5072 1 4956 97838416
1 5007 1 4918 97853200
1 5007 1 4918 97867972
1 4970 1 4956 97882740
1 5072 1 4918 97897504
1 4970 1 4956 97912272
1 4970 1 4956 97927052
1 5007 1 4993 97941820
1 5045 1 4956 97956592
1 5045 1 4956 97971376
1 5045 1 4956 97986136
1 5045 1 4918 98000908
1 4989 1 4956 98015676
1 5026 1 4956 98030448
1 4989 1 4956 98045232
1 5026 1 4956 98059996
1 4989 1 4993 98074764
1 4989 1 4956 98089528
1 4989 1 4956 98104272
1 4989 1 4956 98119052
1 4989 1 4956 98133824
1 4989 1 4918 98148600
1 5026 1 4956 98163376
1 5026 1 4956 98178144
1 5026 1 4956 98192912
1 5466 1 4993 98207692
1 4989 1 4956 98222456
1 5026 1 5031 98237220
1 4989 1 4956 98251996
1 4989 1 4918 98266760
1 5026 1 4956 98281536
1 5026 1 4956 98296304
1 4989 1 4956 98311076
1 5026 1 4956 98325860
1 5026 1 4993 98340624
1 4989 1 4918 98355396
1 4989 1 4956 98370172
1 4951 1 4993 98384948
1 4989 1 4918 98399716
1 4951 1 4918 98414480
1 4989 1 4956 98429236
1 5026 1 4918 98444008
1 5026 1 4918 98458768
1 4951 1 4956 98473532
1 5026 1 4956 98488300
1 4989 1 4956 98503076
1 5003 1 4956 98517852
1 5003 1 4956 98532628
1 4928 1 4956 98547408
1 4965 1 4956 98562168
1 4928 1 4956 98576944
1 5040 0 0 98591692
1 4928 1 4956 98605792
1 5003 1 4881 98620560
1 5003 1 4956 98635328
1 5003 1 4956 98648912
1 4965 1 4956 98663688
1 5003 1 5031 98678476
1 4965 1 4993 98693244
1 4965 1 4918 98708024
1 4965 1 4956 98722772
1 4928 1 4918 98737536
1 4965 1 4918 98752308
1 4965 1 4918 98767084
1 5003 1 4956 98781852
1 4928 1 4956 98796648
1 4928 1 4918 98811408
1 4965 1 4956 98826184
1 5040 1 4956 98840948
1 4928 1 4918 98855708
1 4928 1 4956 98870480
1 4965 1 4956 98885244
1 4928 1 4881 98900012
1 4965 1 4881 98914784
1 4965 1 4993 98929544
1 4965 1 4881 98944316
1 4965 1 4956 98959080
1 4965 1 4956 98973864
1 5003 1 4918 98988620
1 4965 1 4918 99003384
1 4970 1 4956 99018160
1 5045 1 4918 99032940
1 5045 1 4918 99047704
1 4895 1 4956 99062484
1 5007 1 4956 99077256
1 5045 1 4993 99092024
1 5045 0 0 99106796
1 4970 1 4918 99122092
1 5007 1 4993 99136868
1 5045 1 4956 99151636
1 5007 1 4956 99166404
1 5045 1 4956 99181172
1 5007 1 4956 99195944
1 4970 1 4843 99210716
1 5007 1 4956 99225488
1 5007 1 4881 99240248
1 4970 1 4881 99255004
1 5045 1 4918 99269776
1 5045 1 4956 99284536
1 4970 1 4881 99299292
1 5007 1 4956 99314060
1 4970 1 4956 99328832
1 4970 1 4918 99343624
1 4932 1 4956 99358404
1 5007 1 4918 99373180
1 5007 1 4993 99387952
1 5045 1 4881 99402712
1 5007 1 4918 99417488
1 5007 1 4956 99432264
1 5007 1 4918 99447040
1 4970 1 4918 99461824
1 5045 1 4918 99476596
1 4970 1 4993 99491360
1 5007 1 4881 99506112
1 5007 1 4881 99520888
1 5045 1 4956 99535656
1 5072 1 4956 99550416
1 5045 1 4956 99565192
1 4970 1 4918 99579960
1 5007 1 4993 99594732
1 5045 1 4918 99609484
1 4970 1 4993 99624256
1 5007 1 4993 99639012
1 5007 1 4918 99653784
1 5007 1 4918 99668552
1 4970 1 4918 99683312
1 5007 1 4918 99698088
1 5007 1 4956 99712868
1 5007 1 4956 99727632
1 5045 1 4956 99742420
1 4970 1 4956 99757188
1 5007 1 4993 99771960
1 5007 1 4956 99786712
1 5007 1 4993 99801496
1 5072 1 4918 99816260
1 5045 1 4993 99831040
1 5007 1 4956 99845824
1 5072 1 4993 99860604
1 4970 1 4956 99875364
1 5072 1 4993 99890124
1 5045 1 5031 99904884
1 5007 1 4918 99919640
1 5072 1 4956 99934420
1 5072 1 4993 99949188
1 5045 1 4956 99963948
1 5072 1 4956 99978720
1 5045 1 4956 99993476
1 5045 1 5031 100008248
1 5064 1 4993 100023052
1 5026 1 4918 100037868
1 5064 1 4956 100052676
1 5026 1 4956 100067476
1 5026 1 4956 100082284
1 5026 1 4956 100097084
1 4989 1 4918 100111892
1 4989 1 4993 100126692
1 5064 1 4993 100141500
1 5091 1 4956 100156308
1 4951 1 4918 100171120
1 4989 1 4956 100185912
1 4951 1 4993 100200716
1 4951 1 4918 100215528
1 5026 1 4918 100230332
1 5026 1 4956 100245148
1 4951 1 4956 100259944
1 5026 1 4956 100274752
1 4989 1 4956 100289556
1 4989 1 4956 100304360
1 4989 1 4918 100319168
1 4989 1 4956 100333984
1 4989 1 4956 100348812
1 5026 1 4918 100363608
1 4989 1 4956 100378420
1 5026 1 4956 100393216
1 4989 1 4993 100408044
1 5026 1 4918 100422848
1 5026 1 4993 100437660
1 5064 1 4956 100452456
1 5026 1 4956 100467260
1 5026 1 4993 100482064
1 5064 1 4956 100496876
1 4951 1 4993 100511668
1 4989 1 4956 100526464
1 4951 1 4918 100541264
1 4989 1 4956 100556076
1 4989 1 4956 100570888
1 5064 1 4956 100585700
1 4951 1 4993 100600504
1 5026 1 4956 100615320
1 4989 1 4956 100630120
1 5026 1 4918 100644924
1 4989 1 4956 100659728
1 4951 1 4993 100674544
1 5026 1 4918 100689352
1 4989 1 4956 100704152
1 5064 1 4918 100718964
1 5026 1 4993 100733768
1 5026 1 4956 100748580
1 4989 1 4956 100763392
1 4951 1 4956 100778200
1 4989 1 4993 100793008
1 4913 1 4993 100807804
1 4951 1 4956 100822612
1 4951 1 4993 100836224
1 5026 1 4918 100851036
1 4951 1 4918 100865856
1 5064 1 4918 100880664
1 4989 1 4956 100895472
1 5026 1 5031 100910272
1 5026 1 4956 100925088
1 4989 1 4956 100939892
1 4951 1 4918 100954696
1 5026 1 4918 100969508
1 4989 1 4956 100984308
1 4989 1 4881 100999108
1 4989 1 4956 101013916
1 5485 1 4918 101027552
1 5045 1 4956 101042356
1 5007 1 4956 101057172
1 4970 1 4918 101071964
1 4970 1 4881 101086768
1 5007 1 4918 101101576
1 5045 1 4918 101116396
1 4970 1 4956 101131204
1 5007 1 4918 101146016
1 5007 1 4993 101160816
1 4970 1 4993 101175616
1 5045 1 4956 101190428
1 4970 1 4956 101205236
1 5072 1 4956 101220044
1 5045 1 4993 101234856
1 5045 1 4956 101249644
1 5045 1 4993 101264448
1 5007 1 4956 101279260
1 5045 1 4918 101294068
1 5007 1 4956 101308860
1 5007 1 4956 101323672
1 5045 1 4993 101338476
1 4970 1 4956 101353288
1 5007 1 4918 101368092
1 5045 1 4993 101382908
1 5045 1 4918 101397700
1 5045 1 4956 101412508
1 4970 1 4956 101427312
1 5045 1 4993 101442116
1 4970 1 4956 101456920
1 5072 1 4918 101471724
1 5045 1 4956 101486532
1 5045 1 4881 101501340
1 5045 1 4956 101516156
1 5045 1 4956 101530948
1 5045 1 4956 101545752
1 4970 1 4993 101560556
1 4970 1 4918 101575364
1 5007 1 4918 101590164
1 4970 1 4956 101604960
1 5045 1 4993 101619776
1 5007 1 4956 101634576
1 5072 1 4918 101649384
1 5045 1 4918 101664192
1 4970 1 4956 101679000
1 5007 1 4956 101693828
1 5045 1 4918 101708632
1 5045 1 4956 101723460
1 5007 1 4956 101738260
1 5007 1 4956 101753068
1 5045 1 4881 101767864
1 4932 1 4956 101782676
1 5007 1 4956 101797476
1 5045 1 4993 101812280
1 5045 1 4993 101827084
1 5072 1 4993 101841884
1 5007 1 4918 101856688
1 5007 1 4956 101871496
1 5045 1 4956 101886300
1 5007 1 4956 101901100
1 4970 1 5031 101915912
1 5007 1 4956 101929532
1 5007 1 4956 101944340
1 5007 1 4918 101959156
1 5007 1 4918 101973956
1 4970 1 4993 101988776
1 5045 1 4956 102003580
1 5007 1 4918 102018384
1 4989 1 4918 102033204
1 5064 1 4956 102048016
1 5026 1 5031 102062832
1 4989 1 5031 102077636
1 5026 1 4993 102092448
1 4989 1 4956 102107248
1 4989 1 4956 102120868
1 5026 1 4993 102135660
1 5026 1 4993 102150464
1 4989 1 4956 102165264
1 5026 1 4993 102180080
1 5026 1 4956 102194888
1 5026 1 4993 102209696
1 4951 1 4993 102224504
1 5504 1 4956 102239296
1 4951 1 4993 102254104
1 5091 1 4956 102268900
1 4989 1 4956 102283712
1 5026 1 4956 102298528
1 4989 1 4956 102313332
1 4951 1 4918 102328148
1 4989 1 4918 102342944
1 4951 1 4956 102357764
1 4951 1 4956 102372572
1 5026 1 4956 102387380
1 5026 1 4993 102401020
1 4989 1 4918 102415820
1 4951 1 4918 102430620
1 5064 1 4993 102445420
1 5026 1 4993 102460216
1 5026 1 4881 102475024
1 5064 1 5031 102489832
1 4989 1 4993 102504632
1 5026 1 4918 102519444
1 5026 1 4956 102534228
1 4989 1 4956 102549032
1 5026 1 4918 102563824
1 5064 1 4956 102578644
1 5026 1 4993 102593456
1 5064 1 4956 102608276
1 5026 1 4918 102623092
1 5064 1 4993 102637900
1 5026 1 4918 102652716
1 5064 1 4918 102667524
1 5026 1 4918 102682328
1 4989 1 4956 102697132
1 4989 1 4956 102711948
1 4989 1 4956 102726744
1 4989 1 4956 102741540
1 4989 1 4918 102756336
1 4989 1 4918 102771144
1 4989 1 4881 102785960
1 4989 1 4956 102800764
1 5026 1 4956 102815564
1 4989 1 4956 102830372
1 4989 1 4918 102845180
1 4951 1 4918 102859984
1 4951 1 4881 102874804
1 4951 1 4881 102889616
1 4989 1 4881 102904428
1 4951 1 4918 102919232
1 4989 1 4918 102934040
1 5026 1 4918 102948836
0 0 1 4881 102963632
1 4951 1 4956 102977780
1 4951 1 4993 102992616
1 5026 1 4956 103007424
1 4989 1 4881 103022228
1 5045 1 4993 103037028
1 5072 1 4918 103051848
1 5072 1 4993 103066656
1 5007 1 4993 103081468
1 5072 1 4918 103096276
1 5007 1 4993 103111084
1 4970 1 4918 103125892
1 5045 1 4993 103140696
1 4970 1 4918 103155508
1 5007 1 4918 103170312
1 4970 1 4956 103185124
1 5007 1 4918 103199924
1 5045 1 4956 103214736
1 5007 1 4956 103229532
1 4970 1 4918 103244332
1 5007 1 4956 103259132
1 5007 1 4918 103273940
1 4970 1 4956 103288740
1 4970 1 4918 103303568
1 5007 1 4918 103318372
1 5007 1 4956 103333180
1 5045 1 4918 103347984
1 4970 1 4918 103362796
1 5007 1 4956 103377612
1 5045 1 4956 103392408
1 5007 1 4918 103407200
1 5007 1 4918 103422000
1 5045 1 4956 103436812
1 4970 1 4956 103451608
1 4970 1 4956 103466420
1 5072 1 4918 103480040
1 5007 1 4956 103494840
1 5007 1 4918 103509660
1 5110 1 4918 103524456
1 4989 1 4956 103538072
1 5064 1 4956 103552860
1 4989 1 4956 103567676
1 4989 1 4993 103582480
1 4951 1 4956 103597292
1 4951 1 4956 103612108
1 4989 1 4956 103626912
1 5064 1 4918 103641716
1 5026 1 4956 103656516
1 5064 1 4918 103671320
1 4989 1 4956 103686124
1 5026 1 4956 103700940
1 5026 1 4956 103715732
1 5026 1 4918 103730540
1 4989 1 4956 103745352
1 4951 1 4956 103760152
1 5064 1 4956 103774960
1 4989 1 4956 103789780
1 4951 1 4956 103804584
1 5026 1 4956 103819388
1 5026 1 4918 103834192
1 5064 1 4956 103849008
1 5026 1 4956 103863812
1 5064 1 4918 103878628
1 5026 1 4993 103893428
1 5026 1 4993 103908224
1 5064 1 4918 103923024
1 5026 1 4956 103937832
1 5026 1 4956 103952644
1 5026 1 4956 103967452
1 5026 1 4956 103982268
1 5064 1 4956 103997076
1 5064 1 4956 104011876
1 5064 1 4956 104025500
1 5068 1 4993 104040324
1 4965 1 4918 104055128
1 5003 1 4993 104069940
1 5003 1 4993 104084760
1 5003 1 4956 104098384
1 4965 1 4956 104113200
1 4965 1 4918 104127992
1 4965 1 4956 104142800
1 4965 1 4993 104157604
1 5003 1 4956 104171236
1 4928 1 4993 104186044
1 4965 1 4918 104200852
1 4965 1 4993 104215656
1 4965 1 4918 104230464
1 4965 1 4918 104245264
1 4928 1 4956 104260072
1 5040 1 4956 104274876
1 5003 1 4956 104289692
1 4965 1 4956 104304500
1 5003 1 4956 104319316
1 5003 1 4993 104334124
1 5003 1 4918 104348928
1 5003 1 4918 104363740
1 4965 1 4918 104378544
1 4965 1 4956 104393356
1 4965 1 4918 104408156
1 5003 1 4993 104421780
1 4965 1 4993 104436580
1 5040 1 4956 104451388
1 5003 1 4993 104466176
1 4928 1 4956 104480988
1 5040 1 4956 104495792
1 4965 1 4956 104510608
1 4965 1 4956 104525420
1 5045 1 4993 104540236
1 5007 1 4918 104555040
1 5007 1 4956 104569836
1 5045 1 4993 104584636
1 5045 1 4956 104599448
1 5007 1 4956 104614260
1 5045 1 4956 104629068
1 5007 1 4956 104643876
1 5007 1 4956 104658688
1 4970 1 4956 104673492
1 5007 1 4956 104688304
1 5007 1 4881 104703124
1 5045 1 4993 104717916
1 5045 1 4956 104731536
1 5045 1 4956 104746344
1 5007 1 4918 104761148
1 5072 1 4881 104775964
1 5072 1 4918 104790780
1 5007 1 4881 104805584
1 5045 1 4956 104820396
1 5007 1 4918 104835204
1 5045 1 4956 104850000
1 5007 1 4956 104864804
1 5045 1 4993 104879608
1 5072 1 4993 104894416
1 5007 1 5031 104909216
1 5007 1 4956 104924024
1 5045 1 4993 104938824
1 4970 1 4956 104953632
1 5007 1 4993 104968444
1 4970 1 4956 104983260
1 5007 0 0 104998060
1 5045 1 4956 105012208
1 5045 1 4956 105027024
1 4989 1 4956 105041832
1 4989 1 4993 105056644
1 5026 1 4993 105071440
1 4951 1 4993 105086256
1 5026 1 4956 105101052
1 4989 1 4956 105115872
1 4989 1 4956 105130672
1 5064 1 4956 105145476
1 4989 1 4993 105160280
1 5064 1 4918 105175080
1 5026 1 4993 105189876
1 4989 1 4993 105204676
1 5064 1 4956 105219492
1 4951 1 4918 105234296
1 4989 1 4956 105249092
1 4989 1 4993 105263896
1 5026 1 4918 105278704
1 4989 1 5031 105293496
1 4989 1 4956 105308304
1 4989 1 4993 105323120
1 4951 1 4993 105337920
1 4989 1 4918 105352732
1 5026 1 4918 105367528
1 4989 1 4918 105382328
1 5504 1 4956 105397136
1 4913 1 4956 105411936
1 4989 1 4956 105426752
1 5026 1 4956 105441552
1 4989 1 4918 105456364
1 4989 1 4956 105471176
1 4989 1 4956 105485996
1 5091 1 4956 105500792
1 4989 1 4918 105515596
1 5026 1 4956 105530396
1 4989 1 4956 105545204
1 4989 1 4993 105560016
1 4989 1 4993 105574816
1 5064 1 4993 105589628
1 4989 1 4993 105604440
1 5026 1 4956 105619252
1 4951 1 4956 105634072
1 5064 1 4918 105648876
1 5064 1 4993 105663688
1 5026 1 4918 105678496
1 5504 1 4993 105693328
1 5064 1 4918 105708124
1 5064 1 4956 105721740
1 4951 1 4918 105736544
1 5026 1 4956 105751348
1 4989 1 4918 105766172
1 5064 1 4918 105780976
1 5064 1 4918 105795796
1 5026 1 4956 105810604
1 5026 1 4956 105825400
1 4989 1 4956 105840196
1 5026 1 4918 105855012
1 4989 1 4956 105869816
1 4951 1 4956 105884612
1 4989 1 4956 105899432
1 4989 1 4993 105914224
1 5026 1 4956 105929040
1 5026 1 4993 105943856
1 4951 1 4918 105958656
1 5064 1 4956 105973464
1 4989 1 4993 105988268
1 5026 1 4918 106003084
1 4951 1 4956 106017884
1 5064 1 4993 106032704
1 5003 1 4993 106047496
1 4965 1 4970 106062308
1 5040 0 0 106077116
1 5040 1 4970 106091252
1 4965 1 4932 106106064
1 5040 1 4970 106120868
1 4965 1 4932 106135672
1 5040 1 4932 106150492
1 5003 1 4970 106165288
1 5040 1 4932 106180092
1 5040 1 4970 106194900
1 5003 0 0 106209704
1 5003 1 4970 106223832
1 5040 1 4932 106238648
1 4965 1 4932 106253464
1 4965 1 4932 106268256
1 5040 1 4932 106283072
1 5003 1 4932 106297876
1 4965 1 4970 106312680
1 5003 1 4932 106327496
1 4965 1 4932 106342300
1 4965 1 4932 106357100
1 5003 1 4932 106371908
1 4965 1 4932 106386716
1 4965 1 4932 106401528
1 5040 1 4970 106416336
1 5040 1 4932 106431136
1 4965 1 4932 106445956
1 5003 1 4895 106460768
1 5003 1 4932 106475564
1 4965 1 4932 106490376
1 4965 1 4932 106505180
1 5040 1 4970 106519992
1 4928 1 4932 106534800
1 5064 1 4932 106549596
1 5026 1 4956 106564412
1 5064 1 4956 106579216
1 4989 1 4993 106592836
1 5026 1 5031 106607648
1 5064 1 4918 106622460
1 4989 1 4956 106637276
1 5026 1 4956 106652080
1 5026 1 4918 106666884
1 5064 1 4993 106681688
1 5026 1 4956 106696500
1 4989 1 4956 106711308
1 4989 1 4993 106726132
1 5026 1 4956 106740940
1 4951 1 4918 106755768
1 5026 1 4993 106770580
1 4989 1 4956 106785372
1 4989 1 4918 106798996
1 5026 1 4956 106813824
1 5064 1 4956 106828636
1 4951 1 4993 106843444
1 4913 1 4956 106858244
1 5026 1 4956 106873048
1 4989 1 4918 106887852
1 4989 1 4918 106902648
1 4951 1 4918 106917448
1 5064 1 4918 106932240
1 5026 1 4956 106947048
1 4989 1 4918 106961852
1 5026 1 4993 106976672
1 5026 1 4993 106990292
1 4989 1 4956 107005096
1 5064 1 4956 107019904
1 4989 1 4956 107034712
1 5026 1 4918 107049524
1 5026 1 4993 107064332
1 5026 1 4918 107079136
1 5026 1 4993 107093940
1 4989 1 4956 107108744
1 4989 1 4993 107123548
1 5026 1 4956 107138356
1 4989 1 4956 107153160
1 4989 1 4956 107167976
1 5064 1 4956 107182780
