0 0 0 0 444359372
0 0 0 0 444372848
0 0 0 0 444386352
0 0 0 0 444399836
0 0 0 0 444415696
0 0 0 0 444429168
0 0 0 0 444443840
0 0 0 0 444459704
0 0 0 0 444474384
0 0 0 0 444487864
0 0 0 0 444501352
0 0 0 0 444514816
0 0 0 0 444528296
0 0 0 0 444541784
0 0 0 0 444555272
0 0 0 0 444568736
0 0 0 0 444582216
0 0 0 0 444595684
0 0 0 0 444609160
0 0 0 0 444622636
0 0 0 0 444636112
0 0 0 0 444649600
0 0 0 0 444663064
0 0 0 0 444676536
0 0 0 0 444690028
0 0 0 0 444703500
0 0 0 0 444716976
0 0 0 0 444730480
0 0 0 0 444743968
0 0 0 0 444758644
0 0 0 0 444772104
0 0 0 0 444785584
0 0 0 0 444799076
0 0 0 0 444812568
0 0 0 0 444826040
0 0 0 0 444839508
0 0 0 0 444853004
0 0 0 0 444866496
0 0 0 0 444879988
0 0 0 0 444893476
0 0 0 0 444906936
0 0 0 0 444920448
0 0 0 0 444933920
0 0 0 0 444947404
0 0 0 0 444963264
0 0 0 0 444976756
0 0 0 0 444991432
0 0 0 0 445007308
0 0 0 0 445021980
0 0 0 0 445035468
0 0 0 0 445048948
0 0 0 0 445062432
0 0 0 0 445075912
0 0 0 0 445089392
0 0 0 0 445102856
0 0 0 0 445116352
0 0 0 0 445129852
0 0 0 0 445143328
0 0 0 0 445156796
0 0 0 0 445170296
0 0 0 0 445183768
0 0 0 0 445198452
0 0 0 0 445213120
0 0 0 0 445226608
0 0 0 0 445240068
0 0 0 0 445253544
0 0 0 0 445268228
0 0 0 0 445281704
0 0 0 0 445296372
0 0 0 0 445311052
0 0 0 0 445324532
0 0 0 0 445339208
0 0 0 0 445352688
0 0 0 0 445366160
0 0 0 0 445379644
0 0 0 0 445393116
0 0 0 0 445406604
0 0 0 0 445420072
0 0 0 0 445433548
0 0 0 0 445447052
0 0 0 0 445460536
0 0 0 0 445474024
0 0 0 0 445489896
0 0 0 0 445503388
0 0 0 0 445516864
0 0 0 0 445530352
0 0 0 0 445545020
0 0 0 0 445560892
0 0 0 0 445575564
0 0 0 0 445589044
0 0 0 0 445602500
0 0 0 0 445616000
0 0 0 0 445629496
0 0 0 0 445642988
0 0 0 0 445656460
0 0 0 0 445669932
0 0 0 0 445683396
0 0 0 0 445696888
0 0 0 0 445710384
0 0 0 0 445723864
0 0 0 0 445737336
0 0 0 0 445752000
0 0 0 0 445766680
0 0 0 0 445780176
0 0 0 0 445793668
0 0 0 0 445807136
0 0 0 0 445821800
0 0 0 0 445835292
0 0 0 0 445849984
0 0 0 0 445864656
0 0 0 0 445878136
0 0 0 0 445892792
0 0 0 0 445906276
0 0 0 0 445919772
0 0 0 0 445933248
0 0 0 0 445946724
0 0 0 0 445960216
0 0 0 0 445973684
0 0 0 0 445987160
0 0 0 0 446000632
0 0 0 0 446014128
0 0 0 0 446027600
0 0 0 0 446043460
0 0 0 0 446056932
0 0 0 0 446071596
0 0 0 0 446087468
0 0 0 0 446102128
0 0 0 0 446115588
0 0 0 0 446129068
0 0 0 0 446142560
0 0 0 0 446156052
0 0 0 0 446169532
0 0 0 0 446183020
0 0 0 0 446196484
0 0 0 0 446209960
0 0 0 0 446223444
0 0 0 0 446236928
0 0 0 0 446250412
0 0 0 0 446263900
0 0 0 0 446277400
0 0 0 0 446290888
0 0 0 0 446304380
0 0 0 0 446317852
0 0 0 0 446332532
0 0 0 0 446347184
0 0 0 0 446360672
0 0 0 0 446375356
0 0 0 0 446388856
0 0 0 0 446403516
0 0 0 0 446418200
0 0 0 0 446431680
0 0 0 0 446446360
0 0 0 0 446459852
0 0 0 0 446473328
0 0 0 0 446486812
0 0 0 0 446500296
0 0 0 0 446513776
0 0 0 0 446527260
0 0 0 0 446540744
0 0 0 0 446554232
0 0 0 0 446570084
0 0 0 0 446583552
0 0 0 0 446598228
0 0 0 0 446614092
0 0 0 0 446628768
0 0 0 0 446642260
0 0 0 0 446655748
0 0 0 0 446669240
0 0 0 0 446682728
0 0 0 0 446696204
0 0 0 0 446709676
0 0 0 0 446723164
0 0 0 0 446736660
0 0 0 0 446750148
0 0 0 0 446763632
0 0 0 0 446777092
0 0 0 0 446790560
0 0 0 0 446804052
0 0 0 0 446817532
0 0 0 0 446832212
0 0 0 0 446846884
0 0 0 0 446860364
0 0 0 0 446873848
0 0 0 0 446887328
0 0 0 0 446902004
0 0 0 0 446915480
0 0 0 0 446930164
0 0 0 0 446944848
0 0 0 0 446958316
0 0 0 0 446972988
0 0 0 0 446986456
0 0 0 0 446999936
0 0 0 0 447013416
0 0 0 0 447026896
0 0 0 0 447040396
0 0 0 0 447053876
0 0 0 0 447067352
0 0 0 0 447080828
0 0 0 0 447094312
0 0 0 0 447107784
0 0 0 0 447123664
0 0 0 0 447137140
0 0 0 0 447151808
0 0 0 0 447167680
0 0 0 0 447182352
0 0 0 0 447195832
0 0 0 0 447209324
0 0 0 0 447222804
0 0 0 0 447236288
0 0 0 0 447249752
0 0 0 0 447263228
0 0 0 0 447276704
0 0 0 0 447290176
0 0 0 0 447303656
0 0 0 0 447317120
0 0 0 0 447330584
0 0 0 0 447344060
0 0 0 0 447357548
0 0 0 0 447371020
0 0 0 0 447384492
0 0 0 0 447397988
0 0 0 0 447411480
0 0 0 0 447424964
0 0 0 0 447439636
0 0 0 0 447453128
0 0 0 0 447466608
0 0 0 0 447480088
0 0 0 0 447493568
0 0 0 0 447507032
0 0 0 0 447520512
0 0 0 0 447533992
0 0 0 0 447547484
0 0 0 0 447560964
0 0 0 0 447574468
0 0 0 0 447587956
0 0 0 0 447601440
0 0 0 0 447614920
0 0 0 0 447628416
0 0 0 0 447641900
0 0 0 0 447655384
0 0 0 0 447671244
0 0 0 0 447684728
0 0 0 0 447699400
0 0 0 0 447715248
0 0 0 0 447729944
0 0 0 0 447743420
0 0 0 0 447756892
0 0 0 0 447770368
0 0 0 0 447783852
0 0 0 0 447797344
0 0 0 0 447810840
0 0 0 0 447824328
0 0 0 0 447837812
0 0 0 0 447851280
0 0 0 0 447864752
0 0 0 0 447878256
0 0 0 0 447891736
0 0 0 0 447905216
0 0 0 0 447918708
0 0 0 0 447933360
0 0 0 0 447948032
0 0 0 0 447961528
0 0 0 0 447976192
0 0 0 0 447989676
0 0 0 0 448004364
0 0 0 0 448019040
0 0 0 0 448032520
0 0 0 0 448047208
0 0 0 0 448060696
0 0 0 0 448074176
0 0 0 0 448087664
0 0 0 0 448101124
0 0 0 0 448114604
0 0 0 0 448128116
0 0 0 0 448141588
0 0 0 0 448155072
0 0 0 0 448170936
0 0 0 0 448184404
0 0 0 0 448197888
0 0 0 0 448211372
0 0 0 0 448224856
0 0 0 0 448238336
0 0 0 0 448251816
0 0 0 0 448266504
0 0 0 0 448279976
0 0 0 0 448293448
0 0 0 0 448306912
0 0 0 0 448320404
0 0 0 0 448333892
0 0 0 0 448347384
0 0 0 0 448360876
0 0 0 0 448374356
0 0 0 0 448387848
0 0 0 0 448401328
0 0 0 0 448414824
0 0 0 0 448428296
0 0 0 0 448441768
0 0 0 0 448455244
0 0 0 0 448468732
0 0 0 0 448482216
0 0 0 0 448496888
0 0 0 0 448510364
0 0 0 0 448525036
0 0 0 0 448539708
0 0 0 0 448553188
0 0 0 0 448567848
0 0 0 0 448581320
0 0 0 0 448594796
0 0 0 0 448608280
0 0 0 0 448621752
0 0 0 0 448635244
0 0 0 0 448648728
0 0 0 0 448662208
0 0 0 0 448675676
0 0 0 0 448689160
0 0 0 0 448702652
0 0 0 0 448718496
0 0 0 0 448731976
0 0 0 0 448745456
0 0 0 0 448758944
0 0 0 0 448773612
0 0 0 0 448789460
0 0 0 0 448804136
0 0 0 0 448817608
0 0 0 0 448831092
0 0 0 0 448844552
0 0 0 0 448858024
0 0 0 0 448871504
0 0 0 0 448884980
0 0 0 0 448898448
0 0 0 0 448911920
0 0 0 0 448925392
0 0 0 0 448938860
0 0 0 0 448952356
0 0 0 0 448965828
0 0 0 0 448979312
0 0 0 0 448992792
0 0 0 0 449006284
0 0 0 0 449019764
0 0 0 0 449033268
0 0 0 0 449046752
0 0 0 0 449061428
0 0 0 0 449074916
0 0 0 0 449088392
0 0 0 0 449101880
0 0 0 0 449115356
0 0 0 0 449128844
0 0 0 0 449142320
0 0 0 0 449155788
0 0 0 0 449169292
0 0 0 0 449182768
0 0 0 0 449196252
0 0 0 0 449209728
0 0 0 0 449223208
0 0 0 0 449236676
0 0 0 0 449250180
0 0 0 0 449263668
0 0 0 0 449277160
0 0 0 0 449293004
0 0 0 0 449306476
0 0 0 0 449321152
0 0 0 0 449337020
0 0 0 0 449351700
0 0 0 0 449365180
0 0 0 0 449378652
0 0 0 0 449392120
0 0 0 0 449405616
0 0 0 0 449419088
0 0 0 0 449432580
0 0 0 0 449446060
0 0 0 0 449459528
0 0 0 0 449472996
0 0 0 0 449486464
0 0 0 0 449499936
0 0 0 0 449513416
0 0 0 0 449526908
0 0 0 0 449540396
0 0 0 0 449553864
0 0 0 0 449567348
0 0 0 0 449582012
0 0 0 0 449595492
0 0 0 0 449610176
0 0 0 0 449624844
0 0 0 0 449638316
0 0 0 0 449652984
0 0 0 0 449666460
0 0 0 0 449679940
0 0 0 0 449693420
0 0 0 0 449706896
0 0 0 0 449720384
0 0 0 0 449733872
0 0 0 0 449747348
0 0 0 0 449760836
0 0 0 0 449774316
0 0 0 0 449787804
0 0 0 0 449801292
0 0 0 0 449814776
0 0 0 0 449830628
0 0 0 0 449844112
0 0 0 0 449858792
0 0 0 0 449874644
0 0 0 0 449889332
0 0 0 0 449902816
0 0 0 0 449916300
0 0 0 0 449929776
0 0 0 0 449943252
0 0 0 0 449956732
0 0 0 0 449970232
0 0 0 0 449983712
0 0 0 0 449997192
0 0 0 0 450010672
0 0 0 0 450024152
0 0 0 0 450037640
0 0 0 0 450051136
0 0 0 0 450064608
0 0 0 0 450078084
0 0 0 0 450092756
0 0 0 0 450107440
0 0 0 0 450120924
0 0 0 0 450135608
0 0 0 0 450149068
0 0 0 0 450163744
0 0 0 0 450178408
0 0 0 0 450191892
0 0 0 0 450206560
0 0 0 0 450220044
0 0 0 0 450233520
0 0 0 0 450247012
0 0 0 0 450260492
0 0 0 0 450273972
0 0 0 0 450287464
0 0 0 0 450300924
0 0 0 0 450314416
0 0 0 0 450327884
0 0 0 0 450341356
0 0 0 0 450354836
0 0 0 0 450368320
0 0 0 0 450384192
0 0 0 0 450397660
0 0 0 0 450412324
0 0 0 0 450428196
0 0 0 0 450442868
0 0 0 0 450456352
0 0 0 0 450469836
0 0 0 0 450483320
0 0 0 0 450496792
0 0 0 0 450510272
0 0 0 0 450523752
0 0 0 0 450537228
0 0 0 0 450550696
0 0 0 0 450564192
0 0 0 0 450577668
0 0 0 0 450591172
0 0 0 0 450604656
0 0 0 0 450618120
0 0 0 0 450631596
0 0 0 0 450645080
0 0 0 0 450658564
0 0 0 0 450672044
0 0 0 0 450685536
0 0 0 0 450700212
0 0 0 0 450713696
0 0 0 0 450727184
0 0 0 0 450740672
0 0 0 0 450754160
0 0 0 0 450767628
0 0 0 0 450781120
0 0 0 0 450794620
0 0 0 0 450808096
0 0 0 0 450821568
0 0 0 0 450835036
0 0 0 0 450848524
0 0 0 0 450862004
0 0 0 0 450875500
0 0 0 0 450888984
0 0 0 0 450904848
0 0 0 0 450918312
0 0 0 0 450933008
0 0 0 0 450948860
0 0 0 0 450963532
0 0 0 0 450977016
0 0 0 0 450990496
0 0 0 0 451003972
0 0 0 0 451017456
0 0 0 0 451030932
0 0 0 0 451044424
0 0 0 0 451057904
0 0 0 0 451071392
0 0 0 0 451084880
0 0 0 0 451098368
0 0 0 0 451111856
0 0 0 0 451125356
0 0 0 0 451138836
0 0 0 0 451152312
0 0 0 0 451167004
0 0 0 0 451181676
0 0 0 0 451195172
0 0 0 0 451208652
0 0 0 0 451222128
0 0 0 0 451236800
0 0 0 0 451250288
0 0 0 0 451263772
0 0 0 0 451277252
0 0 0 0 451290740
0 0 0 0 451304200
0 0 0 0 451317676
0 0 0 0 451331172
0 0 0 0 451344668
0 0 0 0 451358136
0 0 0 0 451371624
0 0 0 0 451385100
0 0 0 0 451398592
0 0 0 0 451412084
0 0 0 0 451425568
0 0 0 0 451439056
0 0 0 0 451452544
0 0 0 0 451468392
0 0 0 0 451481884
0 0 0 0 451496556
0 0 0 0 451512416
0 0 0 0 451527088
0 0 0 0 451540572
0 0 0 0 451554052
0 0 0 0 451567536
0 0 0 0 451581028
0 0 0 0 451594508
0 0 0 0 451608000
0 0 0 0 451621496
0 0 0 0 451634948
0 0 0 0 451648428
0 0 0 0 451661928
0 0 0 0 451675408
0 0 0 0 451688884
0 0 0 0 451702380
0 0 0 0 451715852
0 0 0 0 451730536
0 0 0 0 451745216
0 0 0 0 451758684
0 0 0 0 451773364
0 0 0 0 451786864
0 0 0 0 451801536
0 0 0 0 451816220
0 0 0 0 451829700
0 0 0 0 451844380
0 0 0 0 451857848
0 0 0 0 451871344
0 0 0 0 451884804
0 0 0 0 451898284
0 0 0 0 451911784
0 0 0 0 451925260
0 0 0 0 451938752
0 0 0 0 451952244
0 0 0 0 451968112
0 0 0 0 451981584
0 0 0 0 451995064
0 0 0 0 452008564
0 0 0 0 452022020
0 0 0 0 452035496
0 0 0 0 452050180
0 0 0 0 452066036
0 0 0 0 452080720
0 0 0 0 452094200
0 0 0 0 452107684
0 0 0 0 452121156
0 0 0 0 452134644
0 0 0 0 452148116
0 0 0 0 452161600
0 0 0 0 452175080
0 0 0 0 452188568
0 0 0 0 452202040
0 0 0 0 452215528
0 0 0 0 452229004
0 0 0 0 452242488
0 0 0 0 452257156
0 0 0 0 452271832
0 0 0 0 452285312
0 0 0 0 452298808
0 0 0 0 452312288
0 0 0 0 452326964
0 0 0 0 452340416
1 34341 0 0 452355108
0 0 0 0 452369292
0 0 0 0 452383952
0 0 0 0 452397436
0 0 0 0 452410920
0 0 0 0 452424396
0 0 0 0 452437884
0 0 0 0 452451380
0 0 0 0 452464860
0 0 0 0 452478332
0 0 0 0 452491820
0 0 0 0 452507688
0 0 0 0 452521152
0 0 0 0 452534628
0 0 0 0 452548108
0 0 0 0 452562784
0 0 0 0 452578640
0 0 0 0 452593308
0 0 0 0 452606784
0 0 0 0 452620272
0 0 0 0 452633756
0 0 0 0 452647236
0 0 0 0 452660696
0 0 0 0 452674156
0 0 0 0 452687624
0 0 0 0 452701100
0 0 0 0 452714580
0 0 0 0 452728060
0 0 0 0 452741544
0 0 0 0 452755004
0 0 0 0 452768492
0 0 0 0 452781972
0 0 0 0 452795468
0 0 0 0 452808956
0 0 0 0 452822432
0 0 0 0 452835920
0 0 0 0 452849392
0 0 0 0 452862872
0 0 0 0 452877560
0 0 0 0 452891048
0 0 0 0 452904536
1 34079 0 0 452918016
0 0 0 0 452932208
0 0 0 0 452945676
0 0 0 0 452960352
0 0 0 0 452973828
0 0 0 0 452987324
0 0 0 0 453000812
0 0 0 0 453014280
0 0 0 0 453027756
0 0 0 0 453042428
0 0 0 0 453058292
0 0 0 0 453071768
0 0 0 0 453085256
0 0 0 0 453098732
0 0 0 0 453112220
0 0 0 0 453126888
0 0 0 0 453140368
0 0 0 0 453156232
0 0 0 0 453170904
0 0 0 0 453184396
0 0 0 0 453197884
0 0 0 0 453211352
0 0 0 0 453224840
0 0 0 0 453238320
0 0 0 0 453251788
0 0 0 0 453265272
0 0 0 0 453278780
0 0 0 0 453292256
0 0 0 0 453305724
0 0 0 0 453320380
0 0 0 0 453335060
0 0 0 0 453348536
1 33516 0 0 453362024
1 33666 0 0 453376208
0 0 0 0 453390380
0 0 0 0 453405064
1 33535 0 0 453418536
0 0 0 0 453432720
0 0 0 0 453446192
0 0 0 0 453459672
0 0 0 0 453473164
0 0 0 0 453486652
0 0 0 0 453500128
1 33535 0 0 453513608
0 0 0 0 453527776
0 0 0 0 453541260
0 0 0 0 453555928
1 33497 0 0 453569416
0 0 0 0 453583624
0 0 0 0 453597100
0 0 0 0 453612988
0 0 0 0 453628840
0 0 0 0 453642320
0 0 0 0 453655800
0 0 0 0 453669280
0 0 0 0 453683952
0 0 0 0 453697432
1 33272 0 0 453710920
0 0 1 24151 453725100
0 0 0 0 453739284
0 0 0 0 453752776
0 0 0 0 453766268
0 0 0 0 453779736
0 0 0 0 453793216
0 0 0 0 453806720
0 0 0 0 453820192
0 0 0 0 453833680
0 0 0 0 453847152
0 0 0 0 453861820
0 0 0 0 453875312
0 0 0 0 453889968
0 0 0 0 453904644
0 0 0 0 453918124
0 0 0 0 453931620
0 0 0 0 453945116
1 33235 0 0 453959796
0 0 0 0 453973988
0 0 0 0 453988664
0 0 0 0 454002144
0 0 0 0 454015628
0 0 0 0 454029088
0 0 0 0 454042568
0 0 0 0 454056056
0 0 0 0 454069544
0 0 0 0 454083012
0 0 0 0 454096480
0 0 0 0 454109960
0 0 0 0 454124632
0 0 0 0 454140492
0 0 0 0 454153960
0 0 0 0 454167440
0 0 0 0 454180932
0 0 0 0 454194416
0 0 0 0 454209084
0 0 0 0 454222564
0 0 0 0 454238424
0 0 0 0 454253092
0 0 0 0 454266552
0 0 0 0 454280040
0 0 0 0 454293520
0 0 0 0 454306996
0 0 0 0 454320468
0 0 0 0 454333940
0 0 0 0 454347416
0 0 0 0 454360884
0 0 0 0 454374372
0 0 0 0 454387848
0 0 0 0 454401328
0 0 0 0 454414804
1 33385 0 0 454428280
1 32747 0 0 454442472
0 0 0 0 454456660
1 32859 0 0 454471352
1 32784 0 0 454485544
1 32747 0 0 454499720
0 0 0 0 454513876
0 0 0 0 454527352
0 0 0 0 454540832
0 0 0 0 454554300
0 0 0 0 454567788
0 0 0 0 454581276
0 0 0 0 454594772
0 0 1 32723 454608264
0 0 0 0 454622444
1 32634 0 0 454637112
0 0 1 32686 454651300
1 32747 0 0 454666672
0 0 0 0 454680860
0 0 0 0 454694348
1 32634 0 0 454709000
0 0 0 0 454723184
0 0 0 0 454739052
0 0 0 0 454753728
0 0 0 0 454767212
0 0 0 0 454780684
0 0 0 0 454794156
0 0 0 0 454807652
0 0 0 0 454821144
0 0 0 0 454834624
0 0 0 0 454848108
1 32409 0 0 454861576
0 0 0 0 454875768
0 0 0 0 454890428
0 0 0 0 454903924
0 0 0 0 454917400
0 0 0 0 454930876
0 0 0 0 454944348
0 0 0 0 454957828
1 32372 0 0 454971312
1 32484 0 0 454985512
0 0 0 0 454999696
0 0 0 0 455013168
0 0 0 0 455027836
0 0 0 0 455041308
0 0 0 0 455055992
0 0 0 0 455069452
0 0 0 0 455082932
0 0 0 0 455096428
0 0 0 0 455109908
0 0 0 0 455123392
1 32296 0 0 455136860
0 0 0 0 455151036
0 0 0 0 455165716
0 0 0 0 455179208
0 0 0 0 455192700
0 0 0 0 455206176
0 0 0 0 455219656
0 0 0 0 455233144
0 0 0 0 455246604
0 0 0 0 455260096
0 0 0 0 455273592
0 0 0 0 455287076
0 0 0 0 455301764
0 0 0 0 455317620
0 0 0 0 455332288
0 0 0 0 455345772
0 0 0 0 455359240
0 0 1 32029 455372724
0 0 0 0 455386920
0 0 0 0 455401596
0 0 0 0 455415072
0 0 0 0 455428556
1 32071 0 0 455442032
1 32034 0 0 455456216
0 0 0 0 455471560
0 0 0 0 455485044
0 0 0 0 455498524
0 0 0 0 455512012
0 0 0 0 455526676
0 0 0 0 455541360
0 0 0 0 455554828
0 0 0 0 455569500
0 0 0 0 455582968
0 0 0 0 455597644
0 0 0 0 455612324
0 0 0 0 455625804
0 0 0 0 455640488
0 0 0 0 455653960
0 0 0 0 455667456
0 0 0 0 455680936
0 0 0 0 455694412
0 0 0 0 455707896
0 0 1 31879 455721376
0 0 0 0 455735564
0 0 0 0 455750256
0 0 0 0 455763724
0 0 0 0 455777208
1 31809 0 0 455790712
0 0 0 0 455804892
1 31809 0 0 455818364
0 0 0 0 455832548
0 0 0 0 455847224
0 0 0 0 455861908
1 31696 0 0 455875388
0 0 0 0 455889580
0 0 0 0 455904252
0 0 0 0 455917744
0 0 0 0 455931228
1 31621 1 31654 455944716
1 31696 0 0 455959624
1 31734 0 0 455973800
1 31659 0 0 455989180
1 31584 0 0 456003372
0 0 1 31654 456017536
0 0 0 0 456031724
0 0 0 0 456046384
0 0 1 31654 456061056
0 0 0 0 456075232
1 31584 0 0 456088712
0 0 0 0 456102876
0 0 0 0 456116348
1 31584 0 0 456131004
1 31584 0 0 456145196
1 31471 0 0 456159372
1 31621 0 0 456173536
1 31584 0 0 456187716
1 31396 0 0 456203112
1 31509 0 0 456217300
1 31471 0 0 456231480
1 31471 0 0 456245656
0 0 0 0 456261016
0 0 0 0 456274500
0 0 0 0 456287980
0 0 0 0 456303844
0 0 0 0 456317312
0 0 0 0 456331980
1 31396 0 0 456347848
0 0 0 0 456362048
0 0 0 0 456375520
1 31358 0 0 456389004
0 0 0 0 456403184
0 0 0 0 456417852
0 0 0 0 456433724
1 31358 0 0 456448400
1 31396 1 31391 456462568
0 0 0 0 456477460
0 0 1 31391 456490948
0 0 0 0 456505136
0 0 0 0 456519828
0 0 0 0 456533308
0 0 0 0 456546788
0 0 0 0 456560264
0 0 0 0 456573736
0 0 0 0 456587208
0 0 0 0 456601880
0 0 0 0 456616544
0 0 0 0 456630024
0 0 0 0 456644704
1 31246 0 0 456658184
0 0 0 0 456672380
1 31208 0 0 456685864
0 0 0 0 456700040
0 0 0 0 456714696
0 0 0 0 456728180
0 0 0 0 456741640
0 0 0 0 456755136
0 0 0 0 456768628
0 0 0 0 456782100
0 0 0 0 456795576
0 0 0 0 456809076
0 0 0 0 456822556
0 0 0 0 456836040
0 0 0 0 456849532
0 0 0 0 456865380
0 0 0 0 456878856
0 0 0 0 456893544
0 0 0 0 456909416
1 31021 1 31129 456924084
1 31171 1 30979 456939000
1 31058 1 31016 456953896
0 0 0 0 456968788
1 30908 1 30997 456983464
0 0 0 0 456998376
0 0 0 0 457011860
0 0 0 0 457025316
0 0 0 0 457038792
0 0 0 0 457052284
0 0 1 30885 457065756
0 0 0 0 457079940
0 0 0 0 457094612
0 0 0 0 457109276
0 0 0 0 457122760
0 0 0 0 457136244
0 0 0 0 457149724
0 0 0 0 457163200
0 0 0 0 457176692
0 0 0 0 457191356
0 0 0 0 457204840
0 0 0 0 457218332
0 0 0 0 457231820
0 0 0 0 457245304
0 0 0 0 457258784
0 0 0 0 457272264
0 0 0 0 457285748
0 0 0 0 457299232
0 0 0 0 457312712
0 0 0 0 457326200
0 0 0 0 457339664
0 0 0 0 457353136
0 0 1 30772 457366644
0 0 0 0 457380824
0 0 0 0 457394304
0 0 0 0 457410160
0 0 0 0 457426028
0 0 0 0 457439512
1 30721 0 0 457452988
0 0 0 0 457467160
0 0 0 0 457480632
0 0 0 0 457494124
0 0 0 0 457507596
0 0 0 0 457521092
0 0 0 0 457534580
0 0 0 0 457548056
0 0 0 0 457561536
0 0 0 0 457575024
0 0 0 0 457588492
0 0 1 30716 457601976
0 0 0 0 457616192
0 0 0 0 457630864
1 30683 0 0 457644348
0 0 0 0 457658544
0 0 0 0 457673212
0 0 0 0 457687880
0 0 0 0 457701356
0 0 0 0 457716016
0 0 0 0 457729492
0 0 0 0 457742964
0 0 0 0 457756448
0 0 0 0 457769928
0 0 0 0 457783412
0 0 0 0 457796896
0 0 0 0 457810364
0 0 0 0 457823844
0 0 0 0 457837320
0 0 0 0 457850784
0 0 0 0 457864268
0 0 0 0 457877764
0 0 0 0 457891260
0 0 0 0 457904768
0 0 0 0 457918240
0 0 0 0 457931732
0 0 0 0 457947600
0 0 0 0 457961076
0 0 0 0 457975732
0 0 0 0 457991616
0 0 0 0 458006280
0 0 0 0 458019756
0 0 0 0 458033240
0 0 0 0 458046720
0 0 0 0 458060196
0 0 0 0 458073672
0 0 0 0 458087140
0 0 0 0 458100628
0 0 0 0 458114104
0 0 0 0 458127592
0 0 0 0 458141064
0 0 0 0 458154556
0 0 0 0 458168048
0 0 0 0 458181528
0 0 0 0 458195020
0 0 0 0 458208512
0 0 0 0 458221992
0 0 0 0 458236672
0 0 0 0 458251356
0 0 0 0 458264836
0 0 0 0 458279520
0 0 0 0 458293004
0 0 0 0 458307684
0 0 0 0 458322368
0 0 0 0 458335864
0 0 0 0 458350540
0 0 0 0 458364024
0 0 0 0 458377504
0 0 0 0 458390976
0 0 0 0 458404448
0 0 0 0 458417924
0 0 0 0 458431408
0 0 0 0 458444908
0 0 0 0 458458396
0 0 0 0 458474268
0 0 0 0 458487752
0 0 0 0 458501240
0 0 0 0 458514724
0 0 0 0 458528200
0 0 0 0 458542860
0 0 0 0 458556340
0 0 0 0 458569840
0 0 0 0 458583332
0 0 0 0 458596808
0 0 0 0 458610292
0 0 0 0 458623768
0 0 0 0 458637260
0 0 0 0 458650740
0 0 0 0 458664224
0 0 0 0 458677708
0 0 0 0 458691184
0 0 0 0 458704648
0 0 0 0 458718124
0 0 0 0 458731616
0 0 0 0 458745100
0 0 0 0 458758584
0 0 0 0 458773236
0 0 0 0 458787920
0 0 0 0 458801404
0 0 0 0 458816088
0 0 0 0 458829564
0 0 0 0 458844240
0 0 0 0 458858916
0 0 0 0 458872392
0 0 0 0 458887060
0 0 0 0 458900540
0 0 0 0 458914020
0 0 0 0 458927500
0 0 0 0 458940984
0 0 0 0 458954472
0 0 0 0 458967956
0 0 0 0 458981444
0 0 0 0 458994932
0 0 0 0 459008424
0 0 0 0 459021900
0 0 0 0 459037768
0 0 0 0 459051248
0 0 0 0 459065932
0 0 0 0 459081812
0 0 1 29525 459096488
0 0 0 0 459110668
0 0 0 0 459125352
0 0 0 0 459138832
0 0 0 0 459152304
0 0 0 0 459165804
0 0 0 0 459179280
0 0 0 0 459192772
0 0 0 0 459206260
0 0 0 0 459219732
0 0 0 0 459233208
0 0 0 0 459246712
0 0 0 0 459260180
0 0 0 0 459273676
0 0 0 0 459287144
0 0 0 0 459300628
0 0 0 0 459314092
0 0 0 0 459327584
0 0 0 0 459341076
0 0 0 0 459355756
0 0 0 0 459369224
0 0 0 0 459383888
0 0 0 0 459398568
0 0 0 0 459412056
0 0 0 0 459426740
0 0 0 0 459440232
0 0 0 0 459453712
0 0 0 0 459467204
0 0 0 0 459480688
0 0 0 0 459494156
0 0 0 0 459507640
0 0 0 0 459523500
0 0 0 0 459536988
0 0 0 0 459550480
0 0 0 0 459563956
0 0 0 0 459577452
0 0 0 0 459590936
0 0 0 0 459604424
0 0 0 0 459619076
0 0 0 0 459632560
0 0 0 0 459646064
0 0 0 0 459659548
0 0 0 0 459673024
0 0 0 0 459686516
0 0 0 0 459699988
0 0 0 0 459713468
0 0 0 0 459726956
0 0 0 0 459740440
0 0 0 0 459753924
0 0 0 0 459767412
0 0 0 0 459780888
0 0 0 0 459794376
0 0 0 0 459807864
0 0 0 0 459822536
0 0 0 0 459837216
0 0 0 0 459850696
0 0 0 0 459864188
0 0 0 0 459877664
0 0 0 0 459892340
0 0 0 0 459905820
0 0 0 0 459920504
0 0 0 0 459935160
0 0 0 0 459948652
0 0 0 0 459963336
0 0 0 0 459976824
0 0 0 0 459990312
0 0 0 0 460003784
0 0 0 0 460017268
0 0 0 0 460030728
0 0 0 0 460044200
0 0 0 0 460057676
0 0 0 0 460071160
0 0 0 0 460084636
0 0 0 0 460098116
0 0 0 0 460113988
0 0 0 0 460127464
0 0 0 0 460142132
0 0 0 0 460157992
0 0 0 0 460172672
0 0 0 0 460186160
0 0 0 0 460199624
0 0 0 0 460213108
0 0 0 0 460226600
0 0 0 0 460240076
0 0 0 0 460253544
0 0 0 0 460267024
0 0 0 0 460280496
0 0 0 0 460293976
0 0 0 0 460307480
0 0 0 0 460320960
0 0 0 0 460334432
0 0 0 0 460347924
0 0 0 0 460361380
0 0 0 0 460374852
0 0 0 0 460388340
0 0 0 0 460401820
0 0 0 0 460415292
0 0 0 0 460429960
0 0 0 0 460443432
0 0 0 0 460458108
0 0 0 0 460472784
0 0 0 0 460486260
0 0 0 0 460500916
0 0 0 0 460514400
0 0 0 0 460527876
0 0 0 0 460541384
0 0 0 0 460554868
0 0 0 0 460568328
0 0 0 0 460581808
0 0 0 0 460595288
0 0 0 0 460608764
0 0 0 0 460622252
0 0 0 0 460635740
0 0 0 0 460651608
0 0 0 0 460665108
0 0 0 0 460678600
0 0 0 0 460692060
0 0 0 0 460706732
0 0 0 0 460722596
0 0 0 0 460737268
0 0 0 0 460750744
0 0 0 0 460764232
0 0 0 0 460777724
0 0 0 0 460791212
0 0 0 0 460804692
0 0 0 0 460818172
0 0 0 0 460831656
0 0 0 0 460845136
0 0 0 0 460858620
0 0 0 0 460872100
0 0 0 0 460886768
0 0 0 0 460901444
0 0 0 0 460914928
0 0 0 0 460928416
0 0 0 0 460941896
0 0 0 0 460955364
0 0 0 0 460968844
0 0 0 0 460983516
0 0 0 0 460997004
0 0 0 0 461011660
0 0 0 0 461026328
0 0 0 0 461039800
0 0 0 0 461054476
0 0 0 0 461067948
0 0 0 0 461081432
0 0 0 0 461094908
0 0 0 0 461108384
0 0 0 0 461121852
0 0 0 0 461135328
0 0 0 0 461148800
0 0 0 0 461162276
0 0 0 0 461175764
0 0 0 0 461189232
0 0 0 0 461202720
0 0 0 0 461216208
0 0 0 0 461230884
0 0 0 0 461244360
0 0 0 0 461257840
0 0 0 0 461271328
0 0 0 0 461284804
0 0 0 0 461298292
0 0 0 0 461311772
0 0 0 0 461325260
0 0 0 0 461338736
0 0 0 0 461352212
0 0 0 0 461365704
0 0 0 0 461379184
0 0 0 0 461392652
0 0 0 0 461406132
0 0 0 0 461419628
0 0 0 0 461433112
0 0 0 0 461446604
0 0 0 0 461460084
0 0 0 0 461473544
0 0 0 0 461488216
0 0 0 0 461502896
0 0 0 0 461516376
0 0 0 0 461531056
0 0 0 0 461544556
0 0 0 0 461559228
0 0 0 0 461573916
0 0 0 0 461587396
0 0 0 0 461602072
0 0 0 0 461615548
0 0 0 0 461629040
0 0 0 0 461642516
0 0 0 0 461656008
0 0 0 0 461669492
0 0 0 0 461682972
0 0 0 0 461696460
0 0 0 0 461709924
0 0 0 0 461723392
0 0 0 0 461736876
0 0 0 0 461752736
0 0 0 0 461766208
0 0 0 0 461780880
0 0 0 0 461796736
0 0 0 0 461811396
0 0 0 0 461824896
0 0 0 0 461838392
0 0 0 0 461851876
0 0 0 0 461865352
0 0 0 0 461878836
0 0 0 0 461892300
0 0 0 0 461905792
0 0 0 0 461919276
0 0 0 0 461932760
0 0 0 0 461946236
0 0 0 0 461959728
0 0 0 0 461973208
0 0 0 0 461986684
0 0 0 0 462000160
0 0 0 0 462013656
0 0 0 0 462027136
0 0 0 0 462041816
0 0 0 0 462055296
0 0 0 0 462068784
0 0 0 0 462082272
0 0 0 0 462095752
0 0 0 0 462109232
0 0 0 0 462122700
0 0 0 0 462136176
0 0 0 0 462149680
0 0 0 0 462163176
0 0 0 0 462176652
0 0 0 0 462190128
0 0 0 0 462203608
0 0 0 0 462217096
0 0 0 0 462230584
0 0 0 0 462246448
0 0 0 0 462259924
0 0 0 0 462273412
0 0 0 0 462286904
0 0 0 0 462300392
0 0 0 0 462313864
0 0 0 0 462327344
0 0 0 0 462342012
0 0 0 0 462355508
0 0 0 0 462368992
0 0 0 0 462382476
0 0 0 0 462395956
0 0 0 0 462409420
0 0 0 0 462422900
0 0 0 0 462436400
0 0 0 0 462449888
0 0 0 0 462463372
0 0 0 0 462476848
0 0 0 0 462490316
0 0 0 0 462503800
0 0 0 0 462517300
0 0 0 0 462530784
0 0 0 0 462544260
0 0 0 0 462557740
0 0 0 0 462572396
0 0 0 0 462585884
0 0 0 0 462600540
0 0 0 0 462615224
0 0 0 0 462628696
0 0 0 0 462643372
0 0 0 0 462656840
0 0 0 0 462670304
0 0 0 0 462683784
0 0 0 0 462697244
0 0 0 0 462710716
0 0 0 0 462724208
0 0 0 0 462737680
0 0 0 0 462751180
0 0 0 0 462764652
0 0 0 0 462778144
0 0 0 0 462791620
0 0 0 0 462805108
0 0 0 0 462820968
0 0 0 0 462834436
0 0 0 0 462849128
0 0 0 0 462865000
0 0 0 0 462879668
0 0 0 0 462893168
0 0 0 0 462906644
0 0 0 0 462920124
0 0 0 0 462933620
0 0 0 0 462947084
0 0 0 0 462960556
0 0 0 0 462974044
0 0 0 0 462987536
0 0 0 0 463001028
0 0 0 0 463014504
0 0 0 0 463027976
0 0 0 0 463041444
0 0 0 0 463054940
0 0 0 0 463068424
0 0 0 0 463083104
0 0 0 0 463097776
0 0 0 0 463111256
0 0 0 0 463124756
0 0 0 0 463138232
0 0 0 0 463152908
0 0 0 0 463166400
0 0 0 0 463179884
0 0 0 0 463193376
0 0 0 0 463206844
0 0 0 0 463220336
0 0 0 0 463233796
0 0 0 0 463247280
0 0 0 0 463260772
0 0 0 0 463274252
0 0 0 0 463287752
0 0 0 0 463301212
0 0 0 0 463314692
0 0 0 0 463328160
0 0 0 0 463341648
0 0 0 0 463355128
0 0 0 0 463368608
0 0 0 0 463382068
0 0 0 0 463395552
0 0 0 0 463410236
0 0 0 0 463423708
0 0 0 0 463439584
0 0 0 0 463454252
0 0 0 0 463467728
0 0 0 0 463481220
0 0 0 0 463494704
0 0 0 0 463508160
0 0 0 0 463521660
0 0 0 0 463535160
0 0 0 0 463548640
0 0 0 0 463562112
0 0 0 0 463575596
0 0 0 0 463589072
0 0 0 0 463603760
0 0 0 0 463618428
0 0 0 0 463631916
0 0 0 0 463645396
0 0 0 0 463658880
0 0 0 0 463673564
0 0 0 0 463687048
0 0 0 0 463700520
0 0 0 0 463713984
0 0 0 0 463727460
0 0 0 0 463740944
0 0 0 0 463754416
0 0 0 0 463767896
0 0 0 0 463781380
0 0 0 0 463794840
0 0 0 0 463808316
0 0 0 0 463821804
0 0 0 0 463835284
0 0 0 0 463848760
0 0 0 0 463862240
0 0 0 0 463875708
1 26378 0 0 463889184
0 0 0 0 463903372
0 0 0 0 463919228
0 0 0 0 463933888
0 0 0 0 463947380
0 0 0 0 463960864
0 0 0 0 463974344
0 0 0 0 463987828
0 0 0 0 464001316
0 0 0 0 464014792
0 0 0 0 464028268
0 0 0 0 464041740
0 0 0 0 464055220
0 0 0 0 464068708
0 0 0 0 464082196
0 0 0 0 464095684
0 0 0 0 464109168
0 0 0 0 464122632
0 0 0 0 464136120
0 0 0 0 464149616
0 0 0 0 464164280
0 0 0 0 464178948
0 0 0 0 464192428
0 0 0 0 464207116
0 0 0 0 464220604
0 0 0 0 464235260
0 0 0 0 464249940
0 0 0 0 464263432
0 0 0 0 464278116
0 0 0 0 464291584
0 0 0 0 464305060
0 0 0 0 464318540
0 0 0 0 464332028
0 0 0 0 464345504
0 0 0 0 464358988
0 0 0 0 464372468
0 0 0 0 464385956
0 0 0 0 464399444
0 0 0 0 464412920
0 0 0 0 464426388
0 0 0 0 464439864
0 0 0 0 464455736
0 0 0 0 464469208
0 0 0 0 464483888
0 0 0 0 464499760
0 0 0 0 464514444
0 0 0 0 464527920
0 0 0 0 464541400
0 0 0 0 464554884
0 0 0 0 464568372
0 0 0 0 464581844
0 0 0 0 464595332
0 0 0 0 464608804
0 0 0 0 464622276
0 0 0 0 464635768
0 0 0 0 464649256
0 0 0 0 464662740
0 0 0 0 464676232
0 0 0 0 464689716
0 0 0 0 464703204
0 0 0 0 464717884
0 0 0 0 464732552
0 0 0 0 464746028
0 0 0 0 464760700
0 0 0 0 464774192
0 0 0 0 464788876
0 0 0 0 464803544
0 0 0 0 464817028
0 0 0 0 464831700
0 0 0 0 464845192
0 0 0 0 464858672
0 0 0 0 464872152
0 0 0 0 464885652
0 0 0 0 464899124
0 0 0 0 464912600
0 0 0 0 464926096
0 0 0 0 464939568
0 0 0 0 464955432
0 0 0 0 464968924
0 0 0 0 464982400
0 0 0 0 464995884
0 0 0 0 465009348
0 0 0 0 465022844
0 0 0 0 465036340
0 0 0 0 465051016
0 0 0 0 465064500
0 0 0 0 465077976
0 0 0 0 465091464
0 0 0 0 465104948
0 0 0 0 465118432
0 0 0 0 465131900
0 0 0 0 465145384
0 0 0 0 465158860
0 0 0 0 465172336
0 0 0 0 465185836
0 0 0 0 465199332
0 0 0 0 465212812
0 0 0 0 465226292
0 0 0 0 465239756
0 0 0 0 465253248
1 25477 0 0 465266744
0 0 0 0 465280908
0 0 0 0 465294400
0 0 0 0 465307868
0 0 0 0 465321348
0 0 0 0 465334840
0 0 0 0 465348316
0 0 0 0 465361796
0 0 0 0 465375288
0 0 0 0 465388756
0 0 0 0 465402236
0 0 0 0 465415708
0 0 0 0 465429180
0 0 0 0 465442656
1 25412 0 0 465456148
1 25440 0 0 465470332
0 0 0 0 465484508
0 0 0 0 465497980
0 0 0 0 465511452
0 0 0 0 465526124
0 0 0 0 465541976
0 0 0 0 465555472
1 25262 0 0 465568960
0 0 0 0 465583148
0 0 0 0 465596636
0 0 0 0 465610116
0 0 0 0 465623592
0 0 0 0 465637064
0 0 0 0 465650548
0 0 0 0 465664052
0 0 0 0 465677520
0 0 0 0 465691016
0 0 0 0 465704496
0 0 0 0 465717956
0 0 0 0 465731440
0 0 0 0 465744948
0 0 0 0 465758428
0 0 0 0 465771916
0 0 0 0 465785396
0 0 0 0 465800060
0 0 0 0 465814728
0 0 0 0 465828204
0 0 0 0 465842892
0 0 0 0 465856376
0 0 0 0 465871048
0 0 0 0 465885744
0 0 0 0 465899220
0 0 0 0 465913908
0 0 0 0 465927392
0 0 0 0 465940868
0 0 0 0 465954344
0 0 0 0 465967820
0 0 0 0 465981312
0 0 0 0 465994792
0 0 0 0 466008284
0 0 0 0 466021768
0 0 0 0 466037624
0 0 0 0 466051124
0 0 0 0 466064600
1 25000 0 0 466078088
0 0 0 0 466092260
0 0 0 0 466105732
0 0 0 0 466121608
0 0 0 0 466137480
0 0 0 0 466152144
0 0 0 0 466165628
0 0 0 0 466179124
0 0 0 0 466192608
0 0 0 0 466206088
0 0 0 0 466219556
0 0 0 0 466233032
0 0 0 0 466246516
0 0 0 0 466260008
0 0 0 0 466273480
0 0 0 0 466286960
0 0 0 0 466300456
0 0 0 0 466313932
0 0 0 0 466327404
0 0 0 0 466340900
0 0 0 0 466354380
0 0 0 0 466367872
0 0 0 0 466382536
0 0 0 0 466396032
0 0 0 0 466409520
0 0 0 0 466422988
0 0 0 0 466436488
0 0 0 0 466449956
1 24849 0 0 466463432
1 24774 0 0 466477620
0 0 0 0 466491784
0 0 0 0 466505260
0 0 0 0 466518732
0 0 0 0 466532204
0 0 0 0 466545676
0 0 0 0 466560352
1 24662 0 0 466573840
0 0 0 0 466588024
0 0 0 0 466601492
0 0 0 0 466616168
0 0 0 0 466629656
1 24591 0 0 466643144
1 24704 0 0 466657344
0 0 0 0 466671520
1 24742 0 0 466686192
1 24667 0 0 466700380
0 0 0 0 466714560
0 0 0 0 466729244
0 0 0 0 466742728
0 0 0 0 466756196
0 0 0 0 466769672
0 0 0 0 466783152
1 24554 0 0 466796656
0 0 0 0 466810828
0 0 0 0 466825500
1 24591 0 0 466840176
1 24591 0 0 466854344
1 24554 0 0 466868520
1 24554 0 0 466882696
1 24516 0 0 466898052
1 24441 0 0 466912220
0 0 0 0 466926412
1 24516 0 0 466941072
0 0 0 0 466955236
1 24479 0 0 466969908
1 24479 0 0 466984076
0 0 0 0 466998244
1 24479 0 0 467012912
1 24404 0 0 467027096
1 24441 0 0 467041268
0 0 0 0 467055436
0 0 0 0 467068920
0 0 0 0 467082408
1 24404 0 0 467095872
0 0 0 0 467110056
0 0 0 0 467125900
0 0 0 0 467141752
0 0 0 0 467155232
0 0 0 0 467169912
0 0 0 0 467185780
0 0 0 0 467200444
0 0 0 0 467213924
1 24305 0 0 467227416
0 0 0 0 467242800
0 0 0 0 467258672
0 0 0 0 467273328
1 24305 0 0 467286796
0 0 0 0 467300980
0 0 0 0 467315644
0 0 0 0 467329144
0 0 0 0 467342612
0 0 0 0 467356096
0 0 0 0 467370784
0 0 0 0 467384260
0 0 0 0 467398940
0 0 0 0 467413604
0 0 0 0 467427080
0 0 0 0 467440568
0 0 0 0 467454060
0 0 0 0 467468752
0 0 0 0 467482220
1 24118 0 0 467495688
0 0 0 0 467509884
0 0 0 0 467524536
0 0 0 0 467538016
0 0 0 0 467552700
0 0 0 0 467566176
0 0 0 0 467579656
0 0 0 0 467593160
0 0 0 0 467606652
0 0 0 0 467622500
0 0 0 0 467635972
0 0 0 0 467649456
0 0 0 0 467662952
0 0 0 0 467676432
0 0 0 0 467689920
0 0 0 0 467703412
0 0 0 0 467719284
0 0 0 0 467732756
0 0 0 0 467747432
0 0 0 0 467763300
0 0 0 0 467777988
1 23874 0 0 467791480
0 0 0 0 467805668
0 0 0 0 467820320
0 0 0 0 467833800
0 0 0 0 467847288
0 0 0 0 467860772
0 0 0 0 467874256
1 23911 0 0 467887732
0 0 0 0 467901904
0 0 0 0 467916548
0 0 0 0 467931224
0 0 0 0 467944696
0 0 0 0 467958180
0 0 0 0 467971644
0 0 0 0 467985124
0 0 0 0 467998608
0 0 0 0 468013276
0 0 0 0 468026748
0 0 0 0 468041420
0 0 0 0 468056104
0 0 0 0 468069604
0 0 0 0 468084272
0 0 0 0 468097748
0 0 0 0 468111236
0 0 0 0 468124728
0 0 0 0 468138208
0 0 0 0 468151688
0 0 0 0 468165168
0 0 0 0 468178620
1 23761 0 0 468192108
0 0 0 0 468206300
1 23611 0 0 468220976
0 0 0 0 468235160
0 0 0 0 468251020
1 23649 0 0 468266888
0 0 0 0 468282248
1 23611 0 0 468296932
0 0 0 0 468311116
1 23611 0 0 468324576
1 23724 0 0 468338760
1 23536 0 0 468354128
0 0 0 0 468368292
1 23574 0 0 468382968
1 23499 0 0 468397160
1 23461 0 0 468411328
0 0 0 0 468425512
0 0 0 0 468440176
1 23461 0 0 468454848
1 23536 0 0 468469032
1 23499 0 0 468483216
1 23574 0 0 468497380
1 23461 0 0 468511564
1 23536 0 0 468526948
1 23461 0 0 468541132
0 0 0 0 468555308
0 0 0 0 468569988
1 23461 0 0 468584668
1 23461 0 0 468598840
0 0 0 0 468613020
0 0 0 0 468627692
0 0 0 0 468641176
1 23349 0 0 468655844
0 0 0 0 468670044
1 23349 1 23344 468684736
1 23386 0 0 468699644
1 23386 1 23456 468713836
1 23311 0 0 468728720
0 0 0 0 468742908
1 23273 1 23231 468757588
1 23349 0 0 468772484
1 23273 0 0 468787864
1 23255 0 0 468802036
0 0 0 0 468816228
1 23255 1 23381 468829708
1 23292 0 0 468844616
0 0 0 0 468858792
1 23292 0 0 468873464
1 23217 0 0 468887656
1 24493 0 0 468901836
1 23217 0 0 468916020
1 23180 1 23194 468930212
1 23180 0 0 468945124
0 0 0 0 468959316
0 0 0 0 468973980
0 0 0 0 468987452
0 0 0 0 469000920
0 0 0 0 469014416
0 0 0 0 469027896
0 0 0 0 469041380
1 23292 0 0 469054872
0 0 1 23156 469069056
0 0 0 0 469084428
0 0 0 0 469097924
0 0 1 23081 469112576
0 0 0 0 469126756
0 0 0 0 469141428
0 0 0 0 469154912
0 0 0 0 469168388
0 0 0 0 469181860
0 0 0 0 469195340
0 0 0 0 469208832
0 0 0 0 469222304
0 0 0 0 469235796
0 0 0 0 469249276
0 0 0 0 469262764
0 0 0 0 469276260
0 0 1 22837 469289736
0 0 0 0 469303928
0 0 0 0 469317412
0 0 0 0 469333288
0 0 0 0 469349144
0 0 0 0 469363832
0 0 0 0 469377308
0 0 0 0 469390780
0 0 0 0 469404272
0 0 0 0 469417740
0 0 0 0 469431204
0 0 0 0 469444692
0 0 0 0 469458172
0 0 0 0 469471652
0 0 1 22762 469485140
0 0 1 22762 469499332
0 0 0 0 469513524
1 22729 0 0 469527016
1 22692 0 0 469541220
1 22729 0 0 469555424
0 0 0 0 469569616
1 22692 0 0 469584264
1 24155 0 0 469598440
0 0 1 22612 469612620
0 0 0 0 469628004
1 22729 0 0 469641504
1 22654 0 0 469655696
1 22767 0 0 469671060
0 0 1 22762 469685224
0 0 0 0 469699408
0 0 0 0 469714088
0 0 1 22575 469727564
0 0 0 0 469741740
1 22617 0 0 469755212
0 0 0 0 469769396
0 0 0 0 469782892
1 22542 1 22575 469796384
0 0 0 0 469811272
1 22467 0 0 469825940
0 0 0 0 469840128
1 22542 0 0 469854788
0 0 0 0 469868976
1 22617 0 0 469884864
1 22504 0 0 469899048
0 0 0 0 469913232
1 22429 0 0 469926700
1 22467 0 0 469940892
1 22429 1 22462 469955076
1 22579 0 0 469969956
0 0 0 0 469984116
0 0 0 0 469998796
0 0 0 0 470012272
0 0 0 0 470025752
1 22410 0 0 470039220
0 0 1 22349 470053428
0 0 1 22312 470068816
0 0 0 0 470083020
0 0 0 0 470097700
0 0 0 0 470111176
0 0 0 0 470125848
0 0 0 0 470140516
0 0 0 0 470153988
0 0 0 0 470168676
0 0 0 0 470182148
0 0 0 0 470196832
0 0 0 0 470211508
0 0 0 0 470225004
0 0 0 0 470239684
1 22335 0 0 470253144
0 0 0 0 470267336
0 0 0 0 470280824
0 0 0 0 470295496
0 0 0 0 470308980
0 0 0 0 470322460
0 0 0 0 470335944
0 0 0 0 470349432
0 0 0 0 470362892
0 0 0 0 470376384
0 0 0 0 470389860
1 22185 0 0 470403348
0 0 0 0 470417548
0 0 0 0 470433408
0 0 0 0 470449264
0 0 0 0 470462748
0 0 0 0 470477412
0 0 0 0 470493300
0 0 0 0 470507964
0 0 0 0 470521468
0 0 1 22031 470534944
0 0 0 0 470549140
0 0 0 0 470563816
0 0 0 0 470577296
0 0 0 0 470590760
0 0 0 0 470604224
0 0 0 0 470617716
0 0 0 0 470631172
0 0 0 0 470644644
0 0 0 0 470658164
0 0 0 0 470671636
0 0 0 0 470686308
0 0 0 0 470699812
0 0 0 0 470714488
0 0 0 0 470729148
0 0 0 0 470742640
0 0 0 0 470757320
0 0 0 0 470770808
0 0 0 0 470784280
0 0 0 0 470797772
0 0 0 0 470811252
0 0 0 0 470824716
0 0 0 0 470838204
0 0 0 0 470851684
0 0 0 0 470865176
0 0 0 0 470878652
0 0 0 0 470892140
0 0 0 0 470908000
0 0 0 0 470921480
0 0 0 0 470934984
0 0 0 0 470948472
0 0 0 0 470961928
0 0 0 0 470975392
0 0 0 0 470990076
0 0 0 0 471005936
0 0 0 0 471020608
0 0 0 0 471034088
0 0 0 0 471047564
0 0 0 0 471061040
0 0 0 0 471074508
0 0 0 0 471087992
0 0 0 0 471101492
0 0 0 0 471114972
0 0 0 0 471128460
0 0 0 0 471141928
0 0 0 0 471155400
0 0 0 0 471168888
0 0 0 0 471182372
0 0 0 0 471197048
0 0 0 0 471211720
0 0 0 0 471225220
0 0 0 0 471238716
0 0 0 0 471252188
0 0 0 0 471266860
0 0 0 0 471280340
0 0 0 0 471293836
0 0 0 0 471307324
0 0 0 0 471320808
0 0 0 0 471334280
0 0 0 0 471347768
0 0 0 0 471361236
0 0 0 0 471374704
0 0 0 0 471388188
1 21435 0 0 471401664
0 0 0 0 471415860
0 0 0 0 471431720
0 0 0 0 471445200
0 0 0 0 471458684
0 0 0 0 471474572
0 0 0 0 471488060
0 0 0 0 471501540
0 0 0 0 471516224
0 0 0 0 471529696
0 0 0 0 471543176
0 0 0 0 471556652
0 0 0 0 471570124
0 0 0 0 471583608
0 0 0 0 471597076
0 0 0 0 471610560
0 0 0 0 471624028
0 0 0 0 471637496
0 0 0 0 471650980
1 21322 0 0 471664452
0 0 0 0 471678652
0 0 0 0 471693328
0 0 0 0 471706800
0 0 0 0 471721488
0 0 0 0 471734964
0 0 0 0 471749648
0 0 0 0 471764328
0 0 0 0 471777824
0 0 0 0 471792480
0 0 0 0 471805972
0 0 0 0 471820644
0 0 0 0 471835328
0 0 0 0 471848800
0 0 0 0 471863476
0 0 0 0 471876960
0 0 0 0 471890420
0 0 0 0 471903912
0 0 0 0 471917408
0 0 0 0 471930888
0 0 0 0 471944364
0 0 0 0 471957844
0 0 0 0 471971336
0 0 0 0 471987172
0 0 0 0 472000664
0 0 0 0 472014132
0 0 0 0 472027608
0 0 0 0 472042280
0 0 0 0 472058136
0 0 0 0 472072796
0 0 0 0 472086288
0 0 0 0 472099764
0 0 0 0 472113248
0 0 0 0 472126732
0 0 0 0 472140228
0 0 0 0 472153716
0 0 0 0 472167192
0 0 0 0 472180664
0 0 0 0 472194156
0 0 0 0 472207640
0 0 0 0 472221116
0 0 0 0 472234608
0 0 0 0 472248088
0 0 0 0 472261572
0 0 0 0 472276256
0 0 0 0 472290912
0 0 0 0 472304388
0 0 0 0 472319068
0 0 0 0 472332556
0 0 0 0 472347240
0 0 0 0 472361908
0 0 0 0 472375404
0 0 0 0 472390084
0 0 0 0 472403568
0 0 0 0 472417032
0 0 0 0 472430528
0 0 0 0 472444012
0 0 0 0 472457496
0 0 0 0 472470964
0 0 0 0 472484440
0 0 0 0 472497928
0 0 0 0 472511428
0 0 0 0 472524924
0 0 0 0 472540784
0 0 0 0 472554248
0 0 0 0 472567752
0 0 0 0 472581232
0 0 0 0 472594724
0 0 0 0 472609404
0 0 0 0 472622856
0 0 0 0 472636348
0 0 0 0 472649848
0 0 0 0 472663316
0 0 0 0 472676808
0 0 0 0 472690284
0 0 0 0 472703756
0 0 0 0 472717236
0 0 0 0 472730740
0 0 0 0 472744232
0 0 0 0 472757704
0 0 0 0 472771188
0 0 0 0 472784648
0 0 0 0 472798128
0 0 0 0 472811628
0 0 0 0 472825112
0 0 0 0 472839792
0 0 0 0 472854452
0 0 0 0 472867944
0 0 0 0 472882624
0 0 0 0 472896108
0 0 0 0 472910764
0 0 0 0 472925448
0 0 0 0 472938932
0 0 0 0 472953604
0 0 0 0 472967080
0 0 0 0 472980568
0 0 0 0 472994048
0 0 1 20361 473007520
0 0 0 0 473021704
0 0 0 0 473036404
0 0 0 0 473049864
0 0 0 0 473064548
0 0 0 0 473080416
0 0 0 0 473093904
0 0 0 0 473107376
0 0 0 0 473122060
0 0 0 0 473135556
0 0 0 0 473149040
1 21791 0 0 473162516
0 0 0 0 473176684
0 0 0 0 473191344
1 20253 0 0 473207212
0 0 0 0 473221412
0 0 0 0 473234880
0 0 0 0 473248364
0 0 0 0 473261832
1 20891 0 0 473275332
1 20065 0 0 473289516
0 0 0 0 473303704
0 0 0 0 473317188
0 0 0 0 473330664
0 0 0 0 473344148
0 0 0 0 473357624
0 0 0 0 473372296
0 0 0 0 473385764
0 0 0 0 473400436
0 0 0 0 473415108
0 0 0 0 473428596
0 0 0 0 473443256
0 0 0 0 473456752
0 0 0 0 473470228
0 0 0 0 473483724
0 0 0 0 473497180
0 0 0 0 473510668
0 0 0 0 473524148
0 0 0 0 473537640
0 0 0 0 473551124
0 0 0 0 473564612
0 0 0 0 473578108
0 0 0 0 473591576
0 0 0 0 473605072
0 0 0 0 473618560
0 0 0 0 473632032
1 21566 0 0 473647896
0 0 0 0 473662088
1 19971 0 0 473677940
0 0 0 0 473692120
0 0 0 0 473705592
0 0 0 0 473719060
1 19784 0 0 473732540
0 0 0 0 473746720
0 0 0 0 473760184
0 0 0 0 473774860
0 0 0 0 473789536
1 21397 0 0 473803024
1 21360 0 0 473817224
1 21397 0 0 473831392
0 0 0 0 473845572
1 21397 0 0 473860248
0 0 0 0 473874436
1 21397 0 0 473889108
1 21397 1 21355 473903292
1 19784 0 0 473918184
0 0 0 0 473932384
0 0 0 0 473947072
1 21360 0 0 473961752
1 21322 0 0 473975940
1 21848 0 0 473990108
1 21322 0 0 474004296
1 21698 0 0 474018468
1 21735 0 0 474033860
1 21735 0 0 474048052
1 21247 0 0 474062224
1 21322 0 0 474076396
1 21210 0 0 474091776
1 21322 0 0 474105952
1 21810 0 0 474120136
1 21285 0 0 474134312
1 21360 0 0 474149672
1 21360 0 0 474163856
1 21205 1 21730 474178036
1 21243 1 21730 474192948
1 21580 0 0 474207844
1 21730 0 0 474222020
0 0 0 0 474236208
1 21655 0 0 474249660
1 21243 0 0 474263844
1 21205 0 0 474278020
1 21168 0 0 474292188
1 21092 0 0 474307544
1 21130 0 0 474321724
1 21168 0 0 474335912
1 21168 0 0 474350120
1 21092 0 0 474364300
1 21092 0 0 474379668
1 21130 0 0 474393840
1 21017 0 0 474408036
1 21092 1 21111 474422216
1 21055 0 0 474437112
1 21092 0 0 474452488
1 20980 0 0 474466660
1 21017 0 0 474480840
1 20980 1 21111 474495012
1 20942 0 0 474509912
1 20980 0 0 474524100
1 21055 0 0 474539484
1 20980 0 0 474553652
1 20905 0 0 474567824
0 0 0 0 474581984
1 20942 0 0 474595460
1 20867 0 0 474609640
1 20942 0 0 474623816
1 20905 0 0 474638000
1 20942 0 0 474653392
1 20942 0 0 474667568
1 20966 0 0 474681728
1 21003 1 20886 474695908
1 20928 1 20961 474710788
1 20966 0 0 474725684
0 0 0 0 474739856
1 20853 0 0 474753320
1 20816 0 0 474767504
1 20928 1 20849 474781672
1 20891 0 0 474796552
0 0 0 0 474810752
1 20816 1 20849 474824216
1 19287 0 0 474839112
1 20891 0 0 474853292
0 0 0 0 474867476
1 20853 0 0 474882148
1 20853 0 0 474896328
1 20666 0 0 474910508
0 0 0 0 474924688
1 20816 0 0 474939352
0 0 1 20717 474953528
0 0 0 0 474967720
1 20703 0 0 474982408
1 20703 0 0 474996584
1 19062 0 0 475010772
0 0 0 0 475026152
0 0 0 0 475039628
0 0 1 20755 475053116
1 19100 0 0 475067296
0 0 0 0 475081480
0 0 0 0 475096152
0 0 0 0 475110816
1 20741 0 0 475124300
0 0 0 0 475138496
0 0 0 0 475151968
0 0 0 0 475165444
1 18987 0 0 475178924
0 0 0 0 475193108
0 0 0 0 475207804
0 0 0 0 475221276
0 0 0 0 475234748
1 18926 1 19301 475248236
0 0 0 0 475263124
0 0 0 0 475277780
0 0 0 0 475292448
0 0 0 0 475305924
0 0 0 0 475319408
0 0 0 0 475332892
0 0 0 0 475346360
0 0 0 0 475359844
0 0 0 0 475373324
0 0 0 0 475386800
0 0 0 0 475400300
1 18814 0 0 475413788
0 0 0 0 475427968
0 0 0 0 475442616
0 0 0 0 475456092
0 0 0 0 475469580
0 0 0 0 475483056
0 0 0 0 475497748
0 0 0 0 475511228
0 0 0 0 475525888
0 0 0 0 475540560
0 0 0 0 475554028
1 18776 0 0 475567496
0 0 0 0 475581660
0 0 0 0 475595148
0 0 0 0 475609824
1 18701 0 0 475624508
0 0 0 0 475638684
0 0 0 0 475652160
0 0 0 0 475665624
0 0 0 0 475679112
1 18626 0 0 475692584
0 0 0 0 475706756
0 0 0 0 475721428
0 0 0 0 475734892
1 18593 0 0 475748368
0 0 0 0 475762556
0 0 0 0 475778408
1 19269 0 0 475791888
0 0 0 0 475806076
1 18593 0 0 475819560
0 0 0 0 475833748
0 0 0 0 475848404
0 0 0 0 475864276
0 0 0 0 475878952
1 18556 0 0 475892432
0 0 0 0 475906612
0 0 0 0 475921284
1 18481 0 0 475935972
0 0 0 0 475951352
1 19118 0 0 475964836
0 0 0 0 475979004
0 0 0 0 475993668
1 19006 0 0 476008340
0 0 0 0 476022528
1 18406 0 0 476037200
0 0 0 0 476051364
1 18368 0 0 476064844
0 0 0 0 476079016
1 18443 0 0 476092504
1 18443 1 18377 476106688
0 0 1 18377 476121592
0 0 1 18377 476136948
1 18406 0 0 476151156
1 18293 0 0 476165348
0 0 0 0 476179524
0 0 0 0 476194184
1 18443 0 0 476207664
1 18293 0 0 476221836
1 18368 0 0 476237200
1 18293 0 0 476251360
1 18180 0 0 476265524
0 0 1 18227 476279696
1 18330 1 18302 476293888
0 0 1 18265 476308788
1 18293 0 0 476322984
1 18218 1 18227 476337172
0 0 1 18190 476352056
1 18293 1 18190 476367456
1 18255 0 0 476382352
1 18218 1 18190 476396540
1 18180 1 18190 476411444
1 18180 0 0 476426328
1 18143 1 18227 476440512
1 18180 1 18077 476455408
0 0 1 18190 476470316
1 18180 1 18227 476484504
1 18180 1 18152 476499392
1 18143 0 0 476514284
1 18068 1 18115 476528452
1 18068 0 0 476543352
1 18068 0 0 476557540
1 18068 1 18040 476572908
1 18030 1 18040 476587788
1 18105 0 0 476602672
1 18030 0 0 476618048
1 17993 1 18026 476632228
0 0 0 0 476647120
0 0 1 17951 476661804
1 18068 0 0 476675992
0 0 1 17951 476690172
1 18443 1 17838 476705560
1 17880 1 17988 476720460
1 17955 1 17913 476735352
0 0 1 18438 476750252
0 0 1 17876 476764464
0 0 1 17913 476778648
1 17800 1 17913 476792828
0 0 0 0 476807712
1 17838 1 17876 476821176
1 17876 1 17876 476836072
1 17876 0 0 476850984
1 17763 1 17800 476865172
0 0 1 17763 476880064
1 18363 0 0 476894252
1 17838 1 17838 476909624
1 17763 1 17800 476924516
1 17763 0 0 476939420
1 17800 1 17763 476954796
1 17800 1 17800 476969696
1 17725 1 17725 476984580
1 17725 1 17688 476999476
1 17725 1 17688 477014384
1 17763 1 17725 477029268
1 17725 0 0 477044164
1 17650 1 17725 477059532
1 17650 1 17650 477074424
1 17688 1 17650 477089328
1 17650 1 17613 477104208
1 17613 1 17688 477119096
1 17613 1 17688 477133972
0 0 1 17613 477148868
1 17500 1 17575 477163052
1 17613 1 17650 477177948
1 17613 1 17725 477192844
0 0 1 17538 477207744
0 0 1 17575 477221948
1 17763 1 17613 477236136
1 17500 1 17650 477251028
1 17613 1 17575 477265932
1 19376 1 17575 477280836
1 17538 1 17538 477295736
1 17538 1 17500 477310628
1 17538 1 17500 477325528
1 17538 1 17463 477340416
1 17575 1 17500 477355312
1 17538 1 17538 477370204
1 17463 1 17500 477385112
1 17575 1 17463 477400000
1 17425 1 17500 477414900
1 17388 1 17463 477429816
1 17463 1 17988 477444704
1 17463 1 17463 477459608
1 17350 1 17463 477474500
1 17425 1 17425 477489380
1 17388 0 0 477504284
1 17388 0 0 477518464
1 17275 1 17350 477532648
1 17313 1 17350 477547548
1 17388 1 17425 477562440
1 17388 1 17388 477577340
1 17238 1 17425 477592224
1 17350 1 17425 477607120
1 17350 1 17388 477622028
1 17275 1 17275 477636928
1 17238 1 17275 477651816
1 17238 1 17238 477666724
1 17200 1 17238 477681620
1 17876 1 17200 477696532
1 17238 1 17275 477711424
1 17238 1 17313 477726328
1 17163 1 17350 477741228
1 17838 1 17238 477756132
1 17088 1 17350 477771024
1 17125 1 17238 477785924
1 17163 1 17238 477800820
1 17763 1 17275 477815700
1 17163 1 17238 477830612
1 17163 1 17275 477845492
1 17163 1 17275 477860404
1 17725 1 17238 477875288
1 17088 1 17163 477890184
1 17163 1 17200 477905068
0 0 1 17125 477919968
1 17125 1 17163 477935352
1 17050 1 17163 477950244
1 17050 1 17088 477965132
1 17163 0 0 477980044
1 16975 1 17088 477994224
1 17088 1 17050 478009108
1 17050 1 17088 478024012
1 17012 1 17050 478038916
1 17050 1 17050 478053812
1 17012 1 17012 478068712
1 17012 1 17012 478083616
1 17012 1 17088 478098496
1 16975 1 17012 478113396
1 17012 1 16975 478128276
0 0 1 16937 478143168
1 17012 1 16900 478157356
1 16937 1 17012 478172260
0 0 1 16900 478187144
1 16900 0 0 478201320
0 0 1 16937 478216696
1 16862 1 16937 478230880
1 16937 1 16937 478245764
1 17050 1 16900 478260664
1 16862 1 16975 478275552
0 0 1 16937 478290444
1 16862 0 0 478304632
1 16862 1 16787 478318812
0 0 1 16900 478333704
1 16787 1 16862 478347892
1 17313 1 16750 478362788
1 16787 1 16750 478377680
1 17238 1 16900 478392568
1 16787 1 16900 478407476
1 16675 1 16750 478422376
1 16787 1 16825 478437272
0 0 1 16900 478452176
0 0 1 16750 478466364
1 16675 1 16825 478480540
1 16675 1 16750 478495432
1 16637 1 16750 478510328
0 0 1 16787 478525228
1 16637 0 0 478539424
1 16637 1 16525 478553600
0 0 1 16675 478568492
1 16675 0 0 478582660
1 18476 1 16675 478596832
1 16562 1 16712 478611748
1 16600 1 16600 478626644
1 16675 0 0 478641548
1 16562 0 0 478655728
1 17012 1 16675 478669904
0 0 0 0 478684776
1 17163 1 16750 478698256
1 17050 1 16637 478713152
1 17012 1 16675 478728032
0 0 1 16600 478742936
1 16562 1 16600 478758332
1 17050 1 16562 478773228
1 16562 1 16600 478788116
1 17163 0 0 478803020
1 16412 0 0 478818420
1 16562 1 16637 478832588
1 17088 1 16600 478847468
1 16487 1 16487 478862388
1 16487 1 16600 478877280
1 16487 1 16637 478892184
1 16450 1 16525 478907068
1 16450 0 0 478921980
1 16450 1 16375 478936168
0 0 1 16487 478951060
1 16375 0 0 478965252
1 16337 1 16487 478979448
0 0 1 16375 478994332
0 0 0 0 479009716
1 16787 0 0 479023216
1 16487 1 16450 479037392
1 16787 1 16300 479052284
1 16750 1 16375 479067188
1 16337 1 16375 479082088
0 0 0 0 479096984
1 16712 1 16375 479112836
0 0 1 16637 479127720
1 16712 1 16675 479141908
0 0 0 0 479156816
0 0 1 16337 479171480
0 0 1 16300 479185676
0 0 1 16262 479201076
1 16262 1 16337 479215268
0 0 0 0 479230184
0 0 1 16224 479244844
0 0 1 16300 479259024
0 0 1 16187 479273212
0 0 1 16300 479287412
1 16149 0 0 479302776
0 0 1 16074 479316960
1 16187 0 0 479331136
0 0 0 0 479345320
0 0 1 16149 479359992
1 16562 0 0 479374180
0 0 0 0 479388364
1 16037 1 16037 479401848
1 15999 0 0 479416740
1 16037 0 0 479430932
1 16450 1 16525 479445116
1 15962 0 0 479460004
0 0 1 16074 479474212
1 15924 0 0 479488392
1 16037 1 16112 479503764
0 0 1 16112 479518648
0 0 0 0 479532840
1 15887 1 16149 479548724
0 0 1 15924 479563608
0 0 0 0 479577800
0 0 1 16149 479593696
1 16037 1 16037 479609072
0 0 1 16037 479623972
1 15924 1 15924 479638160
1 15999 1 15962 479653060
0 0 1 15962 479667956
0 0 1 16168 479682148
0 0 1 15906 479696344
0 0 0 0 479711716
1 15887 0 0 479726388
0 0 0 0 479740580
0 0 0 0 479754064
0 0 0 0 479767524
0 0 1 15793 479781000
0 0 1 15943 479795184
1 15737 0 0 479810580
0 0 1 16206 479824768
1 16173 1 15793 479838956
0 0 0 0 479853856
0 0 1 15793 479867336
0 0 0 0 479881520
1 16623 0 0 479895000
0 0 0 0 479909184
1 15723 0 0 479922656
1 15760 1 16168 479936824
1 15685 1 15793 479951696
1 15723 1 16131 479966604
0 0 0 0 479981484
0 0 0 0 479996184
0 0 0 0 480009672
0 0 0 0 480024336
0 0 1 15643 480037820
0 0 0 0 480052024
0 0 0 0 480065492
0 0 0 0 480081340
0 0 1 15643 480097216
1 15535 1 16056 480111420
0 0 0 0 480126312
1 15497 0 0 480142176
0 0 0 0 480156364
1 15610 1 15643 480169836
0 0 1 15474 480184744
0 0 0 0 480198944
0 0 0 0 480212420
1 15535 0 0 480227100
0 0 0 0 480241280
0 0 0 0 480254756
0 0 0 0 480268244
0 0 0 0 480281712
0 0 1 15549 480295196
0 0 0 0 480309388
1 4294967295 0 0 480324064
0 0 0 0 480338440
0 0 1 15437 480353104
1 15497 1 15849 480367304
1 15385 0 0 480382192
1 15497 1 15512 480396372
1 15497 0 0 480411248
0 0 0 0 480425432
1 15347 0 0 480440092
0 0 1 15774 480454280
1 15385 1 15849 480468468
0 0 1 15812 480483376
1 15310 1 15849 480498756
0 0 1 15324 480513656
0 0 0 0 480527836
1 15310 0 0 480541316
1 15310 0 0 480555500
0 0 1 15737 480569680
0 0 1 15324 480583872
1 15347 1 15774 480598064
1 15197 1 15286 480612968
1 15310 1 15286 480627856
1 15235 0 0 480642736
1 15235 0 0 480656924
1 15310 0 0 480671100
1 15272 1 15680 480685276
1 15160 1 15230 480700172
1 15197 1 15755 480715064
1 15197 1 15268 480729960
1 15235 1 15643 480744868
1 15197 0 0 480759764
1 15197 1 15155 480773956
1 15197 1 15643 480788848
1 15160 1 15155 480803740
0 0 0 0 480818644
1 15085 0 0 480832116
1 15122 1 15155 480846292
1 15010 0 0 480861168
1 15010 0 0 480875352
1 15047 0 0 480890740
1 15085 1 15118 480904924
1 15122 0 0 480919816
1 15085 1 15043 480934004
1 15085 0 0 480948896
1 14935 1 15080 480963080
1 15010 1 15493 480977968
1 14972 1 15043 480992860
0 0 0 0 481007756
1 14897 0 0 481022424
0 0 0 0 481037796
1 15010 0 0 481052456
1 14897 0 0 481066648
1 14897 0 0 481080836
1 14935 1 15343 481095028
1 14785 0 0 481109920
0 0 1 14892 481124116
0 0 0 0 481138292
1 14897 1 14855 481151780
0 0 0 0 481166668
0 0 0 0 481182524
1 14897 1 14874 481198400
0 0 0 0 481213308
0 0 0 0 481226788
0 0 0 0 481241476
0 0 1 14836 481257320
0 0 0 0 481272692
1 17111 0 0 481287368
1 17073 1 14799 481301556
0 0 0 0 481316440
0 0 0 0 481329920
0 0 0 0 481343400
0 0 0 0 481356880
1 14710 0 0 481370356
0 0 0 0 481384556
0 0 0 0 481399232
0 0 0 0 481412724
1 16975 0 0 481426212
0 0 0 0 481440396
0 0 1 14686 481453864
0 0 0 0 481469252
1 14986 0 0 481482724
0 0 0 0 481496908
0 0 0 0 481510392
1 16937 1 14573 481525044
0 0 1 14573 481539924
0 0 0 0 481554116
0 0 0 0 481567608
1 14536 0 0 481582284
0 0 0 0 481596464
0 0 1 14423 481611144
0 0 1 14573 481625320
0 0 1 14423 481640716
0 0 0 0 481654912
1 14423 0 0 481668380
1 14461 1 14423 481682576
1 14498 1 14536 481697456
0 0 0 0 481712348
0 0 0 0 481727024
1 16787 0 0 481740500
0 0 0 0 481754684
1 16675 0 0 481768164
1 14348 0 0 481782348
1 16825 0 0 481796548
1 14311 1 14442 481810728
1 16750 1 14592 481825628
1 16750 0 0 481840524
1 16712 0 0 481854708
1 16712 0 0 481870092
1 16712 0 0 481884284
0 0 0 0 481898448
1 16637 0 0 481911928
1 16698 1 14405 481926100
1 14409 1 14405 481940984
1 16736 1 14255 481955884
1 16773 0 0 481970772
1 16736 0 0 481984964
1 16736 0 0 481999140
1 16736 1 16656 482013316
1 14157 1 16581 482028204
1 14194 0 0 482043104
0 0 1 14255 482057276
0 0 1 14217 482072648
0 0 1 14405 482086832
0 0 0 0 482101008
0 0 1 14255 482115684
0 0 0 0 482129872
0 0 1 14255 482143356
0 0 0 0 482157528
0 0 0 0 482171000
1 14484 1 14152 482185676
0 0 0 0 482200564
0 0 0 0 482214056
0 0 0 0 482228744
0 0 1 14152 482242212
0 0 1 14114 482256396
0 0 1 14114 482270584
0 0 0 0 482284764
0 0 1 14152 482300632
0 0 0 0 482316020
1 14372 1 13983 482329504
0 0 1 13983 482344400
0 0 1 14021 482358584
0 0 0 0 482373964
0 0 0 0 482387448
0 0 0 0 482402116
0 0 0 0 482415596
0 0 1 14236 482429084
0 0 1 14096 482443260
1 14428 1 13946 482458656
0 0 1 13908 482473556
0 0 1 13946 482487752
0 0 0 0 482501940
0 0 0 0 482515416
0 0 0 0 482528888
0 0 0 0 482542364
0 0 0 0 482555848
0 0 0 0 482569340
1 14353 0 0 482582824
0 0 0 0 482596996
0 0 1 13833 482611660
0 0 0 0 482625844
0 0 0 0 482640512
1 14138 0 0 482653984
0 0 0 0 482669364
0 0 0 0 482682828
1 14213 0 0 482696316
0 0 0 0 482710492
1 14100 0 0 482725156
0 0 0 0 482739348
0 0 0 0 482752820
0 0 0 0 482766288
1 16192 0 0 482779780
1 16229 0 0 482793960
0 0 0 0 482809324
1 16304 1 14133 482825164
0 0 1 14096 482840064
0 0 0 0 482854240
0 0 0 0 482870084
0 0 1 14021 482883560
0 0 1 14021 482897748
0 0 0 0 482911928
0 0 1 14021 482925392
1 16117 1 13983 482939584
1 14428 0 0 482954472
0 0 1 13608 482968660
0 0 1 13946 482982824
1 14353 0 0 482998196
0 0 0 0 483012384
0 0 0 0 483027060
0 0 0 0 483040532
0 0 0 0 483054020
0 0 1 13946 483067484
1 13838 0 0 483081680
0 0 1 13908 483097052
0 0 1 13908 483111228
0 0 0 0 483125420
0 0 0 0 483138900
0 0 1 13871 483152352
0 0 0 0 483166536
0 0 0 0 483181224
0 0 0 0 483195884
0 0 1 14096 483209360
0 0 0 0 483224736
0 0 0 0 483238196
0 0 0 0 483252864
0 0 0 0 483266336
1 15816 0 0 483279816
0 0 0 0 483294000
0 0 0 0 483309868
0 0 0 0 483323344
0 0 0 0 483336816
1 15891 0 0 483350284
1 14100 0 0 483364464
1 14100 0 0 483379824
1 15779 1 13233 483393996
1 15816 0 0 483408880
1 13725 0 0 483423052
1 15704 0 0 483437256
1 15704 0 0 483451448
1 15666 0 0 483466816
0 0 0 0 483480980
1 13613 1 13570 483495652
1 15648 0 0 483510548
1 13932 1 13608 483525940
1 15760 1 13158 483540828
1 14007 1 13570 483555732
1 13969 1 15812 483570624
1 15798 1 13645 483585524
1 13894 1 13495 483600428
1 13894 1 13533 483615308
1 15723 0 0 483630208
1 15723 1 13458 483644388
1 15760 1 13533 483659272
1 15685 1 13083 483674172
1 15760 1 13083 483689068
1 15685 1 13533 483703968
1 15648 0 0 483718864
1 15610 1 12970 483733040
1 15685 0 0 483747920
1 15685 1 13420 483762108
1 15648 1 13458 483777020
1 15685 1 12932 483791912
1 15610 0 0 483806808
1 15573 1 12970 483821020
1 15610 1 13383 483835896
0 0 1 13383 483850804
1 15535 1 13345 483864984
1 15610 0 0 483879876
1 15573 0 0 483894072
1 12918 0 0 483909456
1 15573 1 12909 483923616
1 15535 0 0 483938500
0 0 0 0 483952688
0 0 1 13247 483967368
0 0 0 0 483982736
1 15497 0 0 483997404
0 0 0 0 484011584
1 12806 0 0 484026256
0 0 0 0 484040436
0 0 0 0 484053912
0 0 1 13209 484067392
0 0 0 0 484081568
0 0 0 0 484096220
0 0 1 12646 484109692
1 12806 0 0 484123872
0 0 0 0 484138060
0 0 0 0 484151548
0 0 1 13059 484166216
0 0 0 0 484180392
0 0 0 0 484195056
0 0 1 13097 484208520
0 0 0 0 484222704
0 0 0 0 484237368
0 0 1 12609 484252040
0 0 0 0 484266224
0 0 0 0 484279720
0 0 0 0 484293204
1 12768 0 0 484306692
0 0 0 0 484320876
1 12656 0 0 484334348
0 0 1 12496 484348536
0 0 0 0 484362708
0 0 0 0 484376184
0 0 0 0 484389656
0 0 0 0 484403140
1 15197 0 0 484419004
0 0 0 0 484433188
1 15272 0 0 484449056
1 12543 0 0 484463248
1 15085 0 0 484477432
1 12543 1 13326 484491632
0 0 0 0 484506520
0 0 0 0 484520004
1 15136 1 12426 484535876
1 13008 0 0 484550768
1 12332 1 12426 484566148
0 0 1 12463 484581036
1 14986 1 12463 484595228
1 12895 0 0 484610124
1 12332 1 12426 484624284
1 12332 0 0 484639184
1 12932 1 12313 484653364
1 12407 0 0 484668236
1 12332 0 0 484682440
1 12407 1 12351 484696620
1 12332 0 0 484711504
1 12295 0 0 484726884
1 12257 0 0 484741060
1 12295 0 0 484755252
0 0 0 0 484769412
1 12220 0 0 484782888
1 12782 1 12276 484797088
1 12295 0 0 484812004
1 12192 0 0 484826184
1 12220 0 0 484840352
1 12192 0 0 484855736
1 12192 0 0 484869936
1 12220 1 12211 484884136
1 12192 1 12238 484899024
1 12192 1 12238 484913928
1 12192 1 12238 484928836
1 12155 1 12211 484943716
1 12155 1 12173 484958604
1 12117 1 12173 484973496
1 12155 1 12238 484988380
1 12079 1 12094 485003276
1 12117 1 12094 485018172
1 12042 1 12056 485033076
1 12178 1 12094 485047976
1 12065 1 12094 485062872
1 12028 1 12094 485077756
1 12028 1 12056 485092664
1 12065 1 12018 485107548
1 12065 1 12018 485122444
1 12065 1 12056 485137336
1 11953 1 11981 485152236
1 14672 1 11981 485167136
1 12065 1 12018 485182032
1 11953 1 12018 485196924
1 11953 1 12018 485211820
1 11953 1 11981 485225532
1 11990 1 11981 485240432
1 11915 1 11943 485255320
1 14822 1 11906 485270224
1 11990 1 11943 485285100
1 11990 0 0 485300000
1 11915 1 11981 485314172
1 11878 1 11943 485329064
1 11840 1 11906 485343964
1 11878 1 11943 485358848
1 11878 1 11943 485373740
1 12356 1 11868 485388628
1 12281 1 11868 485403496
1 11840 1 11981 485418380
1 11803 1 11831 485433260
1 11765 1 11906 485448172
1 11728 1 11756 485463060
1 11765 1 11756 485477944
1 11765 1 11793 485492836
1 11728 1 11793 485507724
1 11690 1 11756 485522628
1 11728 1 11793 485537520
1 11629 1 11718 485552416
1 11629 1 11756 485567312
1 11742 1 11718 485582224
1 11629 1 11643 485597100
1 11629 1 11681 485612000
1 11592 1 11681 485626904
1 12117 1 11643 485641796
1 11592 1 11643 485656672
1 11554 1 11643 485671596
1 12407 1 11643 485686492
1 11592 1 11568 485701384
1 11592 1 11531 485716280
1 11554 1 11568 485731184
0 0 1 11568 485746064
1 11554 1 12056 485760256
1 11592 1 11568 485775148
1 11592 1 11493 485790060
1 11479 1 11981 485804952
1 11517 1 11643 485819864
1 11479 1 11493 485834748
1 11479 1 11493 485849664
1 11442 1 11493 485864556
1 11479 1 11531 485879456
1 11929 1 11381 485894340
1 11479 1 11418 485909244
1 11404 1 11456 485924148
1 11404 1 11906 485939040
1 11892 1 11381 485953936
1 14498 1 11418 485968824
1 11442 1 11418 485983724
1 11367 1 11343 485998636
1 11329 1 11343 486013532
1 11404 1 11381 486028424
1 11329 1 11418 486043308
1 11291 1 11456 486058204
1 14311 1 11456 486073100
1 11329 1 11418 486088008
1 11291 1 11381 486102876
1 11291 1 11343 486117776
1 11216 1 11268 486132680
1 11254 1 11306 486147568
1 11179 1 11268 486162488
1 11704 1 11268 486177376
1 11254 1 11343 486192280
1 11179 1 11268 486207164
1 11216 1 11268 486222052
1 11254 1 11231 486236948
1 11216 1 11231 486251832
1 14348 1 11718 486266716
1 11254 1 11193 486281612
1 11179 1 11231 486296500
1 11141 1 11193 486311404
1 11141 1 11193 486326312
1 11179 1 11193 486341208
1 11141 1 11080 486356096
1 11066 1 11231 486371000
1 11141 1 11155 486385884
1 11029 1 11155 486400776
1 11104 1 11080 486415672
1 11104 1 11118 486430560
1 11104 1 11080 486445460
1 11104 1 11080 486460340
1 10991 1 11080 486475248
1 11066 1 11080 486490152
1 11029 1 11043 486505048
1 13908 1 11005 486519948
1 10889 1 11080 486534832
1 13871 1 11418 486549732
1 10964 1 10903 486564616
1 10926 1 10978 486579512
1 10889 1 10865 486594396
1 10889 1 11381 486609300
1 13833 1 10978 486624168
1 13908 1 10978 486639060
1 13946 1 10940 486653964
1 13796 1 10978 486668856
1 13833 1 10940 486683764
1 10889 1 13885 486698660
1 10889 1 10903 486713564
1 13833 1 11381 486728460
1 10889 1 10940 486743352
1 13758 1 10865 486758244
1 13758 1 10865 486773128
1 10776 1 10865 486788020
1 10814 1 11306 486802928
1 13796 1 13659 486817828
0 0 1 13735 486832712
1 10701 1 13735 486846904
0 0 1 10790 486861808
0 0 1 11381 486877180
0 0 1 10790 486891388
0 0 1 11343 486905576
0 0 1 10715 486919764
0 0 1 10715 486935160
1 10626 1 13659 486949348
0 0 1 10753 486964252
1 11029 1 10753 486978432
0 0 1 11268 486993316
0 0 1 10678 487007500
1 10626 1 10603 487022900
1 10964 1 10678 487037788
1 10589 1 13659 487052684
0 0 1 11080 487067572
0 0 1 10528 487081760
0 0 1 10603 487095952
1 13706 1 10565 487110132
1 13669 1 10640 487125056
1 13744 1 10565 487139936
0 0 1 11005 487154836
1 10800 1 10490 487169012
0 0 1 11080 487183920
0 0 1 10603 487199308
0 0 1 10453 487213496
1 10424 1 10603 487227680
0 0 1 10528 487242568
1 10687 1 10490 487256760
1 10762 1 10528 487271656
1 13594 1 13547 487286552
1 13519 1 13472 487301452
1 13556 1 13397 487316348
1 13481 1 10377 487331240
1 13444 1 13397 487346124
1 13331 1 13397 487361016
1 13519 1 13434 487375916
1 13406 1 13472 487390808
1 13406 1 13359 487405696
1 13444 1 13472 487420584
1 13556 1 13434 487435492
1 10612 1 13472 487450376
1 13369 1 13397 487465276
1 10612 1 13509 487480160
1 10650 1 10340 487495052
0 0 1 13322 487509932
0 0 1 13359 487524144
1 13369 1 10265 487539532
1 10612 0 0 487554440
1 10124 1 13322 487569808
1 10612 1 13397 487584700
1 13369 1 13397 487599592
1 10049 1 10903 487614484
1 13256 1 13322 487629380
1 13256 0 0 487644284
1 10650 1 10152 487659652
1 13256 1 10152 487674548
1 10574 1 10940 487689448
1 13294 1 13322 487704340
0 0 1 13209 487719232
1 13294 1 10040 487733424
1 10612 1 13284 487748324
1 10012 1 13247 487763208
1 10537 1 13247 487778108
1 10049 1 13247 487793004
1 13294 1 13209 487807884
1 10012 1 13209 487822800
1 10012 1 13172 487837680
1 9899 1 13097 487852588
1 9899 1 13134 487867460
1 9974 1 10002 487882312
1 13219 1 9965 487897176
1 13181 1 13097 487912028
1 9974 1 9890 487925736
1 9899 1 9890 487940568
1 9899 1 9852 487955364
1 9749 1 9852 487970188
1 13219 1 9890 487984988
1 9899 1 9927 487999840
1 9862 1 13059 488014636
1 9786 1 10302 488029476
1 9862 1 10302 488044344
1 9786 1 9777 488059204
1 9786 1 9852 488074024
1 13106 1 13097 488088832
1 9749 1 13022 488103712
1 12951 1 13097 488118560
1 9717 1 9852 488133456
1 12914 1 12984 488148288
1 12839 1 13059 488163184
1 9679 1 9777 488178084
1 9679 1 10227 488192904
1 9679 1 9712 488207744
1 9642 1 9777 488222556
1 9604 1 9740 488237360
1 9604 1 9712 488252168
1 9642 1 9675 488266976
1 9567 1 9712 488281776
1 9529 1 9675 488296580
1 9604 1 9562 488311388
1 9604 1 12909 488326192
1 9567 1 9712 488341028
1 9492 1 9487 488355836
1 9529 1 10077 488370644
1 9492 1 9524 488385476
1 9492 1 9637 488400292
1 12651 1 9524 488415104
1 12801 1 9562 488429952
1 12689 1 9562 488444792
1 9492 1 9487 488459632
1 9454 1 9487 488474436
1 9454 1 9524 488489256
1 9417 1 9449 488504064
1 9379 1 9449 488518868
1 9417 1 9449 488533668
1 9379 1 9449 488548468
1 9342 1 9449 488563268
1 9266 1 9412 488578080
1 9492 1 9890 488592876
1 9379 1 9777 488607692
1 9309 1 9412 488622504
1 12768 1 9337 488637316
1 9346 1 9374 488652172
1 9862 1 9777 488666968
1 9271 1 9337 488681788
1 9271 1 9777 488696596
1 9346 1 9712 488711404
1 12693 1 9712 488726216
1 12693 1 9262 488741060
1 12768 1 9187 488755916
1 9196 1 9149 488770756
1 12731 1 9149 488785560
1 12618 1 9337 488800404
1 12581 1 9149 488815248
1 12656 1 9712 488830080
1 12618 1 9224 488844928
1 12281 1 9224 488859756
1 9196 1 9224 488874604
1 9196 1 9112 488889408
1 9046 1 9149 488904204
1 9009 1 9112 488918992
1 12178 1 9262 488933796
1 9121 1 9074 488948644
1 12140 1 9149 488963452
1 12243 1 12346 488978308
1 12178 1 9112 488993192
1 9046 1 9009 489008052
1 12140 1 9112 489022876
1 9009 1 9074 489037724
1 12178 1 9009 489052548
1 12140 1 9009 489067384
1 9084 1 9487 489082216
1 12215 1 8934 489097020
1 12103 1 8934 489111864
1 8981 1 8934 489126700
1 9009 1 9009 489141496
1 12103 1 8897 489156312
1 12178 1 8934 489171164
1 8906 1 8897 489186012
1 8868 1 8822 489200804
1 8906 1 8822 489215608
1 8906 1 8897 489230412
1 8868 1 8822 489245224
1 8906 1 8897 489260024
1 8831 1 8822 489274840
1 11990 1 8859 489289640
1 8793 1 9374 489304496
1 8793 1 8784 489319320
1 8793 1 8859 489334136
1 8868 1 8784 489348944
1 8756 1 8784 489362576
1 8793 1 8822 489377376
1 8718 1 8784 489392176
1 11990 1 8746 489406972
1 8756 1 8784 489421812
1 8718 1 8709 489436604
1 8718 1 9112 489451420
1 8643 1 8709 489466244
1 8718 1 8709 489481036
1 8756 1 8671 489495840
1 8756 1 8596 489510648
1 8718 1 8671 489525464
1 8643 1 8807 489540264
1 8681 1 8657 489555072
1 8643 1 8732 489569880
1 8681 1 8620 489584684
1 8681 1 8695 489599488
1 8643 1 8582 489614296
1 8620 1 8620 489629104
1 8657 1 8620 489643908
1 8582 1 8582 489658724
1 8582 1 8620 489673524
1 8545 1 8545 489688340
1 8582 1 8582 489703152
1 8507 1 8582 489717964
1 8545 1 8545 489732772
1 8545 1 8545 489747580
1 8545 1 11704 489762380
1 8545 1 8545 489777228
1 8545 1 8507 489792048
1 8470 1 8470 489806844
1 11742 1 8507 489821664
1 8470 1 8357 489836500
1 8432 1 8357 489851308
1 8395 1 8395 489866108
1 8395 1 8395 489880924
1 8395 1 8395 489895740
1 8432 1 8357 489910548
1 8395 1 8320 489925352
1 11742 1 8432 489940152
1 8320 1 8357 489954996
1 8255 1 8357 489969816
1 8320 1 8320 489984612
1 8732 0 0 489998232
1 8217 1 8657 490012384
1 8255 1 8320 490027192
1 8255 1 8282 490042008
1 8255 1 8217 490056820
1 8142 1 8255 490071620
1 8180 1 8217 490086432
1 8180 1 8255 490101232
1 8217 1 8180 490116040
1 8236 1 8180 490130848
1 8161 1 8217 490145664
1 8161 1 8105 490160472
1 8086 1 8142 490175272
1 8123 1 8180 490190080
1 8198 1 8180 490204884
1 8123 1 8142 490219700
1 8123 1 8180 490234516
1 8123 1 8105 490249320
1 8123 1 8142 490262948
1 8048 1 8142 490277760
1 8086 1 8067 490292572
1 8048 1 8105 490307388
1 8011 1 8067 490322200
1 7936 1 8067 490335824
1 8011 1 8029 490350632
1 7973 1 8029 490365444
1 7936 1 8029 490380244
1 7936 1 7992 490395044
1 8011 1 7992 490409860
1 7786 0 0 490424668
1 7898 1 7954 490438812
1 7898 1 7954 490453620
1 7823 1 7992 490468424
1 8301 1 7954 490483228
1 11310 1 7954 490498036
1 7861 1 7879 490512888
1 7861 1 8357 490527696
1 7786 1 7856 490542500
1 7823 1 7818 490557320
1 11273 1 7818 490572124
1 7758 1 7856 490586980
1 7823 1 7856 490601792
1 7758 1 7818 490616592
1 7804 1 7856 490631428
1 7842 1 7856 490646236
1 7804 1 7753 490661036
1 7804 1 7781 490675844
1 7842 1 7818 490690652
1 7739 1 7818 490705464
1 7702 1 7753 490720268
1 7777 1 7781 490735072
1 7777 1 7781 490749892
1 7664 1 7716 490764692
1 7739 1 7716 490779496
1 7739 1 7716 490794312
1 7702 1 7753 490809116
1 7702 1 7753 490823932
1 7664 1 7716 490838752
1 7664 1 7641 490853564
1 7627 1 7716 490868388
1 7664 1 7566 490883188
1 7627 1 7603 490896812
1 7589 1 7641 490911620
1 7627 1 7603 490926436
1 7589 0 0 490941236
1 7589 1 7641 490955364
1 7514 1 7491 490970188
1 7589 1 7603 490985000
1 7514 1 7566 490999792
1 7477 1 7528 491014608
1 7514 1 7528 491029400
1 7439 1 7552 491044220
1 7514 1 7477 491059024
1 7439 1 7552 491073836
1 7514 1 7589 491088652
1 7439 1 7552 491103448
1 7439 1 7477 491118260
1 7439 1 7439 491133068
1 7402 1 7477 491147864
1 7402 1 7477 491162680
1 7402 1 7439 491177484
1 7439 1 7402 491192296
1 7364 1 7879 491207092
1 7364 1 7402 491221884
1 7364 1 7402 491236704
1 7327 1 7439 491251500
1 7364 1 7402 491266304
1 7402 1 7402 491281112
1 7289 1 7364 491295908
1 7364 1 7364 491310716
1 7327 1 7327 491325532
1 7289 1 7364 491340344
1 7251 1 7402 491355148
1 7214 1 7327 491369964
1 7289 1 7327 491384752
1 7214 1 7327 491399572
1 7176 1 7214 491414372
1 7214 1 7214 491429196
1 7214 1 7289 491443996
1 7214 1 7289 491458816
1 7176 1 7289 491473628
1 7139 1 7251 491488436
1 7101 1 7251 491503264
1 7139 1 7176 491518048
1 7176 1 7214 491531676
1 7139 1 7303 491546464
1 7139 1 7115 491561268
1 7101 1 7191 491576064
1 7101 1 7153 491590876
1 7064 1 7153 491605692
1 7036 1 7078 491620512
1 7036 1 7115 491635312
1 7064 1 7153 491650120
1 7036 1 7040 491664924
1 7627 1 7013 491679716
1 7064 1 7040 491694528
1 7064 1 7013 491709332
1 6961 1 7040 491724132
1 6924 1 6975 491738948
1 10739 1 6938 491753760
1 6961 1 6975 491768620
1 6961 1 6900 491783428
1 7439 1 6975 491798244
1 6886 1 6975 491813056
1 6924 1 6975 491827872
1 6849 1 6938 491842684
1 6886 1 6938 491857480
1 6849 1 6938 491872288
1 6849 1 6863 491887088
1 6736 1 6900 491901892
1 6774 1 6825 491916700
1 6811 1 6863 491931520
1 6736 1 6900 491946328
1 6811 1 6863 491961132
1 6736 1 6825 491975936
1 6811 1 6863 491990748
1 6774 1 6863 492005552
1 6774 1 6788 492020352
1 6774 1 6825 492035148
1 6774 1 6886 492049964
1 6699 1 6849 492064752
1 6774 1 6774 492079568
1 6699 1 6886 492094368
1 6774 1 6774 492109188
1 6736 1 6736 492123992
1 6722 1 6699 492138812
1 6722 1 6736 492153608
1 6647 1 6736 492168420
1 6647 1 6699 492183232
1 6647 1 6699 492198036
1 6647 1 6661 492212832
1 6647 1 6661 492226452
1 6685 1 6661 492241264
1 6647 1 6699 492256076
1 6610 1 6661 492270884
1 6572 1 6699 492285680
1 6572 1 6661 492300472
1 6572 1 6661 492315284
1 6572 1 6511 492330080
1 6534 1 6586 492344884
1 6572 1 6586 492359676
1 6497 1 6549 492374488
1 6497 1 6586 492389280
1 6459 1 6549 492404104
1 6459 1 6549 492418912
1 6459 1 6511 492433728
1 6497 1 6511 492448528
1 6497 1 6511 492463332
1 6422 1 6549 492478136
1 6422 1 6474 492492948
1 6422 1 6436 492507740
1 6384 1 6474 492521364
1 6459 1 6511 492536164
1 6422 1 6398 492550984
1 6309 1 6398 492565808
1 6347 1 6474 492580620
1 6309 1 6398 492595416
1 6347 1 6474 492610212
1 6384 1 6361 492625008
1 6296 1 6361 492639812
1 6296 1 6296 492654648
1 6258 1 6323 492669460
1 6258 1 6296 492684268
1 6296 1 6361 492699080
1 6221 1 6296 492713892
1 6221 1 6398 492728704
1 6221 1 6323 492743500
1 6258 1 6183 492758324
1 6183 1 6221 492773128
1 6146 1 6323 492787944
1 6183 1 6296 492802748
1 6183 1 6296 492817552
1 6108 1 6221 492832372
1 6146 1 6183 492847180
1 6183 1 6221 492861976
1 6108 1 6183 492876784
1 6108 1 6183 492891584
1 6071 1 6258 492906392
1 6108 1 6221 492921196
1 6071 1 6146 492935988
1 6108 1 6146 492950788
1 6071 1 6146 492965604
1 6033 1 6146 492980412
1 6071 1 6146 492995232
1 6071 1 6108 493010040
1 5996 1 6071 493024864
1 5958 1 6108 493039672
1 5958 1 6047 493054488
1 5996 1 6047 493069304
1 5996 1 6010 493084108
1 5921 1 5972 493098920
1 5958 1 6047 493113716
1 5883 1 6010 493128528
1 5883 1 6010 493143324
1 5921 1 5972 493158144
1 5846 1 5935 493172952
1 5846 1 5935 493187760
1 5883 1 5935 493202580
1 5808 1 5897 493217372
1 5808 1 5935 493232188
1 5846 1 5822 493246992
1 5883 1 5935 493261796
1 5808 1 5897 493276604
1 5846 1 5935 493291412
1 5808 1 5897 493306212
1 5846 1 5822 493321032
1 5781 1 5897 493335836
1 5808 1 5897 493350644
1 5781 1 5860 493365452
1 5743 1 5822 493380252
1 5781 1 5822 493395052
1 5846 1 5795 493409856
1 5781 1 5795 493424660
1 5743 1 5822 493439472
1 5743 1 5822 493454272
1 5743 1 5795 493469104
1 5706 1 5795 493483900
1 5743 1 5757 493498712
1 5706 1 5795 493513520
1 5668 1 5757 493528324
1 5743 1 5757 493543140
1 5743 1 5720 493557948
1 5668 1 5682 493572760
1 5706 1 5720 493587556
1 5668 1 5720 493602356
1 5593 1 5757 493617160
1 5593 1 5645 493631976
1 5654 1 5645 493646780
1 5691 1 5607 493661592
1 5616 1 5607 493676388
1 5616 1 5645 493691204
1 5579 1 5645 493706000
1 5579 1 5607 493720804
1 5541 1 5645 493735608
1 5579 1 5570 493750420
1 5541 1 5570 493765216
1 5541 1 5607 493778840
1 5541 1 5532 493793636
1 5579 1 5532 493808452
1 5504 1 5494 493823260
1 5504 1 5494 493838072
1 5504 1 5494 493852888
1 5466 1 5494 493867692
1 5466 1 5457 493882500
1 5466 1 5419 493897292
1 5429 1 5457 493912096
1 5354 1 5307 493926904
1 5429 1 5457 493940536
1 5429 1 5344 493955336
1 5354 1 5382 493968972
1 5316 1 5419 493983776
1 5316 1 5269 493998584
1 5316 1 5344 494013384
1 5279 1 5307 494028196
1 5279 1 5307 494042996
1 5279 1 5269 494057792
1 5204 1 5269 494072592
1 5241 1 5307 494087412
1 5241 0 0 494102216
1 5204 1 5307 494116352
1 5241 1 5269 494131152
1 5241 1 5307 494145964
1 5180 1 5269 494160764
1 5143 1 5157 494175556
1 5180 1 5232 494190364
1 5218 1 5194 494205156
1 5105 1 5157 494219964
1 5068 1 5157 494234776
1 5143 1 5157 494249572
1 5143 1 5082 494264384
1 5105 1 5232 494279192
1 5068 1 5194 494294004
1 5105 1 5119 494308816
1 5105 1 5157 494323616
1 5068 1 5157 494338440
1 5105 1 5157 494353248
1 5105 1 5119 494368056
1 5040 1 5157 494382856
1 5068 1 5157 494397660
1 5068 1 5119 494412464
1 5040 1 5082 494427272
1 5040 1 5157 494442076
1 5068 1 5157 494455692
1 5068 1 5017 494470496
1 5003 1 5119 494485296
1 5040 1 5054 494500104
1 4965 1 5119 494514916
1 4965 1 5054 494529724
1 4965 1 5119 494544544
1 5003 1 5040 494559360
1 4890 1 5068 494574160
1 5003 1 5068 494588968
1 4928 1 5068 494603772
1 5040 1 5105 494618576
1 4965 1 5105 494633380
1 5040 1 5105 494648188
1 4965 1 4965 494662992
1 4965 1 5040 494677796
1 5003 1 5040 494692608
1 5003 1 5040 494707408
1 4965 1 5040 494722224
1 4928 1 5003 494737044
1 5003 1 5003 494751860
1 4928 1 4965 494766676
1 4890 1 5003 494781480
1 5003 1 5105 494796288
1 5003 1 5040 494811092
1 4965 1 5003 494825892
1 5003 1 5003 494840688
1 4928 0 0 494855492
1 4890 1 5003 494869640
1 4965 1 5003 494884448
1 4965 0 0 494899260
1 4965 1 4965 494913388
1 4853 1 4965 494928200
1 4928 1 5003 494943000
1 5003 1 5003 494957804
1 4853 1 4965 494972600
1 4928 1 5003 494987412
1 4965 1 4965 495002212
1 4890 1 4965 495017016
1 4928 1 4965 495031824
1 4928 1 5040 495046616
1 4890 1 4965 495061428
1 5003 1 4965 495076232
1 4928 1 4965 495091036
1 4965 1 5003 495105856
1 4928 1 5040 495120656
1 4965 1 4965 495134276
1 5003 1 5068 495149076
1 4928 1 4965 495163888
1 4928 1 5040 495178692
1 5003 1 5003 495193516
1 4965 1 5003 495208332
1 4965 1 5003 495223128
1 4890 1 5040 495237948
1 5003 1 5068 495252764
1 4928 1 5003 495267572
1 4965 1 5040 495282392
1 5003 1 4965 495297212
1 5003 1 4965 495312016
1 4965 1 4965 495326824
1 4965 1 5040 495340456
1 4965 1 5040 495355260
1 4890 1 5040 495370064
1 4928 1 5003 495384864
1 4928 1 5003 495399684
1 4928 1 5040 495414484
1 5003 1 4928 495429280
1 4928 1 5040 495444084
1 4928 1 5003 495458876
1 5003 1 4928 495473660
1 4965 1 5003 495488480
1 4965 1 5040 495503280
1 5003 1 5068 495518088
1 4928 1 5068 495532880
1 4928 1 5068 495547704
1 4965 1 5017 495562520
1 4928 1 5017 495577328
1 4965 1 5017 495592140
1 5003 1 4979 495606940
1 4965 1 5082 495621748
1 5003 1 5054 495636544
1 4965 1 4904 495651348
1 4984 1 5017 495666164
1 4946 1 5054 495680976
1 5021 1 4979 495695772
1 4984 1 4979 495710596
