r01		r02		r03		r10		r12		r13		r20		r21		r23		r30		r31		r32		
5272		5712		3539		5248		Err		2916		5707		4073		2664		3507		2935		2687		
5220		5703		3488		5300		4120		2935		5731		4092		2650		3469		2921		2659		
5258		5684		3549		5286		4092		2949		5726		Err		2668		3507		2921		2650		
5253		5684		Err		5262		4092		2921		5712		4125		2682		3483		2935		Err		
5248		5721		3502		5220		4078		2921		5703		4139		2668		3511		2935		2673		
5253		5717		3525		5230		4082		2912		5745		Err		2640		3502		2898		2659		
5248		5684		3516		5277		4139		2921		5703		4115		2654		3488		2940		2659		
5291		5731		3535		5291		4092		2930		5698		4096		2659		3525		2916		2650		
5272		5707		3530		5291		4110		2930		5693		4082		2654		3493		2940		2654		
5253		5717		3511		5225		4078		2935		5759		4101		2664		3488		2940		2692		
5201		5717		3539		5244		4106		2930		5698		4101		2650		3521		2916		2678		
5291		5726		3511		5267		4082		2921		Err		4096		2645		3507		2916		2664		
5281		5707		3511		5234		4120		2935		5721		4082		2692		3549		2916		2621		
5220		5736		3530		5253		4129		2930		5712		4078		2650		3502		2921		2654		
5248		5717		3507		5267		4106		2902		5693		4120		2692		3493		2916		2640		
5272		5703		3502		5244		4073		2930		5726		4115		2706		3474		2888		2711		
5239		5731		3516		5258		4082		2949		5707		4115		2654		3516		2940		2668		
5253		5721		3530		5239		4087		2949		5675		4068		2696		3483		2907		2673		
5258		Err		3483		5305		4110		2944		5707		Err		2650		3469		2912		2673		
5262		5773		3474		5305		4110		2940		5731		4157		2654		3474		2926		2687		
5328		5707		3516		5286		4073		2926		5689		4082		Err		3497		2944		2668		
5342		5698		3530		5291		4087		2879		5726		4096		2682		3511		2912		2654		
5286		5717		3493		5234		4059		2926		5689		4078		2711		3479		Err		2659		
5258		5721		3493		5272		4129		2930		5721		4096		2631		3521		2912		2645		
5201		5750		3511		5309		4096		2935		5689		4078		2659		3511		2907		2696		
5234		5712		3493		5281		4125		2935		5731		4087		Err		3516		Err		2668		
5286		5740		3450		5267		4078		2935		5675		4078		2701		3474		2921		2659		
5305		5721		3493		5262		4139		2912		5712		Err		2659		3497		2926		2682		
5258		5721		3488		5272		4082		2921		5698		4125		2635		3507		2935		2650		
5300		5698		3474		5295		4073		2954		5726		4106		2682		3521		2888		2673		
5248		5675		3539		5258		Err		2940		5754		Err		2682		3488		2930		2650		
5281		5712		3479		5281		4106		2926		5717		Err		2631		3516		2907		2664		
5258		5764		3497		5286		4139		2921		5740		4068		2701		3516		2954		2692		
5267		5693		3497		5305		4125		2935		5717		Err		2678		3497		2940		2640		
5258		5736		3483		5291		4096		2940		5698		4082		2645		3516		2921		2635		
5281		5712		3479		5262		4073		2963		5721		4078		2635		3502		2930		2715		
5262		5721		3497		5230		4092		2940		5745		4087		2664		3497		2916		2696		
5305		5707		3521		5258		4110		2921		5721		4106		2673		3488		2921		2682		
5248		5707		3502		Err		4120		2926		5740		Err		Err		3488		2907		2631		
5272		5726		3507		5300		4096		2921		5693		4078		2617		3525		2954		2687		
5262		5717		3460		5258		4101		2954		5740		4120		2654		3544		Err		2668		
5201		5745		3497		5239		4106		2916		5721		4087		2650		3483		2921		2706		
5262		5717		3511		5295		4087		2926		5721		4125		2687		3488		2940		2668		
5258		5712		3469		5267		4106		2944		5712		Err		2654		3549		2940		2682		
5281		5703		3502		5267		4096		2921		5745		4096		2664		3511		2930		2682		
5234		5717		3502		5267		4096		2963		Err		4087		2678		3479		2916		2650		
5286		5740		3516		5253		4096		2940		5712		Err		2645		3502		2916		2612		
5230		5712		3539		5281		4115		2912		5736		Err		2696		3539		2926		2687		
Err		5745		3530		5262		4110		2916		Err		4068		2654		3525		2954		2715		
5272		5693		3493		5262		4106		2912		5731		4120		2678		3497		2954		2673		
5323		5684		3535		5206		4115		2921		5707		4129		2696		3521		2916		2640		
5230		5712		3479		5262		4120		Err		5745		4092		2696		3535		2921		2621		
5225		5731		3511		5277		4125		2968		5698		4110		2612		3493		2907		2678		
5244		5661		3502		5281		4129		2926		Err		4087		2626		3483		2959		2640		
5234		5707		3525		5323		4087		2944		Err		Err		Err		3497		2949		2668		
5337		5745		3502		5244		4078		2944		5731		4078		2631		3502		2921		2687		
5253		5703		3530		Err		4106		2916		5675		4092		2650		3525		2912		2621		
5262		5740		3511		5281		4087		2944		5689		4115		2635		3502		2926		2645		
5225		5717		3507		5244		4059		2949		5703		Err		2635		3483		2940		2635		
5239		5721		3497		5262		4059		2930		Err		4101		2673		3474		2949		2682		
5253		5689		3521		5230		4106		2893		5731		4106		2640		3521		2954		2706		
5352		5703		3497		5239		Err		2940		5703		4101		2673		3511		2902		2664		
5267		5703		3497		5234		4101		2935		5684		4139		Err		3539		Err		2678		
5262		5703		3525		5244		4110		2940		5675		4110		2654		3502		2898		2650		
5234		5721		3469		5225		4082		Err		5726		Err		2664		3497		2916		2664		
5300		5745		3479		5267		4101		2935		5759		4087		Err		3521		2907		2631		
5234		5689		3502		5309		4134		2949		5750		4134		2640		3521		2907		2678		
5277		5726		3502		5291		4087		Err		5693		4101		Err		3497		2916		2650		
5262		5707		3493		5258		4096		2921		5707		4106		Err		3511		2916		2659		
5239		5731		3464		5277		4064		2963		5754		4101		2659		3507		2930		2650		
5244		5726		3488		5262		4082		2921		5721		Err		2659		3483		Err		2692		
5234		5689		3516		5277		4087		2935		5721		4092		2635		3525		2949		2654		
5262		5754		3464		5281		4120		2916		5693		4125		2668		3535		2926		2640		
5248		5689		3479		5277		Err		2935		5721		4125		2673		3488		2907		2650		
5291		5703		3497		5244		4106		2926		5764		4096		2696		3511		2944		2664		
Err		5759		3530		5262		4101		2907		5712		4073		2673		3525		2907		2659		
5262		5698		3507		5286		4110		2926		5684		4129		2682		3488		2935		2640		
5277		5707		3483		5314		4129		2916		5707		4073		2673		3497		2921		2645		
5319		5731		3507		5267		4078		2940		5698		Err		2650		3502		2912		2673		
5277		5693		3521		5277		4068		2944		5703		4125		2673		3535		2930		2673		
5262		5721		3511		5206		4092		2930		5693		Err		2617		3511		2912		2612		
5258		5754		3525		5267		4078		2912		5679		4096		2626		3493		2912		Err		
5262		Err		3479		5239		4078		2921		5689		4082		2701		3502		2926		2598		
5272		5717		3511		5216		4148		2940		5726		4125		2631		3464		2902		2668		
5291		5745		3493		5277		Err		2935		5721		4064		2692		3516		2944		2654		
5300		5750		3535		5305		4068		2907		5736		4087		2682		3525		2930		2711		
5272		5689		3497		5267		4110		2930		5750		Err		2664		3469		2921		2645		
5272		5717		3511		5253		4115		2930		5726		4101		2687		3507		2940		2635		
5248		5712		3479		5239		4106		2912		5689		4092		2635		3493		2930		2668		
5234		5707		3483		5272		4082		Err		5726		4115		2654		3493		2944		2654		
5272		5726		3493		5253		4087		2930		5684		4096		2654		Err		2926		2659		
5253		5726		3497		5262		4096		2912		5712		4092		2654		3479		2926		2668		
5258		5703		3497		5258		4106		2949		5698		4110		2631		3502		Err		2640		
5267		5721		3502		5281		4115		2916		5684		4059		Err		3488		2954		2682		
5295		5717		3511		5262		4096		2959		5754		4101		Err		3516		2916		2664		
5253		5726		3483		5272		4087		2977		5731		4129		2664		3469		2944		2650		
5300		5726		3493		5272		4101		2902		5731		4092		2631		3479		2902		2654		
5267		5717		3511		5314		4110		2926		5698		4106		2640		3493		2935		2664		
5234		5745		3502		5286		4106		2916		5665		Err		2673		3521		2959		2668		
5248		5726		3502		5305		Err		2940		5717		4092		2696		3516		2898		2640		
5272		5693		3479		5267		4110		2898		5651		4073		2654		3511		2954		2682		
Err		5736		3502		5286		4068		2930		5703		4078		2687		3493		2926		2617		
5239		5740		3488		5277		4101		2926		5731		4096		2659		3469		Err		2654		
5305		Err		3493		5262		4087		2916		5707		4059		2678		3525		2926		2626		
5234		5731		3511		5239		4087		2940		5703		4087		2715		3488		2926		2645		
5230		5712		3549		5187		4106		2944		5707		4092		2659		3493		2940		2692		
5239		5679		3507		5220		4092		2926		5721		4115		2645		3483		Err		2668		
5262		5656		3535		5230		4125		2935		5764		4082		2650		3516		Err		2654		
5267		5721		3497		5258		4096		2921		5679		4101		2696		Err		Err		2650		
5178		5731		3511		5258		4087		2921		5707		4087		2635		3488		2916		2687		
5244		5684		3521		5272		4082		2940		5721		4073		Err		3521		2940		2706		
5248		5703		3502		5220		4078		2916		5750		4082		2635		3502		2921		2664		
5258		5693		3521		5220		4096		2944		5698		4139		2640		3479		Err		2621		
5220		5712		3497		5244		4092		Err		5707		Err		2682		3507		2926		2631		
5272		5717		3516		5258		4082		2921		5726		4139		2626		3530		Err		2664		
5291		5740		3525		5169		4101		2916		5745		4125		2640		3507		2893		2654		
5295		5698		3525		5230		4101		2921		5707		4096		2729		3502		2944		2682		
5295		5698		3525		5300		4106		2916		5745		4106		2631		3469		2935		2654		
5262		5736		3516		5258		4101		2907		5717		4120		2626		3511		2907		2631		
5211		5693		3483		5230		4096		2926		Err		4096		2631		3502		2930		2645		
5258		5679		3493		5291		4082		2926		5726		4143		Err		3497		Err		2645		
5262		5703		3525		5239		4082		2921		Err		4125		2621		3497		2954		2645		
5262		5684		3474		5230		4101		2935		5689		4087		Err		3493		2968		2631		
5267		5679		3493		5220		Err		2930		5721		Err		2682		3507		Err		2626		
5248		5736		3497		5267		4087		2935		5736		4106		2659		3521		2954		2650		
Err		5712		3525		5272		4101		2949		5712		Err		2678		3479		2921		2645		
5230		5703		3469		5253		4134		2930		5698		4082		2668		3488		2907		2673		
5295		5721		3511		Err		4125		2959		5679		4139		2626		3479		2912		2678		
5262		5670		3488		5253		4129		2916		5721		4087		2640		3497		2949		2654		
5253		5740		3493		5267		4115		2926		5726		4106		2659		3502		2935		2635		
5220		5693		3502		5323		4110		2940		5731		4078		2682		3502		2916		Err		
5244		5717		Err		5262		4054		2907		5693		4101		2626		3474		2944		2687		
5286		5712		3493		5248		4101		2912		5726		4087		2650		3479		2926		2645		
5286		5721		3464		5295		4134		2907		5754		4092		2645		3507		2926		2687		
5216		5726		3493		5239		4101		2949		5689		4101		2650		3502		2902		2659		
5319		5707		3507		5295		4129		2930		5712		4110		2650		3535		2907		2692		
5281		5736		3507		5248		4139		2902		5731		4092		2664		3497		2935		2631		
5230		5721		3521		5230		4139		2944		5731		4092		2626		3502		2968		2621		
5244		5698		3516		5281		4101		2935		5675		4115		2640		3516		2930		2673		
5295		5698		3488		5244		4092		2926		5736		Err		2650		3488		2907		Err		
5197		5731		3525		5234		4096		2907		5731		4082		2659		3511		2902		2635		
5277		5736		3502		5286		4106		2954		5764		4110		2650		3516		2949		2668		
5272		5731		3483		5211		4125		2926		5731		4110		2640		3511		2926		2645		
5244		5736		3507		5267		4082		2930		5670		4092		2659		3507		2926		2654		
5309		5721		3521		5323		Err		Err		5717		4078		2631		3502		2916		2589		
5281		5721		3488		5281		4087		2930		5764		4087		2706		3488		Err		2654		
5262		5736		3493		5272		4110		2912		5736		4110		2673		3488		Err		2654		
5281		5717		3474		5225		4096		2954		5717		4115		Err		3535		2954		2650		
5272		5754		3497		5272		4129		2926		Err		4082		2654		3488		2954		2682		
5277		5764		3521		5253		4073		2954		5684		Err		2635		3507		2949		2640		
5277		5726		3516		5277		4106		2944		5703		4087		Err		3488		2940		2668		
5314		5698		3474		5272		4078		2935		5689		4110		2701		3497		2907		2673		
5305		5726		3521		5244		4096		2926		5712		Err		2664		3493		2907		2692		
5277		5698		3488		5258		4082		2944		5750		4087		2626		3474		2954		2664		
5281		5740		3535		5234		4134		2940		5712		4101		2635		3497		2926		2650		
5272		5679		3497		5267		4068		2935		5703		4092		2626		3507		2912		2659		
5305		5731		3493		5262		4096		2902		5721		Err		2668		3469		2921		2635		
5262		5731		3493		5295		4087		2940		5698		4073		2650		3493		2940		2659		
5272		5712		3525		5258		4078		2949		5759		4110		2673		3497		2916		2645		
5262		5703		3460		5258		4092		2954		5712		4129		2682		3511		2930		2650		
5258		5731		3488		5286		4129		2930		5745		Err		2635		3479		2940		2678		
5244		5721		3516		5248		4064		2902		5717		4115		2678		3497		2959		2692		
5239		5698		3488		5225		4125		2921		5759		4134		Err		3521		2949		2664		
5220		5717		3525		5277		4125		2944		5754		4125		2631		3483		2926		2673		
5272		5712		3507		5258		4120		2935		5721		4096		2645		3525		2902		2696		
5277		5698		3525		5272		4101		2902		5745		Err		2668		3507		2916		2654		
5239		5731		3479		5262		4082		2916		5693		4082		2650		3479		2963		2650		
5272		5759		3483		5286		4078		2926		Err		4125		2664		3469		2954		2650		
5272		5731		3525		5216		4101		2926		5707		4078		Err		3469		2949		2682		
5262		5693		3507		5248		4096		2926		Err		4092		2668		3479		2916		2664		
5305		5736		3483		5295		4096		2963		5703		4082		2687		3502		2930		2635		
5234		5712		3479		5258		4110		2930		5740		4096		2645		3455		2898		2673		
5248		5731		3474		5244		4068		2907		5703		4106		2621		3493		2944		2682		
5258		5717		3502		5253		4087		2954		Err		4087		2692		3488		2874		Err		
5239		5703		3497		5262		4092		2930		5670		4082		2664		3511		2949		2607		
5277		Err		3502		5277		4068		2898		5703		4092		2664		3521		Err		2701		
5281		5731		3497		5230		4096		2949		5693		4101		2640		3488		2940		2626		
5272		5754		3488		5258		4120		2907		Err		4078		2664		3464		2916		2635		
5253		5712		3502		5258		4101		2954		Err		Err		Err		3502		2907		2687		
5248		5703		3497		5281		4096		2912		5721		4087		2640		3488		2926		2640		
5291		5745		3479		5248		4125		2949		5707		4082		Err		3488		2935		2664		
5258		5717		3535		5291		4096		2930		5707		4092		2645		3497		2944		2668		
5262		5726		3464		5267		4120		2902		5707		4115		2650		3507		2963		2687		
5281		5721		3488		5234		4064		2893		5764		4073		2612		3460		2944		2664		
5267		5731		3455		5234		4096		2949		5731		4092		2640		3516		2916		2631		
5281		5731		3488		5244		4120		2930		5721		4092		Err		3483		2930		2650		
5192		5703		3502		5234		4120		2907		5740		4115		2673		3464		2940		2640		
5267		5693		3460		5216		4096		2916		5745		4106		2678		3516		2949		2696		
5262		5689		3497		5281		4134		2921		Err		4106		2687		3502		2930		2645		
5244		5726		3483		5253		4082		2921		5726		4148		Err		3479		2930		2640		
5262		5703		3521		5225		4115		2926		5712		4115		2635		3502		2944		2645		
5295		5707		3516		5253		4110		2916		5726		4106		2659		3507		2963		2635		
5295		5707		Err		5300		4078		2916		5726		4073		2682		3497		2926		2701		
5244		5745		3497		5295		4078		2916		5698		4106		2682		3507		2940		2659		
5234		5689		3493		5234		4092		2973		5689		4134		2692		3483		2930		2696		
5248		5736		3507		5239		4115		2916		5787		Err		2678		3493		2954		2650		
5286		5754		3479		5262		4092		2898		5698		4078		2687		3530		2921		2631		
5244		5670		3479		5258		4110		2935		5726		4087		4087		3521		2935		2659		
5253		5712		3516		5234		4110		2902		5717		4101		2673		3483		2921		2687		
5220		5693		3521		5225		4143		2921		5754		4096		2645		3497		2954		2668		
5248		5689		3483		5234		4082		2888		Err		Err		2664		3483		2907		2654		
5253		5726		3511		5295		4106		2935		5698		4078		2711		3516		2898		2607		
5211		5726		3549		5234		4115		2912		5712		4073		2640		3507		2940		2711		
5258		5717		3511		5253		4092		2907		5731		4068		Err		3511		2916		2654		
5248		5703		3502		5244		4125		2921		5712		Err		2654		3483		2926		2635		
5267		5703		3507		5258		4096		2902		5703		4106		2626		3483		2944		2668		
5272		5717		3511		5281		4125		2930		5689		4106		2687		3511		2926		2701		
5281		5726		3497		5187		4106		2916		5717		4110		Err		Err		2949		2645		
5239		5703		3521		5295		4092		2921		5698		4110		2673		3488		2949		Err		
5230		5726		3511		5230		4082		2921		5726		Err		Err		3497		2898		2654		
5267		5721		3497		5277		4096		2926		Err		4096		2678		3502		2921		2650		
5352		5707		3479		5258		4096		2907		5703		Err		2668		3502		2926		2659		
5258		5712		3479		5234		4054		2926		5717		Err		Err		3493		2916		2664		
5267		5745		3497		5309		4092		2930		5698		4148		2687		3525		2888		2696		
5267		5745		3511		5272		4092		2935		5707		Err		2664		3497		2912		2635		
5281		5684		3539		5234		4106		2935		5693		4101		Err		3507		2912		2645		
5314		5712		3544		5262		4125		2954		5782		4078		2659		3535		2916		Err		
5258		5740		Err		5220		4115		2916		5698		4054		2673		3507		2935		2621		
5258		5707		3488		5248		4082		2921		5750		4106		2706		3493		2926		2659		
5230		5712		3497		5253		4078		Err		5726		4073		2631		3493		2883		2654		
5216		5703		3455		5267		4115		2916		5736		4092		Err		3502		2940		2640		
5239		5726		3507		5277		4078		2907		5698		4110		2626		3516		2921		2650		
Err		5750		3516		5211		4096		2907		5717		4092		2692		3464		2935		2687		
Err		5689		Err		5262		4082		2926		5726		4115		2687		3516		2954		Err		
Err		5740		3464		5281		4106		2940		5726		4139		2687		3507		2902		2664		
5248		5707		3511		5253		4115		2959		Err		4120		2645		3530		2898		2682		
5262		5679		3493		5272		4096		2930		5726		4064		2678		3483		2940		2645		
5319		5698		3483		5267		4082		2940		Err		4120		2668		3493		2912		2682		
5244		5717		3502		5309		4110		2916		5740		4153		2673		3516		2949		2664		
5248		5712		3497		5281		4078		2926		5693		4101		2668		3479		2959		2673		
5267		5731		3521		5267		4106		2921		Err		4110		2654		3488		2883		2701		
5281		5679		3507		5248		4129		2926		5707		4101		2696		3507		2968		2687		
5197		5707		3469		5300		4125		2930		5721		4082		2664		3493		2926		2701		
5281		5726		3530		5286		4078		2940		5726		4125		2635		3497		2954		2673		
5300		5693		3525		5286		4082		2954		5717		4101		Err		3507		2926		2692		
5281		5665		3464		5272		4064		2921		5726		Err		2640		3502		2916		2650		
5272		5717		3521		5281		4092		2898		5689		4082		2640		3493		2921		2631		
5323		5712		3549		5277		4092		2926		5703		4101		2635		3516		2930		2654		
5258		5745		3493		5258		4078		2926		5712		4096		2621		Err		2949		2645		
Err		5698		3507		5291		4073		2912		5768		4106		2682		3493		2907		2687		
Err		5717		3483		5230		Err		2916		5665		4092		2654		3469		2902		2664		
5239		5698		3516		5277		4101		2921		5731		4096		2650		3507		2916		2664		
5272		5745		3544		5234		4087		2940		Err		Err		2696		3525		2944		2640		
5286		5726		3530		5277		4082		2930		5717		4106		Err		3511		2912		2664		
5225		Err		3507		5230		4101		2916		5717		4134		2673		3502		2930		2706		
5262		5712		3511		5225		4101		2898		5773		4092		2645		3530		2921		2678		
5244		5726		3525		5286		4064		2916		Err		4120		2645		3483		2930		2664		
5220		5736		3525		Err		4068		2935		5712		4115		2626		3483		Err		2631		
5239		5698		3488		5305		4087		2944		5712		4073		2654		3483		2940		2626		
Err		5726		3530		5272		4120		2959		Err		4073		2664		3493		2930		2612		
5272		5731		3493		5295		4101		2954		5693		4078		2659		3502		2940		2664		
5267		5707		3507		5267		4101		2926		5721		4064		2668		3535		2944		2654		
5262		5689		3497		5234		4106		2940		5703		4106		2696		3474		2944		2640		
5230		5759		3497		5253		4110		2916		5726		4110		2711		3493		2940		2678		
5262		5693		3502		5225		4096		2912		5745		4110		2673		3511		2912		2696		
5277		5707		3488		5277		4078		2921		5712		4106		2673		3488		Err		2664		
5248		Err		3479		5244		4082		2930		5703		4110		2682		3525		2907		2678		
5253		5689		3507		5211		4110		2921		5712		4092		2635		3535		2916		2664		
5225		5745		3493		5262		Err		2916		5726		4106		2640		3488		2944		2645		
5253		5684		3479		5272		4073		2916		5689		4134		2617		3497		2930		2645		
5258		5726		3502		5281		4092		2949		5712		4087		2682		3507		2916		2664		
5272		5736		3507		5281		Err		2944		5712		4092		2640		3502		2902		2673		
5211		5745		3488		5267		4115		2893		5656		4087		2650		3497		2935		2687		
5234		5698		3479		5305		4087		2926		Err		4101		2645		3502		2944		2673		
5234		5736		3521		5281		4139		2935		5745		4110		2711		3511		2926		2640		
5272		5693		3483		5281		4073		2940		5703		Err		2631		3474		2963		2650		
5216		5717		3544		5230		4106		2907		5754		4087		2678		3474		2916		2645		
5258		5759		3497		5239		4101		2926		5693		4073		2687		3493		2935		2650		
5220		5721		3516		5234		4078		2940		5670		4106		Err		3469		2916		2664		
5267		5740		3530		Err		4082		2954		5721		4106		2631		3525		2930		2668		
5239		5773		3507		5286		4106		2916		5740		4092		2706		3483		2963		2678		
5216		5703		3502		5262		4101		2930		5661		4096		2720		3460		2907		2687		
5262		5750		3497		5225		4082		2926		5740		4115		2687		3497		2935		2654		
5197		Err		3479		5225		4115		Err		5726		4087		2664		3464		2902		2678		
5295		5707		3497		5305		4087		2930		5703		4092		2631		3483		Err		2668		
5281		5698		3493		5272		4096		2935		5703		4115		2650		3479		2935		2640		
5225		5693		3488		5267		4139		2935		5684		4078		2645		3488		2926		2668		
Err		5726		3464		5220		4110		2940		5726		4092		2711		3497		Err		Err		
5258		5721		3474		5277		Err		2898		5740		4073		2678		3516		Err		2696		
5239		5726		3497		5206		4078		2930		5707		4092		2678		3474		2907		2650		
5244		5721		3493		5267		4101		2926		Err		4082		2692		3502		Err		2682		
5277		5721		3493		5248		4110		2898		5698		4110		2696		3507		2935		2687		
5267		Err		3497		5262		4096		2921		5750		4110		2640		3497		2930		2640		
5258		5731		3502		5244		4078		2968		5684		4106		2626		3469		2926		2654		
5267		5707		3535		5262		4101		2921		5773		4134		2635		3525		2926		2645		
5305		5665		3469		5272		4092		2935		5703		4078		2678		3502		2940		Err		
5244		5745		3502		5239		4078		2912		5661		4082		2664		3474		2912		2664		
5281		5698		3525		5272		4073		2907		5712		4096		2668		3497		2926		2621		
5272		5726		3507		5272		4106		2926		5745		4120		2678		3516		Err		2687		
5295		5693		3502		5272		4068		2926		5698		4096		2668		3493		2930		2645		
5314		5726		3525		5272		Err		2902		5689		4120		2654		3469		2930		2635		
5234		5698		3497		5248		4101		2954		5750		4110		2607		3464		2893		2678		
Err		5736		3488		5244		4106		2935		5712		4106		2692		3450		2912		2650		
5253		5721		3479		5272		4092		2912		5754		4082		2711		3493		2963		2673		
5286		5721		3474		5234		4129		2916		5712		4078		2678		3497		2916		2640		
5230		5707		3549		5230		4092		2916		5736		Err		2664		Err		2959		2682		
5262		5698		3502		5244		4125		2912		5721		4106		Err		3493		2930		2678		
5253		5703		3483		5216		4096		2926		5684		4115		2659		3516		2935		2687		
5253		5693		3469		5239		4106		2930		5689		4101		2645		3488		2902		2692		
5220		5679		3493		5300		4068		2944		5740		4087		2650		3493		2935		2659		
5277		5745		3464		5253		4120		2930		5740		4068		2696		3479		2907		2682		
5248		5745		3511		5211		4073		2944		5731		4078		2654		3507		2935		2612		
5286		5731		3488		5300		4125		2912		5712		Err		Err		3497		2912		2668		
5258		5712		3507		5267		4101		2963		5707		4101		2645		3511		2912		2654		
5248		5712		3516		5234		4092		2926		Err		4068		2631		3479		2940		2678		
5305		5689		3521		5234		4120		2930		5750		4064		2659		3493		2935		2692		
5216		5750		3516		5277		4115		2926		5731		4087		2659		3511		2916		2692		
5305		5693		Err		5220		4096		2888		5717		4115		2650		3493		2916		2687		
5300		5736		3497		5239		4101		2907		5740		4106		2640		3460		2907		2668		
5253		5736		Err		5239		4068		2921		5745		4092		2654		3483		Err		2631		
5258		5703		3474		5230		4110		2949		5684		4106		2631		3507		2921		2664		
5234		5764		3516		5300		4115		2935		5721		4078		2650		3474		Err		2645		
Err		5717		3521		5300		4092		2921		5754		4110		2668		3507		2912		2687		
5277		5726		3493		5262		4110		2940		5731		4073		2668		3464		2940		2668		
5262		5693		3502		5305		4139		2930		5745		4101		2635		3497		2916		2607		
5253		5740		3507		5305		4092		2907		5707		4101		2650		3488		2935		2668		
5277		5731		3483		5253		4120		2944		5703		4101		2678		3516		2916		2635		
5239		5712		3502		5314		4106		2921		5745		4101		2650		3488		2949		2678		
Err		5726		3488		5262		4096		2935		5764		4106		2664		3493		2921		2621		
5239		5717		3516		5216		4120		2940		5703		4068		2692		3497		2935		2682		
5244		5712		3507		5244		4115		2954		5679		4120		2715		3525		2930		2640		
Err		5707		3497		5300		4110		2968		5707		4082		2664		3525		2935		2640		
5253		5754		3497		5253		4110		2935		5679		4096		2692		3488		Err		2645		
5295		5745		3502		5262		4110		Err		5731		4096		2635		3507		2940		2640		
5267		5712		3474		5286		4082		2898		5759		4125		2706		3516		2907		2645		
5309		5726		3516		5328		4087		2921		5745		4120		2654		3469		2940		2635		
5258		5712		3488		5248		4110		2926		5670		4078		2650		3488		2926		2621		
Err		5689		3497		5314		4068		2935		5698		4087		2659		3507		2963		2635		
5253		5693		3497		5300		4082		2944		5712		4092		2654		3474		2954		2668		
5262		5721		3483		5267		4082		2949		5736		4092		2640		3464		2916		2659		
5244		5707		3493		Err		4096		2921		5759		4087		2621		3474		Err		2621		
5253		5684		3493		5291		4087		2926		5717		4106		2668		3521		2930		2617		
5277		5717		3488		5295		4078		2921		5703		4078		2654		Err		2907		2682		
5291		5717		3497		5291		4082		2954		5712		4073		2696		3488		2954		2668		
5262		5726		3493		5234		4129		2921		5698		4115		2696		3502		2940		2687		
5333		5721		3479		5248		4096		2935		5707		4082		2664		3516		2940		2664		
Err		5736		3493		5295		4120		2930		5703		Err		2621		3511		2968		2687		
5244		5707		3488		5239		4106		2930		5717		4082		2650		3493		2940		2640		
5272		5689		3483		5286		4078		2926		5726		4101		2650		3521		2912		2673		
5319		5689		3493		5291		4096		2902		5712		4129		2682		3521		2940		2654		
5295		5750		3488		5248		4115		Err		5712		4073		2617		3511		2926		2631		
5281		5689		3483		5286		4082		2930		5736		4082		2701		3525		2930		2659		
5258		5736		3544		5244		4092		2944		5750		4106		2687		3483		2916		2682		
5300		5675		3469		5262		4087		2935		5721		4115		2659		3502		2921		2706		
5272		5759		3497		5277		4096		2926		5698		4134		2650		3507		2930		2645		
5258		5679		3460		5300		Err		2977		5684		4120		2678		3493		2916		2692		
Err		5731		Err		5272		Err		2912		5726		4134		2682		3507		2921		2640		
5309		5698		3521		5258		4073		2916		5768		4096		2640		3483		2954		2612		
5262		5707		3525		5248		4115		2926		5731		Err		2635		3502		2944		2626		
5253		Err		3497		5244		4110		2898		Err		4115		2645		3479		2930		2640		
5281		5679		3502		5277		4087		2902		5726		4106		2631		3493		2921		2664		
5267		5731		3483		5305		Err		2907		5707		4115		2682		3493		Err		2659		
5272		5698		3516		5300		4096		2944		5684		Err		2696		3488		2921		2673		
5211		5754		3516		5267		4082		2916		5693		4068		2621		3497		2949		2696		
5309		5693		3511		5291		4106		2912		5703		4092		2617		3474		2916		2678		
5230		5717		3511		5272		4096		2954		5745		4064		2659		3507		2926		2635		
5291		5726		3469		Err		4120		2926		5721		4073		2626		3464		Err		2696		
5286		5703		3502		5234		4120		2926		5679		Err		2678		3497		2949		2664		
5216		5703		3479		5291		4082		2940		5693		4096		2682		3469		2916		2654		
5300		5731		3525		5328		4110		2902		5726		4096		2706		3488		2949		2654		
5258		5698		3511		5253		Err		2916		5754		4106		2650		3497		2926		2650		
5267		5721		3493		5291		4073		2926		5712		4101		2725		3511		2912		2673		
Err		5726		3544		5295		4078		2916		5707		4134		2645		3483		2912		2621		
5281		5707		3479		5225		4110		2930		5707		4096		2682		3469		2930		2706		
5277		5707		3469		5244		4096		2940		5736		4162		2664		3502		2935		2645		
5248		5736		3516		5262		4092		2916		5675		4101		2706		3511		2954		2659		
5267		5707		3507		5305		4125		2935		5726		Err		2687		3507		2902		2654		
5291		5717		3464		5258		4115		2902		5684		4078		2687		3502		2940		2668		
5267		5740		3483		5281		4101		2935		5712		4068		2659		3488		2973		2682		
5305		5740		3493		5248		4087		2968		Err		4101		2659		3469		2944		2696		
5309		5707		3535		5253		4078		2912		5703		4139		2635		3488		2935		2635		
5211		5717		3507		5239		4134		2916		5717		4125		2696		3511		2921		2654		
Err		5698		3535		5272		4068		2940		5745		4068		2645		3507		2940		2659		
5248		5721		3488		5267		4092		2959		5707		4073		2678		3464		2940		2631		
5305		5703		3483		5244		4120		2916		5703		4087		2635		3502		2907		2668		
5314		5731		3493		5281		4082		2930		5712		4082		2654		3516		2940		2645		
5220		5717		3497		5300		4125		2954		5717		4120		2668		3507		2916		2617		
5192		5717		3497		5258		4101		2968		5707		4073		2626		3464		2907		2635		
5323		5721		3474		5295		4073		2921		5731		4092		2654		3502		2921		2645		
5309		5693		3497		5267		4101		2935		5717		Err		2640		3516		2902		2682		
5286		5707		3502		5253		4153		2930		5703		4101		2612		3507		2935		2635		
5277		5717		3507		5253		4120		2930		5703		4092		2696		3502		2898		2635		
5305		5717		3488		5281		4129		2921		5712		4096		2645		3525		Err		2668		
5300		5721		3516		5267		4120		2902		5721		4125		2659		3474		Err		2626		
5286		5721		3525		5291		4068		2968		5717		4110		2645		3511		2921		2645		
5225		5698		3493		5272		4110		2912		5712		4115		2631		3493		2940		2696		
5239		5721		3474		5258		4125		2954		5661		4096		2640		3530		2935		2664		
5272		5717		3507		5267		4106		2940		5698		4078		2654		3502		2921		2654		
5300		5740		3479		5281		4087		2935		5740		4082		2631		3483		2930		2706		
5220		5726		3497		5244		4078		2907		5736		4078		2743		3511		2935		2631		
5295		5778		3488		5258		4110		2954		5707		4096		2664		3488		2921		2692		
5281		5750		3488		Err		4120		2940		5731		Err		2640		3516		2935		2673		
5234		5703		3502		5262		4082		2926		5717		4106		2673		3525		2912		2678		
5248		5707		3497		5248		4092		2907		5736		Err		2626		3493		2935		2650		
5267		5712		3488		5291		4092		2930		5693		4087		Err		3507		2940		2711		
Err		5698		3507		5267		4078		2916		5773		4110		2645		3525		2944		2640		
5253		5717		3497		5234		Err		2912		5684		4096		Err		3544		2921		2678		
5244		5750		3502		5230		4106		2935		5712		4068		2650		3516		2949		2682		
5225		5707		3516		5314		4125		Err		5707		4110		2612		3497		2935		2654		
5277		5679		3488		5262		4115		2930		5703		Err		2692		3521		2930		2659		
5295		5717		3474		5262		4092		2930		5726		4078		2678		3497		2954		2617		
5272		5684		3507		5305		4092		2959		5707		4120		2659		3469		2912		2659		
5230		5726		3483		5258		4115		2944		5717		4139		2645		3497		2921		2659		
5305		5693		3544		5253		4087		2935		5689		4139		2668		3502		Err		2696		
5286		5740		3521		5262		4120		2930		5717		4096		2659		3479		2916		2631		
Err		5736		3539		5267		4115		2912		5754		4096		2678		3497		2944		2668		
5300		5698		3464		5295		4143		2898		5712		Err		2673		3479		2949		2640		
5248		5712		3469		5248		4101		2926		5712		4115		2654		3530		2898		2668		
5216		5726		3483		5295		4096		2940		5721		4106		2696		3497		2954		2664		
5206		5740		3483		5239		4087		2935		5698		4110		2664		3493		2921		2668		
5262		5707		3469		5300		4101		2921		5698		4096		2635		3502		2949		2650		
5291		5721		3535		5262		4110		2926		5726		4110		2645		3502		2921		2621		
5216		5679		3483		5305		4068		2926		5693		4068		2659		Err		2916		2650		
5225		5726		3497		Err		4148		2949		5693		4101		2650		3502		2921		2668		
5234		5698		3516		Err		4101		2916		5731		4106		Err		3493		2940		2635		
5262		5764		3493		5267		4096		2944		5745		4064		2664		3483		2949		2640		
5281		5731		3483		5220		4101		2944		5693		4073		2645		3497		2954		2668		
5291		5726		3488		5347		4125		2935		5712		4110		2668		3483		2954		2682		
5286		5717		3497		5347		Err		2921		5740		4110		2682		3464		2916		2626		
5277		5754		3493		5267		4096		2935		5717		4096		2682		3488		2916		2640		
5267		5754		3483		5291		4068		2940		5745		4059		2650		3511		2921		2664		
5244		5731		3521		5201		4106		2930		5679		4101		2631		3493		2921		2640		
5267		5731		3502		5225		4106		2935		5731		4106		2711		3488		2916		2650		
5206		5707		3516		5262		4073		2930		5745		4087		2645		3493		2926		2631		
5281		5754		3511		5281		4073		2940		5712		4125		2687		3507		2921		2621		
5258		5670		3488		5272		4129		2921		5693		4120		2635		3502		2935		2640		
5248		5684		3502		5281		4078		2912		5731		4134		2696		3474		2977		2617		
5253		5703		3497		5286		4148		2926		5675		4092		2659		3469		2930		2664		
5281		5712		3525		5234		4096		2926		5684		4096		2664		3511		2944		2640		
5281		5726		3493		5239		4106		2916		5736		4092		2640		3488		2893		2687		
5291		5693		3483		5300		4092		2926		Err		4073		2682		3502		2893		2678		
5286		5717		3521		5323		4068		2902		5679		4106		2673		3497		2926		2621		
5234		5717		3488		5258		4078		2907		5736		4068		2650		3474		2935		2659		
5281		5712		3474		5253		4092		2963		5740		4120		2678		3516		2921		2654		
5258		5764		3539		5333		4092		2940		5726		4110		2682		3497		2944		2626		
5277		5736		3521		5277		4115		2940		5717		4092		2650		3525		2907		2673		
5248		5726		3507		5281		4110		2940		5684		4073		2640		3469		Err		2664		
5234		5745		3497		5295		4096		2912		5717		4129		2701		3539		2907		2659		
5262		5740		3535		5216		4092		2930		5750		Err		2701		3479		2907		2621		
5305		5745		3479		5262		4087		2921		5693		4082		2659		3507		2921		2659		
5300		5726		3479		5244		Err		2902		5731		4120		2650		3497		Err		2645		
5248		5717		3493		5291		4134		2916		5689		4096		2659		3474		2921		2692		
5234		5703		3530		5258		4115		2926		5717		4120		Err		Err		2935		2626		
5253		5721		3483		5248		4110		2926		5707		4110		2640		3502		2921		2650		
5291		5707		3483		5272		4073		2898		5750		Err		2687		3521		2935		2640		
5272		5726		3483		5281		4106		2930		5717		Err		2640		3530		2883		2682		
Err		5726		3511		5234		4082		2954		5717		4073		2645		3530		2973		Err		
5291		5717		3493		5244		4073		2907		5707		4068		2645		3479		2907		2645		
5277		5717		3497		5300		4078		2921		5707		4110		2659		3479		2907		2659		
5248		5745		Err		5291		4115		2921		5726		4134		2664		3530		2916		2645		
5267		5712		3502		5244		4087		2944		5689		4096		2682		3479		2930		2626		
5305		5736		3516		5258		4092		2902		5712		Err		2635		Err		2940		2654		
5244		5689		3511		5267		4120		2940		5745		4106		2645		3483		2944		2668		
5234		5698		3479		5337		4101		2935		5703		4115		2668		3464		2893		2673		
5286		5703		3544		5267		4068		2949		5745		4125		2654		3493		2916		2706		
5281		5698		3483		5272		4101		2944		5717		4125		2650		3488		2973		2678		
5239		5717		3516		5300		4082		2926		5703		4125		2631		3483		2907		2650		
5286		5745		3474		5272		4110		2940		5717		4110		2645		3488		2944		2696		
5305		5726		Err		5239		4120		2940		5675		4106		2692		3497		2944		2701		
5262		5731		3488		5319		4092		2912		5703		4153		2715		3483		2940		2654		
5248		5736		3483		5248		4106		2907		5717		4110		2640		3516		2940		2682		
5267		5703		3483		5295		4115		2902		5736		4096		2673		3455		2963		2631		
5281		5707		3474		5314		4059		2916		5670		4110		2678		3511		2954		2621		
5197		5717		3493		5267		4115		2921		5721		4068		2631		3479		2921		2612		
5277		5740		3507		5291		Err		2930		5726		4068		2659		3483		2940		2682		
5234		5721		3507		5295		4129		2921		5740		Err		2635		3507		2935		2664		
5295		5703		3502		5225		4134		2930		5726		4106		2640		3525		2930		2650		
Err		5707		3507		5323		4087		2883		5740		4087		2668		3549		2907		2650		
5253		5731		3502		5253		4082		2912		5726		4115		2701		3493		2949		2640		
5291		5717		3493		5342		4110		2926		5698		4120		2664		3479		2921		2678		
Err		5731		3497		5253		4134		2921		5764		4078		2626		3479		2930		2626		
Err		5693		3511		5300		4120		2926		5689		4073		2692		3488		2907		2673		
5337		5721		3497		5305		4106		2926		5698		4096		2664		3483		2926		2692		
5291		5693		3493		5291		4087		2940		Err		4106		2664		3497		2921		2668		
5253		5693		3497		5258		4106		2921		5731		4092		2668		3483		2926		2664		
5258		5717		3530		5248		4082		2916		5703		4087		2701		3516		2944		2631		
5286		5689		3521		Err		4110		2921		5721		4115		2659		3507		2926		2635		
Err		5707		3516		5211		4110		2935		5721		4082		2687		3516		2916		2640		
5253		5707		3507		5281		4092		2949		5707		4096		2664		3497		2893		2621		
5295		5703		3507		5248		4087		2954		5693		Err		2650		3502		2912		2659		
5234		5745		3507		5309		4078		2898		5684		4096		2650		3483		2916		2654		
5253		5693		3497		5277		4134		2926		5736		4073		2678		3507		2940		2696		
5225		5712		3516		5262		4096		2916		5726		4110		2696		3507		2930		2673		
5291		5740		Err		5234		4115		Err		5726		4082		2668		3544		2930		2650		
5267		5679		3488		5253		4096		2902		5721		4120		2678		Err		2944		2645		
5234		5689		3535		5281		4101		2940		5707		4073		2678		3497		2907		Err		
5291		5764		3502		5239		4120		2912		5693		4139		2645		3497		2921		2650		
5244		5717		Err		5281		4106		2912		5717		4078		2645		3521		2954		2678		
5291		5693		3544		5253		4115		2935		5707		4110		2664		3493		2944		2664		
5253		5754		3516		5277		Err		2935		5740		4064		2664		3511		2907		2659		
5248		Err		3488		5281		4115		2935		5726		4101		Err		3539		2940		2659		
5272		5721		3530		5253		4096		2935		5679		Err		2687		3497		2916		2696		
5272		5721		3497		5267		4087		2954		5693		4096		2687		3479		2916		2635		
5258		5712		3507		5291		4096		2907		5712		Err		2711		3493		Err		2664		
5272		5689		3507		5281		4092		2912		5698		4073		Err		3530		2926		2659		
5216		5693		3483		5286		4110		2916		5675		4096		2715		3507		2959		2687		
5267		5693		3497		5319		4078		2907		5754		4082		2692		3502		2921		2701		
5230		5703		3516		5248		4101		2916		5703		4115		2673		3488		2944		2664		
5248		5703		3483		5244		4129		2940		5721		4120		2654		3507		2959		2659		
5239		5712		3493		5272		4110		2930		5717		4068		2617		3511		2916		2701		
5309		5740		3525		5248		4125		2944		5717		4087		2654		3525		2973		2692		
5314		5703		3474		5309		4092		2935		5740		4125		2664		3483		2930		2682		
Err		5731		3497		5253		4087		2949		5712		4101		2664		3497		2935		2706		
5281		5717		3502		5248		4106		Err		5736		4087		2673		3516		2954		2673		
5244		5707		3525		5216		4087		Err		5736		4101		2678		3488		2898		2678		
5234		5721		3483		5295		4101		2916		5698		4106		2715		3511		2930		2696		
5244		5726		3502		5239		4082		2949		5689		4096		2640		3516		2944		2659		
5300		5707		3479		5225		4139		2921		5693		4125		2635		3493		2888		2645		
5277		5712		3488		5234		4115		2902		5768		4082		2682		3479		2916		2687		
5206		5736		3497		5216		4101		2949		5707		4073		2626		3483		2949		2640		
5244		5712		3502		5239		4082		2949		5712		4120		2668		3502		2921		2631		
5272		5731		3516		5201		4073		2898		5693		4139		2603		3474		2949		Err		
5281		5740		3507		5272		4096		Err		Err		4106		2659		3497		2921		2654		
5286		5707		3497		5295		4110		2907		5703		4125		2659		3516		2926		2607		
5225		5731		3497		5300		4129		2921		5693		4082		2678		3530		2898		2692		
5309		5731		3507		5244		4092		2963		5707		4092		2645		3455		2944		2692		
5272		5717		3493		5267		4073		2926		Err		4125		2640		3460		2916		2696		
5272		5717		3521		5258		4101		2926		5707		Err		2650		3493		2930		2635		
5244		5684		3474		5300		4115		2959		5703		4106		2692		3469		2963		2650		
5309		5726		3479		5248		4073		2916		5689		4134		Err		3488		Err		2664		
5211		5707		3497		5220		4064		2926		5736		4092		2664		3516		2921		2687		
5295		5773		3497		5253		4110		2912		5717		4110		2659		3502		2940		2650		
5244		Err		3497		5253		4087		2944		5726		4120		2659		3488		2935		2635		
5262		5693		3469		5300		4110		2907		5712		4092		2659		3511		2898		2668		
5286		5707		3497		5328		4110		2926		5689		Err		2673		3493		2940		2626		
5234		5712		3488		5262		4120		2907		5717		4110		2635		3521		2912		2687		
5258		5721		3502		5234		4087		2926		5740		4078		2654		3507		2912		Err		
5234		5750		3502		5225		4129		Err		5703		4078		2659		3479		2944		2659		
Err		5712		3507		5234		4110		2898		5689		4106		2673		3502		2912		2682		
5258		5736		3469		5286		4078		2954		5703		4073		2664		3516		2926		2664		
5244		5731		3507		5281		4073		2907		5698		4092		2692		3493		2912		2626		
5295		5764		3483		5230		4078		2944		5740		Err		Err		3474		2926		2678		
5277		5736		3469		5239		4082		2916		5712		Err		2659		3511		2902		Err		
5309		5707		3511		5295		4082		2959		5764		4082		2701		3479		2930		2696		
5291		5689		3521		5286		Err		2921		5721		4101		2664		3479		2959		2664		
5253		5745		3502		5258		4082		2921		5698		4134		2664		3479		2926		2664		
5281		5707		3483		5239		Err		2926		5740		4073		2640		3460		2935		2621		
5244		5717		3479		Err		4082		2912		5721		4115		2673		3497		2921		2687		
5267		5740		3497		5225		4110		2935		5675		4106		2626		3502		2921		2664		
5314		5726		3502		5337		4092		2944		5703		4092		2678		3502		2926		2659		
5272		5693		3479		5201		4082		2949		5731		4078		2678		3483		2935		2678		
Err		5754		3502		5239		4101		2940		5731		4092		2621		3502		Err		Err		
5272		5707		3530		5216		4115		2954		5698		4106		2650		3493		2935		2650		
5305		5754		3497		5262		4106		2940		5721		4082		2687		3474		2959		2645		
Err		5703		3483		5281		4087		2921		5693		4120		2654		3488		2921		2687		
5225		5717		3493		5248		4082		2973		Err		Err		2687		3502		2893		2654		
5291		5731		3535		5277		4096		2944		5726		4092		2659		3516		2935		2617		
5328		5684		Err		5267		4082		2940		5740		4082		2635		3479		2930		2682		
Err		5721		3497		5169		4101		2898		5707		4110		2687		3497		2916		2673		
5216		5740		3460		5253		4064		2949		5698		4078		2612		3479		2893		Err		
5220		5703		3507		5281		4101		2930		5736		4134		2635		3483		Err		2692		
5220		5745		3488		5277		4087		2959		5750		4115		2612		3464		2940		2603		
5230		5726		3502		5244		4110		2944		5731		4096		2640		3521		2898		2664		
5239		5736		3502		5291		4134		2954		5768		4096		2678		3460		2921		2645		
5277		5679		3511		5267		4101		2926		5712		4092		2668		3488		2944		2687		
5244		5750		3511		5314		4129		2959		5703		4115		2631		3549		2926		2654		
5291		5707		3479		5300		4078		2916		5689		4087		2659		3539		2888		2678		
5277		5726		3507		5286		4096		2902		5703		Err		2668		3469		2949		2678		
5295		5689		3511		5197		4139		2916		5750		4115		2673		3483		Err		2692		
Err		5712		3502		5234		4087		2898		5745		4092		2635		3455		2940		2668		
Err		5703		3511		5281		4087		2898		5736		4092		2635		3507		2935		2692		
5305		5731		3488		5244		Err		2954		5675		4120		2682		3525		2935		2645		
5314		5712		3530		5314		4092		2940		5703		4125		2650		3544		Err		2659		
5253		5707		3511		5305		4096		2935		5712		4092		2687		3525		2926		2650		
5267		5721		3502		5277		4125		2935		5717		4120		2650		3479		2935		2645		
5281		5759		3525		5253		4078		2921		5750		4106		2673		3507		2912		2673		
5277		5731		3493		5319		4115		2940		5726		Err		Err		3483		2926		2631		
5314		5707		3507		5281		4110		2902		5689		4087		2682		3469		2921		2678		
5291		5726		3544		5220		4120		2907		5717		Err		2696		3474		2944		2659		
5272		5717		3516		5291		4073		Err		5703		4096		2640		3483		2930		2635		
Err		5754		3525		5286		4101		2893		5703		4087		2720		3488		2916		2720		
5267		5726		3516		5253		4106		2921		5745		4092		2673		3479		2902		2650		
5277		5693		3539		5267		4096		2912		5707		4082		2635		3521		2944		2631		
Err		5731		3535		5206		4125		2921		5750		4073		2659		3511		2977		2645		
5206		5731		Err		5253		4106		2940		5740		4134		2682		3530		2930		2687		
5253		5726		3507		5267		4120		2949		5731		4078		2668		3483		2930		2664		
Err		Err		3483		5225		4092		Err		5731		4106		2626		3502		2902		2659		
5220		5712		3493		5319		4078		2940		5698		4073		2631		3502		2944		2650		
5309		5736		3493		5337		4096		2935		5707		4120		2678		3525		2916		2682		
5253		5707		3525		5244		Err		2926		5721		4068		2673		3516		2916		2650		
5281		5684		3507		5258		4087		2930		5712		4101		2631		3479		2926		2640		
5295		5712		3511		Err		4082		2959		5679		4139		2631		3511		2921		2673		
5295		5717		3488		5258		4125		2930		5726		Err		2668		3516		2944		2664		
5309		5731		3497		5277		4125		2935		5736		4101		2664		3502		2949		2626		
Err		5726		3521		5309		4082		2926		5764		4101		2678		3488		2912		2640		
5230		5670		3539		5239		4115		2935		5703		4115		2631		3507		2949		2640		
5258		5740		3511		5277		4073		2930		5679		4092		2673		3497		2949		2696		
5248		5750		3502		5267		4092		2907		5707		4125		Err		3488		2916		2635		
5337		5726		3516		5230		4064		2935		5689		4087		2664		3516		2912		2645		
5253		5731		3502		5286		4115		2921		5703		4115		2621		3497		2954		2654		
5328		Err		3507		5211		4087		2935		5703		4115		2650		3521		2963		2650		
5248		5721		3474		5305		4078		2935		5750		4110		2706		3460		2921		2631		
5272		5717		3474		5267		4115		2912		5693		4082		2659		3493		2930		2687		
Err		5693		3521		5300		4082		2921		5736		4110		2645		3474		2916		2659		
5272		5698		3516		5295		4110		2902		5712		4092		2664		3483		2902		2664		
Err		5712		3460		5300		4092		2921		5703		Err		2678		3493		2912		2631		
5281		5736		3493		5305		4134		2935		5736		4110		2711		3479		2916		Err		
5277		5731		3521		5295		4082		2935		5721		4078		2645		3502		2912		2664		
5281		5717		3493		5309		4120		2940		5670		4120		2631		3497		2949		2668		
5281		5721		3479		5253		4092		2921		5750		4101		2682		3483		2935		2692		
5211		5717		3479		5239		4068		2926		5740		Err		2640		3488		Err		2631		
5295		5698		3493		5277		4101		2907		5754		4106		2626		3455		2959		2626		
5305		5721		3530		5239		4101		2898		5698		4092		2659		3469		2902		2659		
5286		5740		3474		5239		4092		2888		5707		4068		2701		3521		2949		2668		
5281		5717		3502		5267		4082		2902		5698		4125		Err		3502		2949		2682		
5319		5721		3493		5277		4092		2959		5689		4096		2682		3502		2888		2650		
5239		5712		Err		5267		4125		2930		5707		4082		2631		3516		2893		2640		
5300		5703		3511		5277		4096		2935		5693		Err		2668		3479		2949		2668		
5281		5679		Err		5300		4125		2949		5726		4092		2626		3493		2921		2612		
5267		5745		3521		5314		4110		2944		5726		4110		2635		3493		2916		2612		
5239		5698		3544		Err		4101		2954		5679		4153		2664		3497		2944		2654		
5272		5782		3446		5258		4096		2898		5703		4143		2678		3511		2907		2692		
5272		5689		3507		5225		4059		2893		5736		4096		2645		3516		2963		2650		
5267		5740		3455		5281		4115		Err		5675		4120		2626		3525		2926		2650		
5262		5698		3539		5267		4054		2921		5717		4087		2640		3483		2893		2673		
5230		5745		3493		5267		4101		2916		5736		4110		2640		3469		2935		2635		
5262		5707		3497		5277		4073		2898		5745		4101		2635		3511		2926		2701		
5281		5736		3483		5267		4092		2893		5703		4120		2617		3497		2916		2664		
Err		5712		3544		5286		4087		2912		5736		4125		2654		3469		2944		2659		
5277		5712		3479		5281		4064		2921		5698		4087		2673		3507		2907		2668		
5248		5731		3497		5314		4101		2944		5707		4106		2631		3530		2935		2715		
5230		5712		3507		5258		4101		2930		5721		Err		2664		3474		2944		2673		
5281		5703		3525		5253		4087		2963		5698		4087		2678		3493		2977		2711		
5244		5731		3525		5234		4087		2916		5689		4087		2673		3493		2902		2673		
5234		5698		3502		5295		4096		2907		5703		4068		2640		3525		2921		2654		
5244		5698		3497		5267		4082		2954		5721		4129		2678		Err		2963		2682		
5281		5693		3507		5258		4064		2916		5745		4082		2640		3511		2944		2626		
5267		5750		3469		5234		4129		2893		5703		4115		2659		3502		2921		2692		
5305		5721		3502		5258		4134		2944		5698		4078		2631		3469		2940		2668		
5267		5731		3530		5220		4106		2916		5707		Err		2650		3502		2930		2640		
5309		5693		3483		5267		4096		2954		5717		Err		2692		3474		2898		2640		
Err		5726		3450		5272		4092		2949		5740		4068		2617		3483		2926		2664		
5272		5679		3502		5267		4125		2926		5726		4096		2650		3507		2921		2640		
5244		5684		3507		5230		4068		2916		5726		4078		2631		3474		Err		2668		
Err		5721		3460		5225		4078		2921		5721		4082		2650		3483		2921		2692		
5277		5703		3474		5286		4082		2898		5712		4120		2631		3479		2940		Err		
5286		5703		3502		5295		4106		2968		5670		4073		2659		3483		2907		2711		
5253		5726		3497		5286		4101		2902		5698		4087		2640		3497		2930		2589		
5239		5717		3525		5277		4096		2949		5726		4120		2673		3483		Err		Err		
Err		5707		3488		5244		4087		2940		5726		4092		2631		3464		2902		2650		
5253		5703		3511		5258		4082		2916		5707		Err		2668		3507		2907		2621		
5286		5712		3483		5262		4110		2912		5698		4110		2631		3511		2930		2654		
5206		5768		3497		5267		4073		2959		5745		4073		2654		3502		2907		2650		
5239		5679		3507		5319		4106		2940		5707		4106		2668		3493		2959		2626		
5295		5693		3525		5267		4115		2912		5731		4120		Err		3493		2935		2668		
5281		5726		3511		5267		4115		2916		5745		4082		2701		3479		2935		2635		
5220		5750		3539		5216		4064		2944		5684		4082		2668		3507		2949		2635		
5206		5684		3521		5230		4129		2973		5707		4054		2664		3497		2977		2621		
5103		5707		3483		5023		4087		2926		5745		4106		2678		3474		2916		2635		
5056		5759		3488		5112		4096		2912		5707		4078		2668		3521		2949		2696		
5122		5693		3507		5084		4092		2926		5712		4092		2696		3525		2949		2659		
5230		5745		3511		5267		4120		2921		5707		4106		2631		3507		2912		2687		
5262		5703		3516		5234		4068		2916		5740		4106		2645		3507		Err		2650		
5314		5698		3493		5305		4101		2926		5707		4092		2682		3497		2921		2635		
5328		5717		3497		5319		4082		2959		5712		4082		2654		3483		2930		2678		
5281		5717		3535		5291		4092		2883		5745		4096		2640		3502		2921		2650		
5300		5698		3521		5286		4092		2912		5745		4096		2668		3488		2902		2682		
5281		5721		3488		5305		4110		2930		5689		4110		2607		3507		2902		2668		
5314		5707		3488		5323		4106		2954		5754		4153		2631		3493		2916		2645		
5337		5736		3479		5305		4110		2954		5721		Err		2664		3483		2912		2673		
5352		5717		3493		5319		4110		2916		5689		4078		2650		3483		2907		2692		
5323		5721		3493		5305		4106		2893		5717		4078		2664		3511		2954		2664		
5347		5750		3521		5295		4115		2982		5736		4082		2621		3507		Err		2631		
5286		5721		3497		5258		4092		2944		5736		4073		2650		3516		2926		2668		
5248		5721		3497		5220		4092		2926		5731		4106		2650		3516		2926		2659		
5262		5726		3497		5300		4087		2907		5703		4101		2668		3502		2916		2640		
5281		5721		3539		5253		4073		2912		5736		4115		2640		3535		2949		2668		
5309		5703		3507		5333		4106		2982		5717		4110		2617		3511		Err		2687		
5347		5712		3488		5337		4110		2940		5712		4115		2631		3511		2916		2659		
5286		5717		3502		Err		4096		2916		5684		4125		2692		3493		2930		2654		
5295		5740		3493		5281		4101		2921		5703		4082		2692		3497		2916		2673		
5347		5721		3511		5258		4101		2912		5764		4073		2678		3502		2912		2682		
5262		5736		3535		5225		4073		2926		5675		4096		2650		3493		2907		2621		
5281		5684		3507		5192		4059		2916		Err		4087		Err		3493		Err		2682		
5183		5693		3464		5211		4125		2916		5679		4134		2659		3507		2921		2664		
5155		5717		3502		5173		4096		2935		5778		4078		2654		3516		2930		2668		
5201		5721		3488		5201		4078		2926		5726		4101		2626		3464		2959		2668		
5201		5717		3511		5197		4092		2949		5717		4115		2729		3483		2902		2678		
Err		5712		3535		5197		4106		2926		5721		4092		Err		3516		2916		2682		
5192		5698		3488		5253		4115		2944		5703		4073		2715		3502		2926		2678		
5211		5731		3511		Err		4129		2954		5703		4087		2635		3511		2921		2650		
5230		5721		3511		5291		4115		2898		5750		4078		2748		Err		2940		2678		
5281		5731		3549		5286		4115		2916		5736		4139		2631		3497		2954		2664		
5239		5689		3502		Err		4082		2921		5675		4115		2659		3497		2940		2654		
5187		5707		3469		5277		4096		2926		5693		4078		2664		3516		2921		2626		
5122		5693		3516		5145		4106		2944		5703		4087		2645		3469		2912		2626		
5084		5707		3507		5098		Err		2893		5703		4106		2654		3483		2930		2654		
5173		5712		3474		5333		4073		2916		5698		4101		2650		3497		2912		2668		
5258		5707		3507		5291		4087		2907		5731		4087		2668		3493		2949		2706		
5234		5717		3479		5394		4078		2898		5731		4096		2650		3488		2916		2626		
5220		5721		3497		5159		4082		2912		5703		4096		2654		3479		2916		2626		
5314		5693		3469		5225		Err		2893		5703		4096		2654		3539		2907		2654		
5239		5693		3521		5197		4078		2907		5721		4101		2659		3493		Err		2640		
5220		5703		3539		5211		4082		2926		5684		Err		2635		3493		2944		2640		
5155		5750		3483		5117		4101		2898		5712		4068		2668		3507		2907		2631		
5197		5717		3511		5112		4068		2954		5717		4106		2664		3460		2902		2640		
5117		5707		3530		5126		4092		2893		5703		4082		2692		3464		2916		2654		
5131		5679		3479		5131		4101		2935		5726		4110		2650		3507		2954		2650		
5084		5703		3493		5150		4078		2935		5707		4087		2645		Err		2912		2631		
5108		5693		3507		5112		4120		2935		5778		4092		2664		3516		2907		2668		
5080		5707		3507		5150		4106		2902		5712		4120		2621		3511		2935		2635		
5126		5736		3502		5164		4087		2921		5745		4092		2617		3516		2963		2664		
5089		5693		3521		5103		4106		2977		5717		Err		2617		3460		Err		2650		
5112		5740		3488		5084		4106		2921		5717		4148		2692		3488		2935		2659		
Err		5693		3483		5061		4064		2926		5721		Err		2650		3497		2926		2659		
5094		5736		3493		5080		4092		2902		5721		4110		2640		3535		2926		2668		
5136		5693		3497		5131		4096		2916		5726		4110		2617		3502		2940		Err		
5051		5726		3450		Err		4101		2926		5721		Err		2701		3521		2907		2640		
5108		5721		3516		5103		4096		2921		5721		4125		2635		3493		2921		2635		
5075		5693		3469		5140		4082		2935		5670		4059		2668		3483		2977		2640		
5089		5703		3488		5112		4082		2949		5726		4139		2711		3493		Err		2659		
5075		5712		3511		5070		4078		2930		5698		4092		2701		3507		2930		2654		
5108		5707		3497		5122		4082		2912		5703		4101		2673		3483		2944		2678		
5164		5698		3497		5131		4087		2949		5712		4101		2659		3497		2930		2654		
5169		5726		3479		5136		4087		2916		5675		4087		2720		3488		2935		2631		
5108		5712		3521		5117		4082		2968		5726		4092		2692		3469		Err		2668		
5131		5717		3521		5094		4106		2916		5731		4106		2682		3493		2893		2692		
5220		5693		3516		5192		4059		2921		5726		4096		2682		3507		2926		2654		
5178		5707		3516		5112		4078		2902		5707		4092		2711		3493		2916		2631		
5173		Err		3507		5206		4092		2954		5768		4078		2687		3502		2944		2682		
5192		5736		3483		5201		4092		2949		5731		4092		2678		3502		2902		2678		
5164		5740		3474		5112		4110		2921		5745		4106		2659		3483		Err		2673		
5140		5726		3502		5216		4125		2949		5698		4153		2678		3502		2902		2664		
5197		5726		3474		5291		4092		2926		5698		4092		2635		3479		2921		2682		
5234		5689		3493		5145		4101		2907		5754		4087		2640		3511		2926		2621		
Err		5712		3502		5225		4106		2930		5693		4106		2673		3479		Err		2659		
5291		5689		3488		5216		4101		2926		5731		4115		2664		3483		2935		2678		
5248		5712		3516		5150		4125		2940		5707		Err		2687		3497		2893		2668		
5291		5740		3521		5342		4125		2968		5707		4115		2678		3493		Err		2687		
5211		5684		3483		5234		4073		2930		5745		4096		2654		3497		2926		2631		
5291		5740		3502		5305		4110		2921		5726		4106		2711		3488		2907		2654		
5244		5703		3502		5258		4068		2940		5684		4092		2687		3507		Err		2668		
5267		5745		3497		5216		4110		2921		5689		4139		2640		3474		2954		2645		
5262		5736		3530		5272		4096		2926		5731		4153		2650		3469		2944		2635		
5267		5754		3483		5225		4120		2912		5679		4106		2650		3455		2921		2678		
5211		5698		3497		5230		4110		2921		5726		4082		2664		3455		2926		2687		
5244		5712		3474		5225		4087		2916		5698		4092		2640		3516		2926		2668		
5267		5717		3521		5286		4078		2898		5698		4115		2631		3502		2926		2678		
5225		5703		3483		5262		4101		2959		5736		4125		2673		3464		2926		2635		
5211		5750		3502		5258		4092		2907		5712		4092		2664		3516		2963		2650		
5277		5717		3483		5239		4078		2944		5717		4106		2664		3464		Err		2626		
5267		5731		3525		5220		4096		2921		5689		4096		2696		3483		2954		2659		
5281		5661		3530		5319		4106		2944		5726		4087		2659		3483		2949		2640		
5262		5736		3502		5244		4120		2930		5698		4129		2645		3483		2926		2668		
5220		Err		3502		5239		4110		2930		5721		4073		2645		3479		2926		2711		
5234		5698		3507		5281		4073		2930		5703		4115		2706		3483		2916		2687		
5272		5750		3530		5281		4096		2921		5684		4096		2711		3502		2963		2678		
5216		5717		3469		5220		4092		2940		5698		Err		2645		3479		2912		2682		
5281		5689		3493		5253		4087		2940		5712		4110		2645		3488		2935		2654		
5239		5745		3516		5277		4125		2916		5693		4096		2678		3497		2893		2664		
5328		5707		3516		5248		4092		2926		5707		4073		2668		3521		Err		Err		
5234		5698		3507		5206		4134		2921		5707		4120		2659		3474		2940		2640		
5258		5707		3483		5258		4106		2902		5721		4087		2621		3479		2954		2696		
5239		5707		3511		5291		4106		2944		5717		4092		2635		3469		2912		2673		
5286		5736		3507		5272		4115		2930		5703		4096		2654		3479		2935		Err		
5267		5726		3507		5267		4106		2907		5721		4096		2668		3497		2921		2682		
5211		5736		3530		5291		4082		2898		5712		4087		2678		3497		2926		2664		
5248		5750		3516		5281		4115		2949		5698		4068		2654		3507		2921		2678		
5262		5712		3493		5295		4096		2940		5754		4064		2635		3516		Err		2659		
5225		5712		3507		5277		4125		2930		5703		4087		2687		3516		2968		2701		
5295		5736		3497		5248		4110		2930		5721		4110		2687		3488		2926		2635		
5262		5670		3516		5267		4092		2921		5684		4092		2650		3511		2935		Err		
5286		5707		3507		5253		4101		2912		5684		4110		2645		3497		2921		2678		
5272		5721		3507		5225		4101		2926		5698		4120		2682		3502		2907		2664		
5239		5703		3502		Err		4064		2916		5759		4078		2621		3516		2912		2682		
5248		5679		3511		5239		4110		2907		5703		4087		2645		3525		2926		2650		
Err		5675		3521		5178		4134		2888		5726		4096		2664		3516		2921		2635		
5281		5703		3525		5295		4101		2912		5745		4082		2650		3488		2926		2687		
5291		5726		3521		5305		4082		2935		5703		4106		2673		3493		2940		2654		
5323		5707		3469		5277		4115		Err		5736		4106		2650		3511		2949		2612		
5342		5717		3516		5234		4064		2963		5675		Err		2664		3502		2902		2621		
Err		5717		3507		5267		4073		2968		5712		4096		2706		3488		2935		2668		
5295		5721		3474		5262		4087		2949		5731		Err		2673		3479		2902		2654		
5262		5698		3483		5248		4078		2935		5693		4082		2654		3488		2893		2650		
5239		5736		3502		5244		4120		2926		5721		4110		2687		3521		2912		2635		
Err		5707		3507		5206		4092		2930		5693		4106		2682		3474		2921		2678		
5206		5726		3507		5169		4120		2959		5754		4073		2673		3511		2930		2650		
5220		5726		3521		5286		4092		2930		5745		4110		2711		3488		2907		2678		
5220		5707		3521		5197		4092		2916		5712		4096		2687		3469		2935		2635		
5225		5745		3483		5220		4078		2926		5707		4087		2654		3521		2907		2659		
5197		5684		3483		5248		4120		2959		5712		4092		2654		3502		2940		2678		
5248		5707		3479		Err		4101		2930		5740		4125		2654		3511		2907		2640		
5267		5703		3521		5267		4125		2912		5717		4082		2664		3507		2912		2650		
5225		5750		3507		5272		4078		2930		5726		4134		2692		3450		2926		2654		
5230		5731		3521		5192		4106		2926		5670		4073		2682		3479		2930		2621		
5244		5717		3511		5286		4092		2954		5707		4092		2673		3464		2949		2640		
5183		5736		3521		Err		4092		2902		5731		4110		2650		3521		2968		2673		
5272		5717		3474		5230		4092		2930		5759		4082		2668		3493		2949		2635		
5277		5726		3535		5211		4096		2907		5689		4106		2654		3507		2916		2664		
5286		5717		3502		5239		Err		2893		5764		4092		2682		3511		Err		2645		
5230		5745		3483		5234		4092		2944		5689		4087		2645		3535		2930		2640		
Err		Err		3530		5244		4106		2916		5726		4064		2678		3516		2902		2664		
5178		5717		3493		5272		4073		2930		5745		4101		Err		3530		2907		2673		
5300		5717		3511		5216		4101		2912		5661		Err		2650		3469		2893		2664		
5201		5712		3497		5300		4082		2954		5712		4115		2640		3539		2930		2654		
5239		5693		3464		5187		4078		2930		5689		4096		2664		3507		2944		2626		
5197		5693		3460		5187		4115		2912		5717		4115		2645		3474		2944		2706		
5169		5712		3497		5225		4143		2916		5726		Err		2650		3511		2921		2607		
5333		5707		3479		5262		4101		2959		5693		4110		2654		3507		2926		2678		
5230		5689		Err		5262		4110		2954		5698		4110		2692		3516		2930		2682		
5197		5731		3511		5239		4073		Err		5721		4096		2687		3474		2912		2673		
5239		5736		3530		5225		Err		2963		5731		4110		2635		Err		2916		2650		
5216		5703		3511		5262		4115		2935		5707		4101		2640		3511		2930		2635		
5211		5740		3511		5206		4110		2898		5675		4082		2682		3507		2916		2626		
5262		5684		3488		5309		4073		2930		5726		Err		2659		3516		2935		2617		
5211		5712		3502		5258		4087		2940		5731		4101		2640		3502		2968		2635		
5248		5740		3464		5281		4115		2973		5684		4106		2711		3502		2893		2659		
5253		5703		3502		5286		4110		2959		5731		4153		2659		3507		2926		2612		
5216		5707		3521		5248		4087		2926		5740		4078		2645		3479		2898		2654		
5295		5698		3507		Err		4115		2921		5679		4087		2626		3464		2912		2640		
5220		5693		3511		5258		4101		2916		5731		4092		2645		3488		2940		2650		
5262		5726		3479		5211		4087		2921		5754		4092		2645		3488		2926		2635		
5201		Err		3479		5201		4120		2912		5721		4101		2654		3483		2912		2621		
5220		5731		3507		5220		4082		2926		5707		4092		2668		3479		2930		2659		
5159		5689		3502		5225		4096		2907		5703		4106		2645		3502		2916		2659		
5187		5707		3483		5197		4078		2935		5740		4087		2645		3525		2898		2664		
5239		5703		3479		5201		4115		2921		Err		4120		2635		3511		2902		2668		
5309		5712		3493		5234		4092		2935		5679		4120		2706		3539		2935		2645		
5239		5731		3502		5150		Err		2921		5731		4092		2654		3488		2940		2654		
5183		5689		3488		5206		4110		2930		5764		Err		2612		3535		2902		2659		
5253		5726		3502		5244		4110		2916		5750		4096		2645		3493		2898		2659		
Err		5721		3511		Err		4078		2902		5703		4068		2650		3488		2963		2635		
5239		5679		3521		5286		4078		2898		5693		4120		2706		3535		2907		2668		
5244		5750		3507		5225		4125		2916		5703		4120		2640		3483		2930		2692		
5248		5707		3544		5197		4073		2977		5717		4092		2626		3511		2930		2692		
5239		5726		3507		5211		4082		2921		5717		4115		2678		3497		2930		2621		
5291		Err		3497		5286		4101		2916		5717		4115		2645		3483		2926		2650		
5281		5698		3516		5253		4106		2940		5731		4096		2645		3488		2940		Err		
5319		5740		3469		5277		4092		2916		5731		4110		2664		3488		2930		2659		
5206		5703		3516		5216		4096		2916		5703		4092		2668		3479		2959		2631		
Err		5726		3483		5201		4082		2944		5707		Err		2673		3525		2921		2654		
5286		5703		3507		5234		4101		2940		5750		Err		2631		3469		Err		2607		
5258		5721		3497		5286		4134		2935		5726		4064		2668		3469		2907		2626		
5300		5764		3497		Err		4101		2959		5689		Err		2621		3511		2935		2678		
5253		5721		3493		5272		4101		2912		5707		4139		2645		3493		2968		2696		
5248		5750		3511		5239		4101		2940		5726		4087		2668		3516		2935		2654		
5248		5721		3516		5272		4120		2921		5703		4115		2664		3516		2930		2673		
5286		5717		3516		5216		4129		Err		5698		4078		2659		3479		2921		2664		
5201		5698		3549		5211		4096		2949		5675		Err		2701		3502		Err		2650		
5220		5736		3488		5239		4110		2944		5689		4129		2659		3535		2963		2673		
5220		5675		3493		5225		4120		2930		5712		4101		2668		3511		2935		2673		
5234		5721		3511		5239		4101		2926		5712		4110		2664		3488		2935		2640		
5253		5684		3511		5262		4143		2921		5689		4153		2687		3488		2898		2664		
5258		5717		3502		5258		4101		2954		5721		4101		2673		3479		2935		2692		
5234		5745		3511		5262		4115		Err		5698		4096		2654		3507		2912		2645		
5258		5740		3530		5234		4092		Err		5679		4082		2692		3483		2940		2696		
5277		5712		3511		5234		4110		2940		5712		4092		2692		3493		2907		2635		
5206		5736		3493		5192		4087		2954		5750		4096		2635		3488		2912		2635		
5248		5707		3511		5183		4110		2963		5736		4092		Err		3493		2926		2650		
5201		5740		3535		Err		4101		2940		5707		Err		2682		3502		2916		2687		
5258		5736		3511		5258		4106		2935		5721		4125		2603		3493		2916		2673		
5295		5698		3497		5309		4115		2940		5731		4106		2673		3516		2921		2687		
5291		5689		3460		5244		4082		2930		Err		4082		2631		3544		2954		2687		
5281		5759		3511		5253		4115		2949		5721		4106		2673		3483		2898		2664		
5277		5703		3521		5239		4106		2921		5698		4087		2678		3516		2944		2682		
5248		5707		3497		5267		4082		2949		5750		4092		2650		3464		2902		2659		
5253		5703		3497		5258		4073		2926		5703		4101		2635		3479		2916		2673		
5286		5712		3474		5258		4092		2926		5721		4092		2678		3497		2921		2668		
5295		5698		3516		5319		4125		2916		Err		4092		2659		3474		2959		2645		
5286		5675		3553		5300		4073		2926		5721		4101		2687		3497		2949		2654		
5277		5717		3511		5225		4134		2930		5721		4101		2678		3511		Err		2650		
5291		5736		3539		Err		4078		2940		5731		4073		2678		3497		2902		2696		
5286		5736		3483		5286		4115		2916		5689		4073		2673		3497		2921		Err		
5262		5693		3521		5244		4059		2921		5717		4110		2664		3525		2907		2640		
Err		5726		3497		5281		4082		Err		5717		4120		2645		3507		2944		2640		
5305		5721		3530		5309		4092		2902		5703		4078		2631		3493		2930		2640		
5267		5707		3539		5295		4082		2963		Err		4129		2711		3464		2935		2673		
5244		5726		3493		5272		4096		2921		5693		4110		2673		Err		2898		2640		
5248		5726		3488		5187		4115		2940		5698		4101		2687		3479		2916		2687		
5244		5750		3516		5286		4078		2926		5736		Err		2650		3502		2959		2598		
5272		5717		3479		5272		4101		2930		5726		4110		2650		3525		2954		2668		
5244		5693		3525		5300		4120		2944		5689		4059		2626		3479		2968		2654		
5295		5731		3549		5267		4087		2921		5684		4110		2621		3483		2940		2640		
5244		5703		3544		5262		4073		2949		5740		Err		2673		3507		2940		2654		
5272		5707		3525		5244		4101		2968		5721		4110		2650		3493		2902		2645		
Err		5698		3507		5281		4092		Err		5736		4082		2654		3474		2930		2678		
5267		5778		3511		5286		4101		2930		5721		4059		2673		3455		2930		2635		
5239		5731		3493		5286		4092		2949		5689		4120		2687		3464		2907		2673		
5291		5740		Err		5244		4101		2926		5703		4106		2659		3488		2907		2645		
5347		5661		3502		5347		4087		2944		5693		Err		2626		3497		2930		2692		
5323		Err		3497		5281		4082		2921		5693		Err		2673		3488		2902		2645		
5323		5698		3502		5291		4115		2883		5726		4096		2631		3507		2944		2678		
5305		5689		3511		5291		4092		2944		5712		4092		2626		3516		2935		2654		
5319		5721		3479		5248		4078		2921		5726		4068		2678		3488		2907		2640		
5328		5731		3479		5281		4073		2930		5675		4096		2654		3497		2916		2654		
5244		5721		3549		5230		4115		2954		5726		4092		2645		3497		2916		2650		
5206		5740		3502		5262		4125		2898		5726		4096		2640		3474		2926		2659		
5286		5693		3493		5225		4082		2940		5726		4087		2673		3474		2935		2711		
5244		5726		3511		5258		4110		2935		5712		4087		2645		3502		2921		2654		
5291		5707		3493		5314		4087		2949		5726		4087		2654		3530		2926		2668		
5328		5703		3502		5352		4087		2940		5712		Err		2640		3469		2930		2621		
5309		5731		3488		5333		4120		2935		5703		4092		2650		3474		2949		2659		
5126		5703		3493		5145		Err		2921		5773		4078		2654		Err		2916		2673		
5216		5689		3502		5281		4125		2921		5703		4096		2692		3450		2926		2668		
5300		5721		Err		5201		4059		2935		5689		Err		2673		3488		2916		2682		
5244		5712		3493		5267		4110		2912		5698		4082		2645		3493		Err		2626		
5211		5726		3521		5239		4096		2940		5750		4101		2682		Err		2921		2664		
5140		5698		3460		5169		4106		3010		5759		4092		2706		3516		2874		2664		
5112		5689		3488		5183		4153		2865		5717		3966		2617		3507		Err		2612		
5258		5707		3502		5230		4054		2944		5717		4110		2711		3511		2879		2645		
5286		5717		3535		5253		4181		2926		5703		Err		2687		3483		3292		2659		
5267		5736		3507		5234		4120		2916		5665		4092		2650		3493		2818		Err		
5145		5740		3464		5197		4115		2930		5712		4096		2696		3502		2935		2668		
5281		5675		3539		Err		4092		2916		5717		4110		Err		3502		2930		2678		
5234		5698		3525		5272		4115		2921		5750		4115		2729		3516		2907		2631		
5234		5731		3493		5309		4068		2916		5698		4087		2635		3511		2930		2650		
5258		5693		3525		5300		4101		2944		5703		4110		2640		3516		2949		2668		
5230		5721		3460		5281		4068		2921		5698		4096		2687		Err		Err		2645		
5291		5726		3488		5178		4120		2907		5721		4064		2696		3521		Err		2668		
5234		5698		3511		5230		4101		2930		5712		4115		2678		3483		2959		2692		
5206		5717		3521		5253		4092		2949		5745		4078		2659		3497		2926		2692		
5239		5707		3488		5206		4082		2963		5731		4087		2654		3535		2930		2668		
5169		5712		3497		5178		4110		2968		5764		Err		2612		3502		2935		2687		
5230		5731		3479		5230		4078		2921		5698		4110		2668		3483		2926		2645		
5230		5703		3525		5187		4092		2916		5661		4101		2650		3497		2921		2668		
5145		5703		3497		5197		4120		2921		5707		4106		2659		3516		2935		2682		
5178		5731		3474		5211		4092		2907		5693		4148		2626		3493		2902		2635		
5234		5731		3493		5295		4092		2898		5703		4082		2640		3511		2916		2673		
5230		5731		3516		5267		4096		2912		5731		4092		2645		3493		2926		2626		
5300		5665		3497		5248		4129		2907		5712		4115		2668		3474		2912		2617		
5220		5745		3502		5178		4082		2921		5721		4073		2659		3516		2949		2659		
5234		5707		3511		5248		4120		2916		5698		4087		2678		3502		2944		2687		
5314		5712		3488		5277		4096		2921		5693		4092		2654		3483		2907		2635		
5319		5726		3497		5220		4073		2916		5703		4096		2654		3483		2949		2659		
5239		5717		3511		5258		4110		2968		5651		4139		2640		3488		2921		2706		
5192		5740		3544		5220		4082		2921		5689		4096		2640		3488		2926		2640		
5281		5731		3507		5211		4110		2898		5703		4087		2701		3483		2935		2682		
5253		5679		3493		5253		4115		2930		5721		4082		2668		Err		2916		2650		
5234		5693		3530		5225		4092		2912		5712		4110		2645		3549		2949		2645		
5272		5745		3539		5197		4110		2949		5707		4101		2678		3535		2959		2659		
5192		5745		3511		5220		4101		2912		5703		4087		2682		3493		2954		2659		
5244		5707		3511		5220		4078		2940		5698		4087		2673		3497		2898		2668		
5248		5731		3474		5258		4101		2916		5703		4068		2664		3539		2893		2626		
5248		5707		3507		5183		4087		2940		5745		4073		2673		3511		2930		2617		
5201		5717		3525		5239		4101		2916		5768		4101		2682		3479		2898		2645		
5262		5721		Err		5262		4125		2893		5712		Err		2635		3479		2907		2650		
5277		5707		3502		5225		4134		2940		5703		4082		2682		3488		2912		2650		
5206		5698		3497		5220		4129		2916		5745		4092		2640		3488		2921		2659		
5206		5689		3530		5220		4096		2912		5717		4096		Err		3521		2921		2640		
5220		5675		3502		5211		4087		2907		5754		4082		2626		3483		2921		2650		
5239		5707		3502		5211		4087		2930		5717		4068		2645		3464		2926		2687		
5248		5764		3497		5258		4125		2902		5698		4101		2711		3507		2907		2678		
5211		5717		3497		5201		4129		Err		5726		4106		2664		3511		Err		2673		
5225		5740		3488		5216		4078		2907		5731		4101		2659		3497		2912		2682		
5239		5731		3530		5239		4096		2921		5712		4115		2701		3455		2930		2664		
5211		5754		3488		5211		4096		2912		5717		4110		2626		3488		2930		2621		
5267		5675		3502		5230		4110		2940		5707		4115		2640		3483		2926		2687		
5216		5675		3521		5206		4129		2935		5698		4120		2715		3521		2944		2668		
5267		5745		3474		5244		4106		2930		5684		4129		2673		3483		2912		Err		
5230		5693		3511		5206		4101		2935		Err		4092		2673		3507		2926		2654		
5216		5703		3516		5262		4120		2912		5698		4064		2654		3497		2949		2635		
5211		5703		3535		5244		4096		2898		5707		4120		2650		3516		Err		2682		
5323		5712		3502		5230		4073		2921		5712		4106		2692		3483		2912		2654		
Err		Err		Err		Err		4082		2916		5712		4078		2635		3483		Err		2664		
Err		Err		Err		Err		4092		2888		5712		4125		2687		3544		Err		2621		
5244		5717		3511		5267		4101		2944		5731		4110		2678		3521		2930		2696		
5187		5707		3511		5201		4110		2916		5712		4092		2682		3497		2898		2659		
5291		5745		3507		5277		4073		2912		5712		4092		2607		3464		2949		2626		
5300		5707		3474		5305		4096		2916		5721		4106		2650		3507		2935		2711		
5216		5712		3493		5211		4106		2930		5726		4134		2626		3460		2944		2696		
5201		5698		3535		5211		4125		2963		5698		4106		2635		3474		2893		2659		
5216		5689		3497		5239		4101		2883		5693		4106		2603		3474		2921		2664		
5197		5721		3502		5258		4092		2902		5712		4101		2612		3502		2916		2640		
5211		5698		3488		5164		4129		2916		5778		4101		2645		3483		2949		2692		
5225		5721		3502		5173		4073		2930		5717		4101		2664		3483		2921		2603		
5248		5707		3460		5248		4101		2930		5698		4087		Err		3530		2898		2659		
5197		5717		3483		5164		4082		2883		5717		4073		2635		3497		2963		2678		
5178		5736		3525		5178		4106		2935		5684		4106		2696		3483		2944		2673		
5225		5717		3479		5216		4096		2935		5707		Err		2650		3474		2921		2635		
5239		5750		3507		5267		4092		2907		5731		4096		2687		3511		2926		2664		
5244		5731		3483		5211		4125		2930		5703		4125		2645		3493		2912		2659		
5192		5707		3464		5187		4096		2949		5721		4082		2668		3497		2935		2645		
5183		5717		3502		5211		4134		2926		5670		4073		2659		3483		2912		2696		
5220		5707		3488		5197		4101		2940		5712		4115		2664		3464		2921		2668		
5206		5721		3497		5239		4078		2949		5726		4087		2687		3488		2921		2664		
5234		5721		3497		5305		4106		2935		5703		4096		2607		3530		2921		2659		
5267		5712		3525		5300		4092		2963		5726		Err		2640		3483		2907		2631		
5286		5726		3530		5234		4115		2916		5703		4101		2654		3511		2916		2682		
5248		5707		3502		5244		4110		2907		5703		4106		2645		3474		2912		2659		
5220		5712		3507		5211		4120		2907		5764		4120		2650		3488		2935		2645		
5277		5703		3530		5201		4073		2944		5740		4073		2659		3511		2935		2621		
5267		5698		3516		5253		4068		2902		5750		4087		2664		3493		2954		Err		
5262		5707		3474		5267		4078		Err		5721		4087		Err		3493		2930		2621		
5230		5712		3493		5262		4073		2944		5726		4129		2645		3516		2926		2640		
5267		5736		3530		5267		4082		Err		5698		4087		2640		3479		2926		2687		
5187		5726		3511		5267		4120		2930		5721		4087		2664		3497		Err		2645		
5319		Err		3511		5248		4078		2935		5731		4129		2650		3507		2898		2682		
5253		5731		3479		5248		4101		2926		5703		4115		2635		3521		2921		Err		
5206		5717		3502		5262		4110		2944		Err		4096		2673		3525		2898		2631		
5239		5707		3497		5258		4082		2902		5731		4101		2664		3530		2926		2664		
5234		5712		3450		5234		4092		Err		5726		4110		2650		3511		2921		2687		
5230		5684		3539		5234		4096		2935		5712		4078		2635		3516		2954		2607		
5253		5703		3497		5230		4087		2916		5698		4087		2664		3507		2921		2640		
5211		5703		3483		5183		4101		2954		5675		4096		2631		3450		2907		2682		
5225		5712		3488		5220		4110		2930		5721		4101		2701		3479		2912		2640		
5272		5717		3521		5220		4120		2935		5684		4110		2654		3479		2940		2673		
5216		5759		3516		5230		4115		2912		5745		4115		2692		3474		2907		2668		
5225		5726		3516		5173		4110		2935		5684		4125		2654		3488		2968		2664		
5206		5745		3521		5197		4139		2921		5703		4101		2626		3521		2916		2650		
5169		5731		3469		5201		4078		2893		5707		4115		2654		3511		2916		2678		
