X [mm]	Y [mm]	Z [mm]	A0 	 RSS 	 Time 	 A1 	 RSS 	 Time 	 A2 	 RSS 	 Time 	 A3 	 RSS 	 Time 	 
320	2428	-8	2331	-80	5446795	2739	-83	5446808	3975	-86	5446822	1652	-80	5446835	
0	0	0	2294	-81	5446967	2729	-84	5446980	3975	-86	5446822	1643	-80	5447008	
299	2480	12	2294	-81	5446967	2790	-83	5447147	3989	-85	5447161	1657	-80	5447174	
334	2399	-27	2275	-81	5447295	2748	-83	5447309	3966	-85	5447322	1662	-80	5447336	
318	2434	-10	2303	-80	5447467	2711	-83	5447480	3970	-86	5447494	1652	-80	5447507	
338	2408	-3	2303	-81	5447639	2757	-83	5447652	3966	-86	5447666	1638	-80	5447679	
322	2423	4	2312	-80	5447811	2734	-83	5447824	3975	-85	5447838	1643	-80	5447851	
336	2425	-19	2289	-80	5447983	2715	-83	5447996	3952	-86	5448010	1643	-80	5448024	
326	2425	-11	2322	-80	5448155	2739	-83	5448168	3970	-86	5448182	1648	-80	5448195	
345	2445	-31	2345	-80	5448327	2725	-83	5448340	3942	-86	5448354	1638	-80	5448368	
286	2412	77	2294	-80	5448499	2734	-83	5448512	4031	-86	5448526	1629	-80	5448539	
321	2414	-1	2322	-80	5448670	2757	-83	5448684	3984	-86	5448697	1652	-80	5448711	
339	2388	18	2270	-80	5448843	2762	-83	5448857	3975	-86	5448870	1634	-80	5448884	
344	2417	-3	2298	-80	5449014	2734	-84	5449027	3952	-86	5449041	1634	-80	5449054	
301	2427	69	2303	-80	5449217	2715	-84	5449230	4008	-86	5449244	1615	-80	5449257	
331	2433	0	2322	-80	5449405	2725	-83	5449418	3961	-86	5449432	1634	-80	5449445	
350	2426	2	2312	-80	5449577	2734	-83	5449592	3947	-86	5449606	1620	-80	5449619	
313	2421	33	2280	-80	5449748	2711	-83	5449762	3989	-86	5449775	1629	-80	5449789	
356	2406	-17	2322	-80	5449921	2776	-83	5449935	3952	-86	5449948	1634	-80	5449962	
298	2426	17	2322	-80	5450092	2734	-83	5450105	4003	-86	5450119	1657	-80	5450132	
351	2425	-49	2322	-81	5450264	2743	-84	5450277	3938	-86	5450291	1652	-80	5450304	
332	2440	-6	2327	-80	5450436	2715	-83	5450449	3956	-86	5450463	1634	-80	5450476	
334	2422	-23	2284	-80	5450613	2715	-83	5450626	3952	-86	5450640	1652	-80	5450653	
0	0	0	2317	-81	5450785	2762	-83	5450799	3966	-86	5450812	1652	-80	5450653	
336	2419	-15	2308	-81	5450941	2743	-83	5450954	3961	-86	5450968	1643	-80	5450982	
367	2405	-17	2308	-80	5451113	2767	-83	5451126	3938	-86	5451140	1629	-80	5451153	
306	2435	6	2327	-80	5451286	2725	-83	5451299	3989	-86	5451313	1652	-80	5451326	
306	2419	38	2298	-81	5451457	2729	-83	5451471	3999	-86	5451484	1634	-80	5451498	
355	2403	-26	2298	-80	5451629	2762	-83	5451642	3947	-86	5451656	1643	-80	5451669	
347	2435	-22	2312	-80	5451802	2715	-83	5451815	3938	-86	5451829	1634	-80	5451842	
325	2421	15	2327	-80	5451973	2748	-83	5451987	3980	-86	5452001	1638	-80	5452014	
324	2436	17	2294	-81	5452144	2696	-83	5452157	3966	-86	5452171	1629	-80	5452184	
317	2519	19	2294	-81	5452144	2753	-83	5452331	3961	-86	5452345	1624	-80	5452358	
324	2433	28	2303	-81	5452488	2706	-83	5452501	3970	-86	5452516	1620	-80	5452530	
326	2443	22	2331	-80	5452676	2711	-83	5452689	3966	-86	5452703	1624	-80	5452716	
336	2387	32	2303	-81	5452848	2795	-83	5452861	3989	-86	5452875	1629	-80	5452889	
325	2426	0	2294	-81	5453020	2715	-83	5453033	3966	-86	5453047	1643	-80	5453060	
321	2438	-6	2312	-81	5453192	2706	-83	5453205	3966	-86	5453219	1643	-80	5453232	
355	2398	-13	2303	-80	5453364	2772	-83	5453378	3952	-86	5453391	1638	-80	5453405	
346	2434	-5	2327	-81	5453536	2729	-83	5453549	3947	-86	5453563	1624	-80	5453577	
0	0	0	2266	-80	5453707	2734	-83	5453720	3947	-86	5453563	1624	-80	5453742	
337	2421	23	2317	-80	5453863	2739	-83	5453876	3966	-86	5453890	1620	-80	5453903	
326	2430	26	2303	-80	5454025	2711	-83	5454038	3970	-86	5454052	1624	-80	5454066	
355	2395	29	2298	-80	5454197	2772	-83	5454210	3961	-86	5454224	1610	-80	5454237	
322	2429	5	2317	-81	5454368	2729	-83	5454382	3975	-86	5454395	1638	-80	5454409	
333	2411	0	2280	-80	5454541	2729	-83	5454554	3966	-86	5454568	1643	-80	5454581	
344	2420	-5	2303	-80	5454712	2734	-83	5454725	3952	-86	5454739	1629	-80	5454752	
340	2419	0	2294	-80	5454884	2729	-83	5454897	3956	-86	5454911	1629	-80	5454925	
307	2437	-6	2294	-80	5455056	2692	-83	5455069	3975	-86	5455083	1657	-80	5455096	
325	2426	0	0	0	0	2715	-83	5455241	3966	-86	5455255	1643	-80	5455268	
334	2404	12	2289	-81	5455431	2748	-83	5455444	3970	-86	5455458	1634	-80	5455471	
324	2432	-18	2289	-81	5455603	2701	-82	5455616	3961	-86	5455630	1652	-80	5455644	
0	0	0	2298	-80	5455775	2701	-82	5455616	3952	-86	5455803	1634	-80	5455817	
349	2414	-5	2303	-81	5455947	2748	-82	5455960	3952	-86	5455974	1629	-80	5455987	
336	2420	19	2308	-80	5456119	2734	-83	5456133	3966	-86	5456146	1624	-80	5456160	
350	2420	16	2294	-80	5456291	2725	-82	5456304	3947	-86	5456319	1610	-80	5456332	
320	2425	-2	2303	-80	5456463	2725	-82	5456476	3975	-86	5456490	1648	-80	5456503	
357	2417	-40	2317	-81	5456634	2753	-83	5456648	3938	-86	5456662	1643	-80	5456675	
317	2438	-6	2294	-80	5456806	2692	-83	5456819	3966	-86	5456833	1648	-80	5456848	
335	2418	1	2298	-80	5456978	2729	-83	5456991	3961	-86	5457005	1634	-80	5457018	
334	2431	-19	2308	-80	5457150	2720	-83	5457163	3956	-85	5457177	1643	-80	5457190	
338	2400	32	2294	-80	5457322	2757	-83	5457336	3975	-86	5457349	1620	-80	5457363	
329	2420	1	2294	-80	5457493	2725	-83	5457506	3966	-86	5457520	1643	-80	5457533	
377	2396	-12	2284	-80	5457665	2762	-83	5457678	3928	-86	5457692	1620	-80	5457705	
332	2412	24	2298	-80	5457837	2743	-83	5457850	3975	-86	5457864	1624	-80	5457877	
335	2427	11	2312	-81	5458009	2725	-83	5458022	3961	-86	5458036	1629	-80	5458049	
355	2427	-25	2312	-80	5458181	2729	-83	5458195	3933	-86	5458208	1634	-80	5458222	
325	2408	30	2270	-80	5458353	2725	-83	5458366	3980	-85	5458380	1629	-80	5458394	
309	2432	27	2303	-81	5458525	2706	-82	5458538	3984	-86	5458552	1634	-80	5458565	
319	2433	-17	2317	-81	5458696	2720	-82	5458709	3970	-85	5458724	1657	-80	5458737	
346	2427	-17	2298	-81	5458869	2720	-83	5458884	3942	-86	5458897	1638	-80	5458911	
328	2445	0	2322	-80	5459040	2706	-83	5459053	3961	-86	5459067	1634	-80	5459080	
350	2449	-22	2322	-80	5459213	2696	-82	5459226	3928	-86	5459240	1629	-80	5459253	
0	0	0	2294	-81	5459384	2696	-82	5459226	3961	-86	5459413	1648	-80	5459426	
336	2421	24	2298	-80	5459557	2729	-83	5459570	3966	-86	5459584	1620	-80	5459597	
304	2407	33	2303	-81	5459728	2753	-82	5459741	4008	-86	5459755	1648	-80	5459768	
0	0	0	2308	-81	5459899	2753	-82	5459741	3989	-85	5459927	1634	-80	5459941	
333	2422	18	2298	-80	5460071	2725	-83	5460084	3966	-86	5460098	1624	-80	5460111	
344	2433	1	2308	-80	5460243	2715	-83	5460256	3947	-86	5460270	1620	-80	5460283	
351	2409	-18	2298	-80	5460415	2748	-83	5460428	3947	-86	5460442	1638	-80	5460455	
329	2408	15	2294	-80	5460587	2743	-83	5460600	3975	-86	5460614	1634	-80	5460627	
338	2408	-5	2303	-81	5460759	2753	-83	5460773	3966	-86	5460786	1643	-80	5460800	
314	2436	43	2317	-81	5460931	2711	-83	5460944	3984	-86	5460958	1620	-80	5460971	
335	2422	-55	2308	-81	5461103	2734	-83	5461116	3952	-86	5461130	1671	-80	5461143	
320	2424	37	2298	-81	5461274	2720	-83	5461288	3984	-86	5461302	1624	-80	5461315	
338	2405	11	2298	-80	5461446	2757	-83	5461459	3970	-86	5461473	1629	-80	5461486	
328	2413	9	2289	-81	5461618	2734	-83	5461632	3975	-86	5461645	1638	-80	5461659	
338	2421	-16	2298	-80	5461790	2729	-83	5461803	3956	-86	5461818	1643	-80	5461831	
344	2430	-27	2294	-81	5461962	2711	-83	5461975	3942	-86	5461989	1643	-80	5462002	
334	2426	14	2317	-80	5462127	2734	-83	5462141	3966	-86	5462154	1629	-80	5462168	
318	2420	10	2275	-80	5462315	2706	-83	5462328	3975	-86	5462342	1643	-80	5462357	
344	2429	1	2317	-80	5462487	2729	-83	5462500	3952	-86	5462514	1624	-80	5462527	
312	2425	-1	2294	-81	5462659	2715	-83	5462672	3980	-86	5462686	1652	-80	5462700	
313	2427	28	2303	-80	5462831	2720	-83	5462845	3989	-86	5462858	1634	-80	5462872	
324	2418	-8	2275	-81	5463018	2711	-83	5463031	3966	-86	5463045	1648	-80	5463058	
0	0	0	2280	-80	5463190	2743	-83	5463203	3966	-86	5463045	1643	-80	5463231	
328	2421	9	2317	-81	5463362	2743	-83	5463375	3975	-86	5463389	1638	-80	5463402	
321	2414	19	2280	-80	5463534	2725	-83	5463547	3980	-86	5463561	1634	-80	5463574	
319	2432	-2	2298	-81	5463705	2706	-83	5463718	3970	-86	5463732	1648	-80	5463745	
325	2436	0	2308	-81	5463877	2706	-83	5463890	3961	-86	5463904	1638	-80	5463917	
311	2441	27	2308	-80	5464049	2696	-83	5464062	3980	-86	5464076	1629	-81	5464089	
333	2422	18	2298	-80	5464221	2725	-83	5464234	3966	-86	5464248	1624	-80	5464262	
0	0	0	2303	-80	5464393	2725	-83	5464234	3966	-86	5464421	1657	-80	5464435	
328	2427	-11	2289	-80	5464565	2711	-83	5464578	3961	-86	5464592	1643	-80	5464605	
0	0	0	2289	-80	5464737	2711	-83	5464578	3942	-86	5464765	1643	-80	5464779	
0	0	0	2322	-81	5464909	2711	-83	5464578	3989	-86	5464937	1648	-80	5464952	
317	2434	8	2298	-81	5465081	2701	-83	5465095	3970	-86	5465108	1638	-80	5465122	
323	2405	21	2270	-80	5465252	2734	-82	5465265	3984	-85	5465279	1634	-80	5465292	
325	2428	-5	2284	-80	5465441	2701	-83	5465454	3961	-85	5465468	1648	-80	5465481	
326	2423	0	2275	-80	5465612	2706	-83	5465625	3966	-85	5465641	1638	-80	5465654	
321	2429	16	2298	-80	5465785	2711	-83	5465799	3975	-86	5465812	1634	-80	5465826	
338	2408	24	2266	-80	5465955	2725	-83	5465970	3966	-85	5465983	1620	-80	5465997	
338	2422	-4	2294	-80	5466127	2725	-83	5466140	3956	-86	5466154	1638	-80	5466167	
336	2428	31	2280	-80	5466299	2696	-83	5466312	3956	-85	5466326	1610	-80	5466339	
325	2422	-20	2303	-80	5466471	2729	-83	5466484	3966	-85	5466498	1657	-80	5466511	
334	2410	-5	2294	-80	5466643	2743	-83	5466656	3966	-86	5466670	1648	-80	5466683	
306	2433	17	2284	-80	5466815	2692	-83	5466828	3984	-86	5466842	1643	-80	5466855	
346	2418	6	2298	-81	5466986	2734	-83	5466999	3952	-85	5467013	1624	-80	5467027	
330	2422	11	2266	-80	5467158	2696	-83	5467171	3961	-86	5467185	1629	-80	5467198	
348	2401	-4	2275	-80	5467331	2743	-83	5467344	3952	-86	5467358	1634	-80	5467371	
327	2428	2	2280	-80	5467502	2696	-83	5467516	3961	-85	5467529	1638	-80	5467543	
335	2409	14	2298	-80	5467674	2748	-83	5467687	3970	-86	5467701	1629	-80	5467714	
316	2414	22	2289	-80	5467846	2734	-83	5467859	3989	-86	5467873	1638	-80	5467886	
306	2430	30	2289	-80	5468018	2696	-83	5468031	3989	-86	5468045	1634	-80	5468059	
305	2414	15	2284	-80	5468190	2725	-83	5468203	3994	-86	5468217	1652	-80	5468230	
336	2438	9	2303	-80	5468361	2701	-83	5468375	3952	-86	5468389	1624	-80	5468402	
322	2428	-29	2303	-80	5468533	2720	-83	5468546	3966	-86	5468560	1662	-80	5468575	
308	2426	6	2284	-80	5468705	2706	-83	5468718	3984	-86	5468732	1648	-80	5468745	
341	2410	-29	2294	-80	5468877	2748	-83	5468890	3956	-85	5468904	1652	-80	5468917	
338	2413	5	2289	-80	5469049	2734	-83	5469064	3961	-86	5469077	1634	-80	5469091	
0	0	0	2270	-80	5469221	2734	-83	5469064	3989	-86	5469249	1629	-80	5469263	
342	2410	9	2308	-81	5469393	2757	-83	5469406	3966	-85	5469420	1629	-80	5469433	
340	2436	-20	2303	-80	5469569	2706	-83	5469583	3942	-85	5469596	1638	-80	5469610	
352	2402	13	2308	-80	5469740	2772	-83	5469753	3961	-86	5469767	1620	-80	5469780	
0	0	0	2303	-80	5469912	2729	-83	5469925	3947	-86	5469939	1620	-80	5469780	
324	2403	-1	2284	-80	5470068	2748	-83	5470081	3980	-85	5470095	1652	-80	5470108	
334	2405	4	2280	-80	5470241	2734	-83	5470254	3966	-86	5470268	1643	-80	5470281	
329	2439	17	2294	-80	5470412	2687	-83	5470425	3956	-86	5470439	1620	-80	5470452	
0	0	0	2312	-80	5470584	2687	-83	5470425	3956	-86	5470612	1634	-80	5470626	
351	2444	-15	2312	-80	5470756	2696	-83	5470769	3928	-86	5470783	1624	-80	5470796	
305	2416	37	2308	-80	5470928	2743	-83	5470941	4003	-85	5470955	1638	-80	5470969	
0	0	0	2284	-80	5471099	2753	-83	5471112	3952	-85	5471126	1638	-80	5470969	
344	2402	-8	2275	-80	5471271	2743	-83	5471284	3956	-85	5471299	1643	-80	5471312	
331	2440	-6	2317	-80	5471443	2706	-83	5471456	3956	-86	5471470	1638	-80	5471483	
314	2418	21	2266	-81	5471615	2701	-83	5471629	3980	-86	5471642	1638	-80	5471656	
323	2409	15	2294	-81	5471788	2748	-83	5471802	3984	-86	5471815	1638	-80	5471829	
361	2433	-16	2317	-80	5471959	2725	-83	5471972	3928	-86	5471986	1624	-80	5471999	
328	2441	7	2298	-80	5472130	2687	-83	5472143	3956	-86	5472157	1629	-80	5472170	
325	2432	-5	2298	-80	5472303	2706	-83	5472317	3961	-86	5472331	1643	-80	5472344	
335	2418	1	2298	-81	5472474	2729	-83	5472487	3961	-86	5472501	1634	-80	5472514	
327	2414	36	2303	-80	5472647	2739	-83	5472660	3980	-86	5472674	1620	-80	5472687	
343	2413	3	2298	-81	5472818	2739	-83	5472831	3956	-86	5472846	1629	-80	5472860	
334	2410	36	2298	-80	5472990	2748	-83	5473003	3975	-85	5473017	1615	-80	5473030	
320	2435	5	2294	-80	5473162	2696	-83	5473175	3966	-85	5473189	1638	-80	5473202	
329	2426	0	2284	-81	5473334	2706	-82	5473347	3961	-85	5473361	1638	-80	5473374	
294	2411	47	2289	-80	5473521	2734	-83	5473534	4017	-86	5473548	1643	-80	5473561	
313	2444	8	2303	-80	5473693	2687	-82	5473707	3970	-85	5473720	1638	-80	5473734	
345	2430	-8	2294	-80	5473865	2711	-83	5473878	3942	-86	5473892	1629	-80	5473905	
376	2413	-40	2308	-81	5474038	2753	-83	5474051	3919	-85	5474065	1634	-80	5474078	
0	0	0	2280	-81	5474208	2753	-83	5474051	3966	-86	5474236	1643	-80	5474250	
336	2401	44	2294	-80	5474380	2757	-83	5474393	3980	-86	5474407	1615	-80	5474420	
340	2409	-12	2294	-81	5474552	2748	-83	5474566	3961	-86	5474579	1643	-80	5474593	
357	2428	-15	2308	-80	5474724	2725	-83	5474737	3933	-86	5474752	1624	-80	5474766	
312	2439	-4	2298	-80	5474896	2696	-83	5474909	3975	-86	5474923	1652	-80	5474936	
358	2431	-34	2312	-81	5475068	2725	-83	5475082	3928	-86	5475095	1638	-80	5475109	
345	2425	-5	2284	-80	5475241	2706	-83	5475255	3942	-86	5475268	1629	-80	5475282	
306	2423	41	2317	-81	5475412	2739	-83	5475425	4003	-86	5475439	1634	-80	5475452	
349	2413	-11	2284	-81	5475583	2734	-83	5475596	3947	-86	5475610	1634	-80	5475623	
302	2421	20	2289	-81	5475755	2720	-83	5475768	3999	-86	5475782	1648	-80	5475795	
334	2442	-12	2322	-81	5475927	2711	-83	5475940	3952	-85	5475954	1638	-80	5475967	
326	2424	4	2294	-80	5476100	2720	-83	5476113	3970	-85	5476127	1638	-80	5476140	
321	2434	13	2289	-81	5476271	2692	-83	5476284	3966	-86	5476300	1634	-80	5476313	
353	2432	-10	2294	-80	5476443	2706	-83	5476456	3933	-86	5476470	1620	-80	5476483	
0	0	0	2294	-80	5476615	2706	-83	5476456	4013	-86	5476643	1634	-80	5476657	
309	2438	34	2322	-81	5476786	2715	-83	5476799	3989	-86	5476813	1629	-80	5476826	
317	2411	43	2280	-80	5476958	2725	-83	5476971	3989	-86	5476985	1624	-80	5476998	
299	2444	31	2308	-80	5477131	2692	-83	5477144	3994	-86	5477158	1634	-80	5477171	
325	2426	11	2322	-81	5477302	2739	-83	5477315	3975	-86	5477329	1634	-80	5477342	
311	2434	15	2308	-80	5477474	2711	-83	5477487	3984	-86	5477501	1638	-80	5477514	
354	2416	-22	2284	-80	5477646	2729	-83	5477659	3938	-86	5477673	1638	-80	5477686	
342	2419	15	2284	-80	5477818	2720	-83	5477831	3956	-86	5477845	1620	-80	5477859	
327	2440	6	2289	-80	5477990	2682	-83	5478003	3956	-86	5478017	1629	-80	5478030	
332	2422	10	2289	-80	5478161	2715	-83	5478176	3961	-86	5478189	1629	-80	5478203	
325	2443	-32	2317	-81	5478333	2706	-83	5478346	3956	-86	5478360	1657	-80	5478373	
334	2424	0	2303	-80	5478505	2725	-83	5478518	3961	-86	5478532	1634	-80	5478545	
325	2437	12	2280	-80	5478677	2682	-83	5478690	3961	-86	5478705	1629	-80	5478718	
308	2569	-5	2280	-80	5478677	2701	-83	5478857	3947	-86	5478871	1638	-80	5478884	
338	2415	-30	2280	-80	5479020	2715	-83	5479034	3947	-86	5479048	1662	-80	5479061	
341	2412	1	2294	-80	5479194	2743	-83	5479207	3961	-86	5479221	1634	-80	5479234	
306	2450	18	2317	-80	5479364	2687	-83	5479377	3980	-86	5479391	1634	-80	5479404	
358	2412	5	2312	-80	5479538	2757	-83	5479553	3947	-86	5479567	1620	-80	5479580	
350	2410	-12	2322	-80	5479708	2767	-83	5479723	3956	-85	5479737	1638	-80	5479750	
326	2403	25	2289	-80	5479880	2748	-83	5479893	3984	-86	5479907	1634	-80	5479920	
334	2407	-3	2298	-80	5480052	2753	-83	5480065	3970	-86	5480079	1643	-80	5480092	
333	2425	-16	2298	-80	5480224	2720	-83	5480237	3956	-86	5480251	1648	-80	5480264	
357	2421	-21	2308	-80	5480396	2739	-83	5480409	3938	-86	5480423	1634	-80	5480436	
345	2421	0	2303	-80	5480567	2734	-83	5480580	3952	-86	5480594	1624	-80	5480607	
343	2414	-49	2317	-81	5480739	2757	-83	5480752	3952	-86	5480766	1666	-80	5480780	
312	2414	32	2308	-81	5480911	2748	-83	5480924	3999	-86	5480938	1638	-80	5480951	
337	2422	-3	2280	-81	5481083	2711	-83	5481096	3952	-86	5481110	1634	-80	5481123	
315	2417	39	2303	-80	5481255	2739	-83	5481269	3994	-86	5481283	1629	-80	5481296	
326	2442	43	2303	-80	5481427	2687	-83	5481440	3966	-86	5481454	1605	-80	5481467	
332	2436	-3	2289	-80	5481599	2692	-83	5481612	3952	-86	5481626	1634	-80	5481639	
322	2441	-23	2294	-80	5481770	2687	-83	5481783	3956	-86	5481799	1652	-80	5481812	
322	2429	-6	2308	-80	5481943	2720	-83	5481956	3970	-86	5481970	1648	-80	5481983	
330	2409	8	2303	-80	5482114	2753	-83	5482128	3975	-86	5482141	1638	-80	5482155	
339	2412	-3	2298	-81	5482287	2743	-83	5482301	3961	-86	5482314	1638	-80	5482328	
315	2444	13	2303	-80	5482458	2687	-83	5482471	3970	-86	5482485	1634	-80	5482498	
338	2418	-10	2289	-80	5482630	2725	-83	5482643	3956	-86	5482657	1643	-80	5482670	
334	2425	7	2327	-80	5482801	2743	-83	5482814	3966	-87	5482828	1629	-80	5482841	
307	2436	9	2327	-81	5482974	2725	-83	5482987	3989	-86	5483001	1648	-80	5483014	
337	2410	25	2294	-80	5483145	2743	-83	5483158	3970	-86	5483172	1624	-80	5483185	
332	2448	6	2331	-80	5483317	2701	-83	5483330	3952	-86	5483344	1624	-80	5483358	
324	2415	34	2275	-80	5483489	2720	-83	5483502	3980	-86	5483516	1620	-80	5483529	
331	2433	-14	2303	-81	5483661	2711	-83	5483674	3956	-86	5483688	1643	-80	5483701	
322	2436	15	2284	-80	5483833	2687	-83	5483847	3966	-86	5483860	1629	-80	5483874	
326	2428	13	2298	-81	5484005	2711	-83	5484018	3966	-85	5484032	1634	-80	5484045	
329	2426	0	2284	-80	5484177	2706	-83	5484190	3961	-86	5484204	1638	-80	5484217	
355	2416	-11	2270	-80	5484348	2715	-83	5484361	3933	-85	5484375	1629	-80	5484388	
328	2429	1	2308	-80	5484520	2720	-83	5484533	3966	-86	5484547	1638	-80	5484560	
306	2439	1	2298	-80	5484692	2692	-83	5484706	3980	-86	5484719	1652	-80	5484733	
315	2434	6	2289	-80	5484864	2692	-83	5484877	3970	-86	5484892	1643	-80	5484906	
359	2413	11	2284	-81	5485037	2729	-83	5485050	3938	-86	5485064	1610	-80	5485077	
334	2439	-14	2298	-81	5485208	2696	-83	5485221	3947	-85	5485235	1643	-80	5485248	
354	2411	7	2308	-81	5485381	2757	-83	5485395	3952	-86	5485408	1620	-80	5485422	
340	2410	15	2284	-80	5485551	2734	-83	5485565	3961	-85	5485578	1624	-80	5485592	
331	2424	-16	2289	-81	5485723	2715	-83	5485736	3956	-85	5485750	1648	-80	5485764	
326	2435	47	2289	-80	5485895	2692	-83	5485908	3970	-85	5485922	1605	-80	5485935	
350	2415	-5	2289	-80	5486067	2734	-83	5486080	3947	-86	5486094	1629	-80	5486107	
338	2435	-9	2303	-80	5486240	2706	-83	5486253	3947	-86	5486267	1634	-80	5486280	
292	2441	42	2308	-80	5486411	2692	-83	5486424	4003	-86	5486439	1638	-80	5486453	
344	2425	2	2298	-81	5486583	2720	-83	5486596	3947	-86	5486610	1624	-80	5486623	
329	2416	49	2312	-81	5486755	2743	-83	5486768	3980	-86	5486782	1610	-80	5486795	
332	2447	-7	2308	-81	5486926	2687	-83	5486939	3947	-86	5486953	1634	-80	5486966	
330	2434	-4	2298	-81	5487098	2701	-83	5487111	3956	-86	5487125	1638	-80	5487138	
317	2434	13	2327	-80	5487270	2725	-83	5487283	3980	-86	5487297	1638	-80	5487310	
334	2422	14	2280	-81	5487442	2711	-83	5487455	3961	-86	5487469	1624	-80	5487482	
324	2432	26	2284	-80	5487614	2692	-83	5487627	3966	-86	5487641	1620	-80	5487654	
332	2418	15	2298	-81	5487786	2729	-83	5487799	3966	-86	5487813	1629	-80	5487826	
324	2430	2	2289	-80	5487957	2706	-83	5487970	3966	-85	5487984	1638	-80	5487997	
297	2435	32	2308	-80	5488131	2706	-83	5488146	3999	-86	5488160	1638	-80	5488173	
328	2432	2	2289	-80	5488301	2701	-83	5488316	3961	-86	5488329	1634	-80	5488343	
337	2431	-4	2284	-80	5488473	2696	-83	5488486	3947	-86	5488500	1634	-80	5488513	
365	2401	-59	2289	-81	5488645	2762	-83	5488659	3933	-86	5488672	1657	-80	5488686	
312	2437	-16	2312	-81	5488817	2711	-83	5488830	3975	-86	5488845	1657	-80	5488858	
349	2411	-22	2270	-81	5488989	2725	-83	5489002	3942	-86	5489016	1643	-80	5489029	
323	2413	31	2275	-81	5489161	2720	-83	5489174	3980	-86	5489188	1624	-80	5489201	
326	2430	-30	2294	-81	5489332	2706	-83	5489345	3956	-86	5489359	1662	-80	5489373	
321	2421	17	2308	-80	5489504	2734	-83	5489517	3980	-86	5489531	1634	-80	5489544	
327	2451	6	2322	-81	5489664	2692	-83	5489677	3956	-86	5489691	1624	-80	5489704	
328	2403	30	2270	-81	5489836	2734	-83	5489849	3980	-86	5489863	1624	-80	5489876	
312	2425	20	2289	-80	5490008	2711	-83	5490021	3984	-86	5490035	1638	-80	5490048	
318	2426	-7	2298	-80	5490180	2720	-83	5490193	3975	-86	5490207	1652	-80	5490221	
352	2400	10	2270	-81	5490353	2743	-83	5490366	3952	-85	5490380	1620	-80	5490393	
327	2419	8	2270	-80	5490523	2706	-83	5490536	3966	-85	5490550	1634	-80	5490564	
320	2420	15	2266	-80	5490695	2701	-83	5490708	3975	-85	5490722	1634	-80	5490735	
328	2435	15	2312	-80	5490867	2715	-83	5490880	3966	-85	5490894	1624	-80	5490907	
322	2439	5	2327	-80	5491040	2720	-83	5491053	3970	-85	5491067	1634	-80	5491080	
343	2424	-27	2289	-80	5491211	2706	-83	5491224	3938	-85	5491238	1652	-80	5491251	
345	2424	-3	2289	-80	5491384	2706	-83	5491397	3942	-85	5491411	1634	-80	5491424	
334	2425	-4	2270	-80	5491555	2687	-83	5491569	3947	-86	5491583	1643	-80	5491596	
302	2423	31	2298	-80	5491726	2720	-83	5491739	3999	-86	5491753	1638	-80	5491766	
335	2424	-7	2289	-80	5491899	2715	-83	5491912	3956	-86	5491926	1638	-80	5491939	
315	2406	12	2280	-80	5492070	2739	-83	5492083	3989	-86	5492098	1648	-80	5492112	
0	0	0	2284	-81	5492258	2739	-83	5492083	3961	-85	5492286	1629	-80	5492300	
320	2416	-12	2280	-81	5492429	2720	-83	5492442	3970	-86	5492457	1657	-80	5492471	
321	2444	-8	2303	-80	5492602	2692	-83	5492615	3961	-86	5492629	1643	-80	5492642	
318	2446	12	2322	-81	5492773	2701	-83	5492786	3970	-86	5492800	1634	-80	5492813	
316	2428	7	2284	-80	5492945	2701	-83	5492959	3975	-86	5492972	1643	-80	5492986	
0	0	0	2312	-80	5493132	2701	-83	5492959	3989	-86	5493160	1643	-80	5493174	
356	2420	-13	2322	-80	5493304	2748	-83	5493317	3942	-86	5493331	1629	-80	5493345	
332	2426	0	2280	-81	5493476	2701	-83	5493489	3956	-86	5493503	1634	-80	5493516	
323	2433	5	2298	-80	5493648	2706	-83	5493661	3966	-86	5493675	1634	-80	5493688	
332	2438	-12	2312	-80	5493820	2706	-83	5493834	3952	-86	5493847	1638	-80	5493861	
349	2432	-9	2308	-80	5493992	2715	-83	5494005	3938	-86	5494019	1629	-80	5494032	
311	2430	16	2327	-80	5494164	2734	-83	5494177	3989	-86	5494191	1643	-80	5494204	
323	2436	19	2312	-81	5494335	2711	-83	5494348	3970	-86	5494362	1624	-80	5494375	
311	2434	10	2317	-80	5494508	2715	-83	5494521	3980	-86	5494535	1643	-80	5494548	
319	2450	12	2298	-80	5494679	2673	-83	5494693	3961	-86	5494707	1629	-80	5494720	
320	2439	-31	2298	-80	5494851	2696	-83	5494864	3961	-86	5494878	1662	-80	5494893	
344	2420	12	2317	-81	5495023	2748	-83	5495036	3961	-86	5495050	1620	-80	5495063	
322	2441	3	2308	-80	5495195	2701	-83	5495208	3966	-86	5495222	1638	-80	5495236	
327	2426	-3	2303	-81	5495367	2720	-83	5495381	3966	-86	5495394	1643	-80	5495408	
333	2433	-8	2308	-80	5495539	2715	-83	5495552	3956	-86	5495566	1638	-80	5495579	
341	2420	-3	2280	-81	5495711	2706	-83	5495725	3947	-86	5495738	1638	-80	5495752	
340	2425	-2	2294	-81	5495882	2720	-83	5495895	3952	-86	5495909	1629	-80	5495922	
311	2448	44	2336	-80	5496054	2706	-83	5496067	3984	-86	5496081	1615	-80	5496094	
326	2417	53	2308	-80	5496226	2739	-83	5496239	3984	-86	5496253	1610	-80	5496266	
300	2426	18	2275	-81	5496398	2696	-83	5496411	3994	-85	5496425	1652	-80	5496439	
328	2441	-6	2303	-80	5496570	2696	-83	5496583	3956	-86	5496597	1638	-80	5496610	
304	2420	26	2298	-81	5496742	2729	-83	5496755	3999	-86	5496769	1643	-80	5496782	
318	2424	15	2289	-80	5496913	2715	-84	5496926	3980	-86	5496940	1638	-80	5496953	
340	2405	31	2266	-81	5497085	2729	-83	5497098	3966	-86	5497112	1615	-80	5497125	
354	2413	-23	2294	-81	5497257	2739	-83	5497271	3938	-86	5497284	1638	-80	5497298	
334	2422	0	2294	-80	5497429	2720	-83	5497442	3961	-86	5497456	1638	-80	5497469	
323	2423	29	2284	-80	5497602	2711	-83	5497615	3975	-86	5497629	1624	-80	5497642	
338	2429	-11	2312	-80	5497762	2725	-83	5497777	3952	-86	5497791	1638	-80	5497804	
332	2423	0	2294	-80	5497933	2720	-83	5497947	3961	-86	5497960	1634	-80	5497974	
331	2402	20	2294	-80	5498106	2757	-83	5498120	3980	-86	5498133	1634	-80	5498147	
335	2432	6	2289	-80	5498277	2696	-83	5498290	3952	-86	5498304	1624	-80	5498317	
302	2423	38	2294	-80	5498448	2720	-83	5498461	4003	-86	5498476	1638	-80	5498489	
331	2435	14	2308	-81	5498620	2711	-83	5498633	3961	-86	5498647	1624	-80	5498660	
321	2429	7	2294	-80	5498792	2706	-83	5498805	3970	-86	5498819	1638	-80	5498832	
336	2417	-3	2289	-80	5498965	2720	-83	5498978	3956	-86	5498992	1643	-80	5499005	
338	2432	-15	2308	-80	5499136	2715	-83	5499149	3947	-86	5499165	1638	-80	5499178	
321	2426	-13	2317	-80	5499308	2734	-83	5499321	3975	-86	5499335	1657	-80	5499348	
336	2425	26	2308	-80	5499479	2729	-83	5499493	3966	-86	5499506	1615	-80	5499520	
348	2417	1	2312	-80	5499652	2743	-83	5499666	3952	-86	5499679	1624	-80	5499693	
317	2439	41	2322	-80	5499823	2711	-83	5499836	3980	-86	5499850	1615	-80	5499863	
334	2403	9	2280	-80	5499995	2743	-83	5500008	3970	-86	5500022	1634	-80	5500035	
314	2407	52	2266	-80	5500167	2720	-83	5500180	3994	-86	5500194	1620	-80	5500207	
342	2431	-7	2308	-81	5500339	2715	-83	5500352	3947	-86	5500366	1634	-80	5500379	
331	2408	-14	2303	-81	5500511	2753	-83	5500524	3970	-86	5500538	1652	-80	5500551	
352	2396	-12	2280	-80	5500683	2757	-83	5500696	3952	-86	5500711	1638	-80	5500724	
354	2411	-6	2298	-80	5500871	2748	-83	5500884	3947	-86	5500898	1629	-80	5500911	
318	2414	27	2284	-80	5501042	2729	-83	5501055	3989	-86	5501071	1634	-80	5501084	
340	2401	-3	2294	-81	5501215	2757	-83	5501228	3966	-86	5501242	1643	-80	5501255	
338	2399	5	2270	-80	5501386	2743	-83	5501400	3966	-86	5501413	1638	-80	5501427	
353	2418	-22	2289	-80	5501560	2729	-84	5501573	3938	-86	5501587	1634	-80	5501600	
304	2426	54	2289	-80	5501729	2706	-83	5501743	3999	-86	5501756	1620	-80	5501770	
0	0	0	2303	-80	5501901	2706	-83	5501743	3970	-86	5501929	1634	-80	5501943	
295	2408	54	2261	-81	5502073	2715	-84	5502086	4017	-86	5502100	1638	-80	5502113	
342	2421	6	2294	-81	5502245	2720	-83	5502258	3952	-86	5502272	1624	-80	5502285	
334	2417	21	2294	-80	5502417	2729	-83	5502430	3966	-86	5502444	1624	-80	5502457	
319	2430	0	2303	-81	5502589	2711	-83	5502602	3970	-86	5502616	1648	-80	5502630	
329	2402	31	2280	-80	5502761	2743	-83	5502774	3980	-86	5502788	1629	-80	5502801	
0	0	0	2294	-80	5502932	2743	-83	5502774	3984	-86	5502960	1629	-80	5502974	
364	2419	-37	2294	-80	5503105	2729	-83	5503119	3923	-86	5503132	1638	-80	5503146	
331	2420	25	2298	-80	5503276	2729	-84	5503289	3970	-86	5503303	1620	-80	5503316	
323	2424	19	2298	-81	5503448	2720	-83	5503461	3975	-86	5503475	1629	-80	5503488	
329	2425	-7	2275	-81	5503620	2701	-83	5503633	3956	-86	5503647	1643	-80	5503660	
345	2439	-18	2308	-81	5503792	2706	-83	5503805	3938	-86	5503819	1634	-80	5503832	
314	2431	9	2280	-81	5503965	2692	-83	5503978	3975	-86	5503992	1638	-80	5504005	
341	2426	-11	2294	-81	5504136	2715	-83	5504149	3947	-86	5504165	1634	-80	5504178	
327	2440	17	2322	-80	5504309	2711	-83	5504322	3966	-86	5504336	1624	-80	5504349	
0	0	0	2317	-80	5504480	2711	-83	5504322	3980	-85	5504502	1634	-80	5504516	
338	2404	-3	2294	-81	5504651	2757	-83	5504664	3970	-86	5504678	1643	-80	5504691	
354	2404	-5	2284	-81	5504823	2748	-83	5504836	3947	-86	5504850	1629	-80	5504863	
339	2378	19	2284	-81	5504995	2795	-83	5505008	3984	-86	5505023	1634	-80	5505036	
341	2432	-11	2303	-80	5505162	2715	-84	5505176	3947	-86	5505189	1634	-80	5505203	
323	2417	17	2289	-81	5505332	2729	-84	5505345	3980	-86	5505359	1634	-80	5505372	
317	2423	20	2298	-81	5505505	2725	-83	5505518	3984	-86	5505532	1634	-80	5505545	
323	2422	16	2294	-81	5505676	2720	-83	5505689	3975	-86	5505703	1634	-80	5505716	
344	2430	-32	2303	-80	5505864	2715	-83	5505877	3938	-86	5505891	1648	-80	5505904	
331	2408	-15	2294	-80	5506036	2748	-83	5506050	3970	-86	5506063	1652	-80	5506077	
362	2405	-20	2280	-80	5506207	2743	-83	5506220	3933	-86	5506234	1634	-80	5506247	
360	2416	-21	2298	-81	5506380	2739	-83	5506393	3933	-86	5506407	1634	-80	5506420	
348	2414	-10	2289	-80	5506551	2734	-83	5506564	3947	-85	5506578	1634	-80	5506591	
321	2417	-6	2294	-81	5506723	2729	-83	5506736	3975	-86	5506750	1652	-80	5506763	
361	2403	11	2284	-80	5506895	2753	-83	5506908	3947	-86	5506922	1615	-80	5506935	
323	2428	3	2298	-80	5507067	2715	-83	5507080	3970	-86	5507094	1638	-80	5507108	
323	2420	6	2312	-80	5507239	2743	-83	5507252	3980	-85	5507266	1643	-80	5507279	
347	2428	-29	2322	-81	5507411	2739	-83	5507424	3947	-86	5507438	1643	-80	5507452	
357	2410	-37	2280	-80	5507582	2734	-83	5507595	3933	-86	5507609	1648	-80	5507622	
311	2428	25	2294	-80	5507754	2706	-83	5507767	3984	-86	5507781	1638	-80	5507794	
323	2421	24	2289	-80	5507927	2715	-83	5507941	3975	-86	5507954	1629	-80	5507967	
336	2401	8	2284	-80	5508098	2753	-83	5508111	3970	-86	5508125	1634	-80	5508138	
0	0	0	2266	-80	5508271	2753	-83	5508111	3952	-86	5508299	1634	-80	5508313	
362	2417	-26	2289	-80	5508442	2720	-83	5508456	3923	-86	5508470	1638	-80	5508483	
342	2423	6	2308	-80	5508614	2734	-83	5508627	3956	-86	5508641	1624	-80	5508656	
335	2430	-3	2312	-80	5508785	2720	-83	5508798	3956	-86	5508812	1634	-80	5508825	
328	2418	18	2270	-80	5508957	2711	-83	5508970	3970	-86	5508984	1629	-80	5508997	
317	2433	15	2294	-81	5509130	2701	-83	5509144	3975	-86	5509157	1634	-80	5509171	
315	2412	9	2284	-81	5509301	2729	-83	5509314	3984	-86	5509328	1648	-80	5509341	
369	2411	2	2284	-80	5509473	2734	-83	5509486	3928	-86	5509500	1610	-80	5509513	
322	2426	-2	2289	-80	5509645	2711	-83	5509658	3970	-86	5509672	1643	-80	5509686	
320	2438	-12	2303	-81	5509817	2701	-83	5509830	3966	-86	5509844	1648	-80	5509857	
335	2414	-11	2303	-80	5509988	2748	-83	5510002	3966	-85	5510015	1648	-80	5510029	
335	2419	14	2308	-80	5510160	2739	-83	5510173	3966	-86	5510187	1624	-80	5510200	
336	2418	5	2284	-81	5510332	2720	-83	5510345	3961	-86	5510359	1634	-80	5510372	
316	2420	-5	2284	-80	5510504	2715	-83	5510517	3975	-86	5510532	1657	-80	5510545	
316	2434	18	2317	-80	5510676	2720	-83	5510689	3980	-86	5510703	1634	-80	5510716	
316	2407	16	2280	-81	5510848	2739	-83	5510861	3989	-86	5510875	1643	-80	5510888	
348	2410	-22	2294	-81	5511021	2748	-83	5511034	3952	-86	5511048	1643	-80	5511061	
359	2420	-44	2275	-80	5511191	2715	-83	5511204	3923	-86	5511218	1648	-80	5511231	
0	0	0	2280	-80	5511365	2715	-83	5511204	3952	-86	5511393	1629	-80	5511407	
344	2403	6	2275	-80	5511535	2734	-83	5511549	3956	-86	5511562	1634	-80	5511576	
328	2432	2	2289	-80	5511707	2701	-83	5511720	3961	-86	5511734	1634	-80	5511747	
340	2429	2	2308	-81	5511879	2720	-83	5511893	3952	-86	5511906	1629	-80	5511920	
318	2453	-5	2331	-80	5512051	2696	-83	5512064	3966	-86	5512078	1643	-80	5512091	
314	2427	51	2303	-81	5512238	2715	-83	5512251	3989	-86	5512265	1620	-80	5512278	
327	2433	9	2303	-80	5512426	2711	-83	5512439	3966	-85	5512453	1629	-80	5512466	
303	2450	31	2308	-81	5512598	2678	-83	5512611	3984	-86	5512625	1629	-80	5512638	
0	0	0	2275	-81	5512769	2725	-83	5512782	3952	-86	5512796	1629	-80	5512638	
322	2442	-20	2303	-80	5512941	2696	-83	5512954	3961	-86	5512968	1652	-80	5512981	
338	2417	3	2298	-80	5513113	2734	-83	5513126	3961	-86	5513140	1634	-80	5513153	
307	2441	10	2317	-80	5513285	2706	-83	5513299	3984	-86	5513312	1643	-80	5513326	
322	2438	0	2308	-80	5513457	2706	-83	5513470	3966	-86	5513484	1638	-80	5513497	
311	2430	8	2270	-80	5513630	2682	-83	5513643	3975	-86	5513657	1643	-80	5513670	
347	2415	8	2303	-80	5513801	2743	-83	5513816	3956	-86	5513829	1624	-80	5513843	
322	2412	15	2275	-80	5513973	2725	-83	5513986	3980	-86	5514000	1638	-80	5514015	
339	2417	8	2298	-80	5514145	2734	-83	5514158	3961	-86	5514172	1629	-80	5514185	
0	0	0	2275	-81	5514316	2734	-83	5514158	3938	-86	5514344	1620	-80	5514358	
337	2418	-2	2303	-80	5514489	2734	-83	5514503	3961	-86	5514516	1638	-80	5514530	
309	2436	0	2317	-81	5514661	2711	-83	5514674	3980	-86	5514688	1652	-80	5514701	
343	2421	-27	2308	-81	5514833	2739	-83	5514847	3952	-86	5514860	1648	-80	5514874	
337	2424	1	2312	-80	5515004	2734	-83	5515017	3961	-86	5515031	1634	-80	5515044	
341	2409	21	2280	-80	5515177	2734	-83	5515190	3961	-86	5515204	1620	-80	5515217	
322	2406	23	2270	-80	5515347	2729	-83	5515360	3980	-86	5515374	1634	-80	5515387	
333	2419	3	2312	-80	5515536	2739	-83	5515549	3966	-86	5515563	1634	-80	5515576	
338	2419	13	2294	-80	5515707	2729	-83	5515721	3961	-86	5515734	1624	-80	5515748	
348	2431	-6	2308	-80	5515879	2720	-83	5515892	3942	-86	5515906	1624	-80	5515919	
357	2419	-19	2312	-80	5516051	2743	-83	5516064	3938	-86	5516078	1634	-80	5516091	
320	2410	37	2298	-80	5516223	2743	-83	5516236	3989	-86	5516250	1629	-80	5516263	
312	2417	19	2280	-80	5516410	2720	-83	5516423	3989	-86	5516437	1643	-80	5516450	
326	2429	-6	2284	-81	5516582	2701	-83	5516595	3961	-86	5516609	1643	-81	5516623	
336	2410	26	2289	-81	5516754	2739	-83	5516767	3970	-86	5516781	1624	-80	5516794	
351	2419	-17	2298	-81	5516925	2734	-83	5516939	3942	-86	5516953	1634	-80	5516966	
345	2441	-29	2317	-80	5517099	2711	-83	5517112	3938	-86	5517126	1638	-80	5517139	
304	2418	19	2284	-80	5517269	2715	-83	5517283	3994	-86	5517296	1648	-80	5517310	
327	2417	18	2270	-81	5517443	2701	-83	5517456	3966	-86	5517470	1634	-80	5517483	
302	2416	20	2294	-81	5517613	2734	-83	5517628	4003	-86	5517642	1652	-81	5517655	
344	2422	-3	2280	-80	5517785	2711	-83	5517798	3947	-86	5517812	1629	-80	5517825	
307	2412	39	2294	-80	5517957	2739	-83	5517970	4003	-86	5517984	1638	-80	5517997	
340	2413	36	2289	-80	5518129	2734	-83	5518142	3966	-86	5518156	1610	-80	5518169	
349	2402	2	2280	-81	5518301	2748	-83	5518314	3956	-85	5518328	1629	-80	5518341	
327	2426	10	2312	-80	5518488	2729	-83	5518501	3970	-85	5518516	1634	-80	5518529	
339	2434	-12	2308	-80	5518660	2711	-83	5518673	3947	-85	5518687	1638	-80	5518700	
354	2415	-3	2298	-81	5518832	2743	-83	5518845	3947	-86	5518859	1624	-80	5518872	
362	2404	-10	2284	-81	5519004	2748	-83	5519017	3938	-85	5519031	1629	-80	5519044	
315	2414	36	2280	-81	5519175	2720	-83	5519188	3989	-85	5519202	1629	-80	5519215	
293	2415	38	2289	-81	5519348	2725	-83	5519361	4013	-86	5519375	1648	-80	5519388	
339	2416	-8	2275	-80	5519519	2715	-83	5519532	3952	-86	5519546	1638	-80	5519559	
339	2417	16	2289	-81	5519691	2725	-83	5519704	3961	-86	5519718	1624	-80	5519731	
360	2418	-42	2308	-80	5519863	2743	-83	5519876	3933	-86	5519890	1648	-80	5519903	
302	2410	32	2303	-80	5520035	2748	-83	5520048	4008	-86	5520063	1648	-80	5520076	
319	2429	-9	2294	-80	5520207	2711	-83	5520220	3970	-86	5520234	1652	-80	5520247	
343	2428	10	2303	-81	5520379	2720	-84	5520392	3952	-86	5520406	1620	-80	5520419	
318	2428	3	2308	-81	5520550	2720	-83	5520563	3975	-86	5520577	1648	-80	5520590	
320	2420	22	2298	-80	5520722	2725	-83	5520735	3980	-86	5520749	1634	-80	5520762	
349	2406	10	2284	-80	5520894	2743	-83	5520907	3956	-86	5520922	1624	-80	5520935	
330	2438	10	2298	-80	5521066	2696	-83	5521079	3956	-86	5521093	1624	-80	5521106	
0	0	0	2298	-80	5521253	2696	-83	5521079	3947	-86	5521281	1638	-80	5521295	
330	2394	42	2275	-80	5521425	2753	-83	5521438	3984	-86	5521452	1620	-80	5521465	
347	2402	25	2289	-80	5521597	2757	-83	5521610	3966	-86	5521624	1615	-80	5521637	
332	2413	4	2280	-80	5521770	2725	-83	5521783	3966	-86	5521797	1638	-80	5521810	
351	2409	-20	2312	-80	5521941	2762	-83	5521954	3952	-86	5521968	1638	-80	5521982	
300	2423	16	2308	-80	5522113	2729	-83	5522126	3999	-86	5522140	1652	-80	5522153	
333	2429	8	2294	-81	5522284	2711	-83	5522298	3961	-86	5522311	1629	-80	5522325	
357	2412	-26	2270	-80	5522456	2725	-83	5522469	3933	-86	5522483	1638	-80	5522496	
348	2403	-9	2270	-80	5522628	2729	-83	5522641	3947	-86	5522655	1643	-80	5522668	
336	2416	21	2298	-81	5522800	2734	-83	5522813	3966	-86	5522827	1624	-80	5522840	
336	2409	2	2289	-80	5522972	2743	-83	5522985	3966	-86	5522999	1634	-80	5523012	
331	2419	26	2280	-80	5523144	2711	-83	5523157	3966	-85	5523171	1620	-80	5523184	
330	2418	10	2294	-81	5523316	2729	-83	5523329	3970	-85	5523343	1634	-80	5523357	
338	2419	13	2294	-80	5523488	2729	-83	5523501	3961	-86	5523516	1624	-80	5523530	
339	2422	-1	2294	-81	5523661	2720	-84	5523676	3952	-86	5523689	1634	-80	5523703	
361	2391	-39	2256	-81	5523831	2753	-83	5523846	3938	-86	5523859	1652	-80	5523873	
345	2402	-20	2252	-80	5524003	2725	-83	5524016	3947	-86	5524030	1648	-80	5524043	
318	2423	47	2308	-80	5524175	2729	-83	5524188	3989	-86	5524202	1620	-80	5524215	
330	2418	10	2294	-81	5524347	2729	-83	5524360	3970	-86	5524375	1634	-80	5524388	
325	2407	42	2275	-81	5524519	2729	-83	5524532	3984	-86	5524546	1620	-80	5524559	
326	2437	9	2312	-80	5524691	2711	-83	5524704	3966	-86	5524718	1629	-80	5524731	
358	2411	-8	2298	-80	5524863	2748	-83	5524876	3942	-86	5524890	1629	-80	5524904	
336	2425	3	2289	-80	5525034	2715	-83	5525047	3956	-86	5525061	1629	-80	5525074	
345	2416	-6	2298	-81	5525206	2739	-83	5525219	3952	-86	5525233	1634	-80	5525246	
323	2407	7	2275	-80	5525377	2734	-83	5525390	3980	-86	5525404	1643	-80	5525417	
0	0	0	2327	-80	5525549	2734	-83	5525390	3999	-86	5525577	1648	-80	5525591	
348	2409	14	2266	-81	5525721	2725	-83	5525734	3952	-86	5525748	1615	-80	5525761	
342	2425	13	2298	-80	5525893	2720	-83	5525906	3952	-85	5525920	1620	-81	5525934	
339	2397	6	2275	-80	5526065	2753	-83	5526078	3970	-86	5526092	1634	-80	5526105	
337	2418	33	2317	-80	5526237	2748	-83	5526250	3970	-86	5526264	1615	-80	5526277	
339	2423	30	2284	-81	5526409	2715	-83	5526422	3961	-86	5526436	1610	-80	5526450	
328	2420	6	2275	-80	5526580	2711	-83	5526593	3966	-86	5526607	1634	-80	5526620	
0	0	0	2303	-81	5526752	2711	-83	5526593	3933	-86	5526780	1624	-80	5526794	
344	2412	-7	2303	-80	5526924	2748	-83	5526937	3956	-86	5526951	1638	-80	5526964	
0	0	0	2327	-80	5527096	2748	-83	5526937	3956	-86	5527117	1615	-80	5527131	
349	2406	-29	2289	-81	5527253	2748	-83	5527266	3947	-86	5527280	1648	-80	5527293	
364	2404	-31	2298	-81	5527424	2762	-83	5527439	3938	-86	5527452	1638	-80	5527466	
341	2416	-5	2298	-81	5527596	2739	-83	5527609	3956	-86	5527623	1634	-80	5527636	
354	2428	-21	2303	-81	5527768	2720	-83	5527781	3933	-86	5527795	1634	-80	5527808	
344	2400	-1	2289	-80	5527940	2757	-83	5527953	3961	-86	5527967	1638	-80	5527980	
327	2420	20	2270	-80	5528112	2706	-84	5528125	3970	-86	5528139	1624	-80	5528152	
313	2407	54	2289	-80	5528283	2743	-83	5528296	4003	-86	5528310	1624	-80	5528323	
306	2410	42	2280	-80	5528455	2729	-84	5528469	4003	-86	5528482	1634	-80	5528496	
347	2411	18	2280	-80	5528627	2734	-84	5528640	3956	-86	5528654	1615	-80	5528667	
349	2410	2	2284	-80	5528799	2739	-83	5528812	3952	-86	5528826	1624	-80	5528839	
323	2423	12	2303	-80	5528971	2729	-84	5528985	3975	-86	5528998	1634	-80	5529012	
332	2431	-4	2298	-81	5529143	2706	-84	5529156	3956	-86	5529170	1638	-80	5529183	
362	2414	-17	2294	-80	5529314	2739	-84	5529327	3933	-86	5529341	1624	-80	5529354	
330	2423	-20	2303	-80	5529486	2725	-84	5529499	3961	-86	5529513	1652	-80	5529527	
339	2395	40	2275	-81	5529658	2753	-83	5529671	3975	-86	5529685	1615	-80	5529698	
309	2558	0	2275	-81	5529658	2711	-84	5529854	3952	-86	5529868	1634	-80	5529881	
340	2407	8	2294	-80	5530018	2748	-83	5530031	3966	-86	5530045	1634	-80	5530058	
355	2410	7	2275	-80	5530189	2729	-83	5530203	3942	-86	5530217	1620	-80	5530230	
356	2390	8	2266	-80	5530361	2762	-83	5530374	3956	-85	5530388	1624	-80	5530403	
326	2413	26	2303	-81	5530533	2743	-84	5530546	3980	-85	5530560	1629	-80	5530573	
323	2413	27	2298	-81	5530705	2743	-84	5530718	3984	-86	5530732	1629	-81	5530746	
330	2422	32	2289	-80	5530877	2715	-83	5530892	3970	-86	5530905	1620	-80	5530919	
334	2416	39	2308	-81	5531049	2743	-83	5531062	3975	-86	5531076	1610	-81	5531089	
339	2437	4	2317	-80	5531221	2715	-83	5531234	3952	-86	5531248	1624	-80	5531261	
0	0	0	2298	-81	5531393	2715	-83	5531234	3956	-85	5531421	1652	-80	5531435	
319	2429	26	2312	-80	5531580	2720	-83	5531594	3980	-86	5531607	1629	-80	5531621	
337	2435	-1	0	0	0	2711	-83	5531765	3952	-86	5531779	1629	-80	5531793	
355	2415	-2	2294	-80	5531955	2734	-84	5531969	3942	-86	5531982	1624	-80	5531996	
315	2406	47	2289	-81	5532127	2743	-83	5532140	3999	-86	5532154	1629	-80	5532167	
347	2408	-8	2284	-80	5532299	2739	-83	5532312	3952	-86	5532326	1634	-80	5532339	
337	2424	-27	2298	-80	5532470	2725	-84	5532483	3952	-86	5532497	1652	-80	5532510	
328	2417	24	2280	-81	5532643	2715	-83	5532656	3970	-86	5532670	1624	-80	5532683	
331	2412	-18	2312	-80	5532814	2757	-83	5532827	3970	-86	5532841	1652	-80	5532854	
328	2427	22	2294	-80	5532986	2715	-83	5532999	3970	-86	5533013	1624	-80	5533027	
345	2400	-15	2266	-80	5533158	2743	-83	5533171	3956	-86	5533185	1643	-80	5533198	
315	2417	21	2298	-81	5533331	2729	-83	5533344	3984	-86	5533358	1638	-80	5533371	
335	2409	47	2284	-81	5533499	2734	-83	5533512	3975	-86	5533527	1610	-80	5533540	
346	2419	-44	2280	-80	5533671	2720	-83	5533684	3938	-86	5533698	1657	-80	5533711	
320	2405	50	2275	-80	5533842	2734	-83	5533856	3994	-86	5533870	1620	-80	5533883	
327	2423	-4	2280	-81	5534014	2711	-83	5534027	3966	-86	5534041	1643	-80	5534055	
340	2427	11	2298	-81	5534186	2715	-83	5534199	3952	-86	5534213	1620	-80	5534226	
324	2426	31	2294	-81	5534358	2711	-83	5534371	3975	-86	5534385	1624	-80	5534398	
355	2428	-12	2322	-80	5534530	2734	-83	5534545	3938	-86	5534558	1624	-80	5534572	
322	2431	37	2294	-81	5534702	2701	-84	5534715	3975	-86	5534729	1615	-80	5534742	
334	2412	-22	2284	-80	5534873	2734	-83	5534886	3961	-86	5534900	1652	-80	5534913	
313	2436	33	2298	-80	5535046	2696	-83	5535059	3980	-86	5535073	1624	-80	5535086	
317	2442	1	2303	-80	5535217	2692	-84	5535230	3970	-86	5535244	1643	-80	5535257	
338	2419	13	2294	-81	5535389	2729	-83	5535402	3961	-86	5535416	1624	-81	5535429	
339	2420	23	2270	-80	5535561	2706	-84	5535575	3956	-86	5535588	1615	-80	5535602	
342	2421	11	2284	-80	5535733	2715	-83	5535746	3952	-86	5535760	1620	-80	5535773	
329	2425	29	2308	-80	5535905	2725	-83	5535918	3970	-85	5535932	1620	-80	5535945	
335	2413	2	2298	-80	5536076	2743	-83	5536089	3966	-86	5536103	1634	-81	5536116	
0	0	0	2284	-80	5536248	2711	-83	5536261	3966	-86	5536103	1634	-80	5536289	
317	2431	9	2322	-81	5536420	2725	-83	5536434	3980	-86	5536447	1643	-80	5536461	
319	2415	44	2284	-80	5536593	2725	-83	5536606	3989	-86	5536621	1620	-80	5536634	
293	2566	0	2284	-80	5536593	2701	-83	5536773	3966	-85	5536787	1643	-80	5536800	
308	2421	16	2280	-81	5536936	2711	-83	5536950	3989	-85	5536963	1643	-80	5536977	
340	2419	25	2294	-80	5537109	2725	-83	5537123	3961	-85	5537136	1615	-80	5537150	
0	0	0	2284	-80	5537280	2725	-83	5537123	3980	-85	5537309	1629	-80	5537323	
323	2424	5	2289	-81	5537451	2715	-83	5537464	3970	-86	5537478	1638	-80	5537491	
355	2418	-5	2298	-81	5537623	2725	-83	5537636	3938	-86	5537650	1629	-80	5537663	
336	2435	20	2294	-80	5537795	2701	-83	5537808	3956	-86	5537822	1615	-80	5537835	
338	2441	-4	2317	-80	5537968	2706	-83	5537981	3947	-85	5537995	1629	-80	5538008	
319	2438	3	2303	-80	5538139	2696	-83	5538152	3966	-86	5538168	1638	-80	5538181	
329	2432	26	2294	-80	5538311	2701	-83	5538324	3966	-86	5538338	1620	-80	5538351	
322	2422	37	2308	-81	5538483	2734	-83	5538496	3984	-86	5538510	1620	-80	5538523	
354	2416	12	2308	-80	5538655	2743	-83	5538669	3947	-86	5538682	1615	-80	5538696	
0	0	0	2308	-81	5538826	2743	-83	5538669	3966	-86	5538854	1638	-80	5538868	
344	2432	3	2303	-80	5538998	2715	-83	5539011	3947	-86	5539025	1620	-80	5539038	
372	2414	-31	2289	-80	5539170	2739	-84	5539183	3923	-86	5539197	1629	-80	5539210	
345	2417	-1	2303	-81	5539342	2739	-83	5539355	3952	-86	5539369	1629	-80	5539382	
322	2428	7	2284	-80	5539514	2701	-83	5539527	3970	-86	5539541	1638	-80	5539554	
331	2424	-12	2284	-80	5539686	2711	-83	5539699	3956	-85	5539714	1643	-80	5539727	
335	2420	-21	2312	-80	5539858	2743	-83	5539871	3961	-86	5539885	1648	-80	5539898	
0	0	0	2289	-81	5540029	2743	-83	5539871	3970	-86	5540058	1634	-80	5540072	
312	2419	27	2275	-81	5540201	2711	-83	5540214	3989	-86	5540228	1638	-80	5540241	
0	0	0	2294	-80	5540373	2725	-83	5540387	3989	-86	5540228	1648	-80	5540414	
0	0	0	2308	-80	5540545	2725	-83	5540387	3980	-86	5540573	1624	-80	5540587	
334	2414	-14	2298	-80	5540717	2743	-83	5540730	3966	-85	5540744	1648	-80	5540757	
332	2423	-15	2275	-80	5540888	2706	-84	5540902	3956	-85	5540916	1648	-81	5540929	
337	2435	-10	2294	-81	5541060	2701	-83	5541073	3947	-86	5541087	1634	-80	5541101	
353	2409	-36	2303	-80	5541231	2757	-83	5541244	3947	-86	5541258	1648	-80	5541271	
325	2429	7	2294	-81	5541404	2711	-83	5541417	3966	-86	5541431	1634	-80	5541444	
326	2407	-6	2280	-81	5541575	2739	-83	5541588	3975	-86	5541602	1648	-80	5541615	
343	2408	5	2289	-80	5541747	2743	-83	5541760	3961	-86	5541774	1629	-80	5541787	
340	2393	8	2284	-81	5541919	2767	-83	5541933	3970	-86	5541946	1634	-80	5541960	
342	2405	1	2242	-80	5542091	2701	-83	5542104	3947	-86	5542118	1638	-80	5542131	
345	2407	-8	2275	-81	5542263	2734	-84	5542276	3952	-86	5542290	1638	-80	5542303	
327	2427	1	2298	-81	5542435	2715	-84	5542448	3966	-86	5542462	1638	-80	5542475	
320	2402	41	2298	-80	5542607	2757	-84	5542620	3994	-86	5542634	1629	-80	5542648	
323	2423	-10	2294	-80	5542779	2720	-84	5542792	3970	-86	5542806	1652	-80	5542819	
343	2408	-36	2289	-80	5542951	2748	-84	5542964	3952	-86	5542978	1657	-80	5542991	
369	2415	-38	2298	-81	5543122	2743	-83	5543135	3923	-86	5543149	1634	-80	5543162	
317	2409	31	2275	-80	5543295	2729	-83	5543308	3989	-86	5543322	1634	-80	5543335	
339	2429	-17	2294	-80	5543467	2711	-83	5543480	3947	-86	5543494	1638	-80	5543507	
310	2412	34	2294	-80	5543638	2739	-83	5543651	3999	-86	5543665	1634	-80	5543678	
369	2407	-4	2289	-81	5543811	2739	-83	5543824	3928	-86	5543838	1620	-80	5543851	
312	2417	19	2280	-80	5543982	2720	-83	5543996	3989	-86	5544010	1643	-80	5544023	
327	2433	-38	2298	-80	5544153	2706	-83	5544166	3952	-86	5544180	1662	-80	5544193	
322	2412	22	2308	-80	5544325	2748	-83	5544339	3984	-86	5544352	1634	-80	5544366	
317	2407	7	2298	-80	5544497	2748	-83	5544510	3989	-86	5544525	1652	-80	5544538	
356	2409	-40	2294	-81	5544669	2748	-83	5544682	3938	-86	5544696	1652	-80	5544709	
351	2417	-12	2284	-81	5544841	2725	-83	5544854	3942	-86	5544868	1634	-80	5544881	
322	2427	-4	2284	-80	5545013	2706	-83	5545026	3966	-86	5545040	1648	-80	5545053	
0	0	0	2289	-80	5545185	2706	-83	5545026	3961	-86	5545213	1634	-80	5545227	
317	2449	-22	2303	-81	5545357	2682	-83	5545370	3961	-86	5545384	1652	-80	5545397	
346	2417	-14	2284	-80	5545528	2725	-83	5545542	3947	-86	5545555	1638	-80	5545569	
340	2436	-16	2298	-80	5545700	2701	-83	5545713	3942	-86	5545727	1638	-80	5545740	
326	2436	1	2284	-80	5545872	2687	-83	5545885	3956	-86	5545899	1638	-80	5545912	
341	2437	-30	2298	-81	5546044	2701	-83	5546057	3938	-86	5546071	1643	-80	5546085	
365	2413	-39	2317	-80	5546216	2762	-83	5546229	3933	-86	5546243	1638	-80	5546256	
0	0	0	2280	-81	5546388	2762	-83	5546229	3928	-86	5546416	1615	-80	5546430	
332	2417	4	2289	-80	5546559	2729	-83	5546572	3966	-86	5546586	1634	-80	5546601	
303	2430	38	2298	-80	5546732	2711	-83	5546745	3999	-86	5546760	1634	-80	5546773	
0	0	0	2298	-81	5546903	2711	-83	5546745	3947	-86	5546931	1634	-80	5546945	
314	2421	20	0	0	0	2711	-83	5547089	3984	-86	5547102	1638	-80	5547116	
328	2411	59	2266	-81	5547279	2715	-83	5547293	3984	-86	5547306	1605	-80	5547320	
348	2402	-19	2275	-80	5547450	2748	-83	5547463	3952	-86	5547477	1643	-80	5547490	
0	0	0	2284	-80	5547623	2711	-83	5547636	3952	-86	5547477	1629	-80	5547664	
330	2427	4	2284	-80	5547794	2696	-83	5547808	3956	-86	5547822	1638	-80	5547835	
350	2414	-30	2303	-80	5547965	2748	-83	5547978	3947	-86	5547992	1648	-80	5548005	
335	2418	19	2289	-80	5548138	2725	-83	5548151	3966	-86	5548165	1624	-80	5548178	
357	2420	-19	2289	-80	5548310	2725	-84	5548323	3933	-86	5548337	1629	-80	5548350	
333	2406	21	2284	-81	5548482	2743	-83	5548495	3975	-86	5548509	1629	-80	5548522	
335	2416	26	2294	-81	5548653	2734	-83	5548666	3970	-86	5548680	1620	-80	5548693	
343	2408	-9	2289	-81	5548825	2743	-83	5548839	3956	-86	5548852	1643	-80	5548866	
0	0	0	2284	-81	5548997	2762	-83	5549010	3956	-86	5548852	1634	-80	5549038	
334	2423	-10	2317	-81	5549169	2739	-83	5549182	3961	-86	5549196	1643	-80	5549209	
320	2421	-4	2312	-81	5549341	2739	-83	5549355	3980	-86	5549368	1652	-80	5549382	
340	2404	20	2261	-80	5549513	2725	-83	5549526	3961	-86	5549540	1624	-80	5549555	
346	2417	10	2280	-80	5549685	2720	-83	5549698	3952	-86	5549712	1620	-80	5549725	
0	0	0	2298	-80	5549856	2720	-83	5549698	3952	-86	5549885	1638	-80	5549898	
336	2400	3	2256	-81	5550029	2734	-83	5550043	3966	-86	5550056	1638	-80	5550070	
327	2411	32	2298	-81	5550200	2743	-83	5550214	3980	-86	5550227	1624	-80	5550241	
349	2416	1	2294	-81	5550373	2734	-84	5550387	3947	-85	5550400	1624	-80	5550414	
333	2415	33	2308	-80	5550544	2743	-83	5550557	3975	-86	5550571	1620	-80	5550584	
316	2408	42	2266	-80	5550731	2715	-83	5550744	3989	-86	5550758	1629	-80	5550773	
349	2405	13	2261	-80	5550903	2725	-83	5550916	3952	-86	5550930	1620	-80	5550943	
350	2397	11	2289	-80	5551075	2767	-83	5551088	3961	-86	5551102	1624	-80	5551115	
338	2418	7	2303	-80	5551247	2734	-83	5551261	3961	-86	5551274	1629	-80	5551288	
340	2393	-2	2284	-80	5551419	2767	-83	5551432	3970	-86	5551446	1643	-80	5551459	
320	2404	58	2275	-81	5551590	2734	-83	5551603	3994	-86	5551617	1615	-80	5551630	
332	2423	-9	2289	-80	5551778	2720	-83	5551791	3961	-86	5551805	1643	-80	5551818	
336	2397	-3	2252	-81	5551949	2734	-83	5551963	3966	-86	5551976	1643	-80	5551990	
330	2422	-24	2294	-81	5552122	2725	-83	5552135	3961	-86	5552149	1657	-80	5552162	
332	2437	-6	2294	-80	5552294	2696	-83	5552307	3952	-86	5552321	1638	-80	5552334	
321	2436	-18	2294	-80	5552465	2696	-83	5552479	3961	-86	5552492	1652	-80	5552506	
355	2396	-12	2280	-81	5552637	2762	-83	5552650	3952	-86	5552664	1634	-80	5552679	
338	2408	0	2256	-81	5552809	2715	-83	5552822	3956	-86	5552836	1638	-80	5552849	
323	2419	-12	2312	-80	5552981	2739	-83	5552994	3975	-86	5553008	1657	-80	5553022	
336	2421	12	2294	-81	5553153	2725	-83	5553168	3961	-86	5553181	1624	-80	5553195	
339	2426	-6	2308	-81	5553325	2729	-83	5553338	3956	-86	5553352	1634	-80	5553365	
339	2426	-6	2298	-81	5553496	2729	-83	5553338	3956	-86	5553352	1620	-80	5553532	
323	2434	-5	2298	-80	5553653	2706	-83	5553667	3966	-86	5553680	1643	-80	5553694	
342	2415	7	2284	-80	5553827	2729	-83	5553840	3956	-86	5553854	1624	-80	5553867	
338	2401	32	2266	-80	5553996	2734	-83	5554009	3970	-86	5554023	1615	-80	5554036	
358	2409	2	2298	-80	5554168	2748	-83	5554181	3942	-86	5554195	1620	-80	5554208	
338	2420	-24	2308	-80	5554340	2739	-83	5554353	3956	-86	5554367	1648	-80	5554380	
326	2434	12	0	0	0	2701	-83	5554525	3966	-86	5554539	1629	-80	5554552	
349	2409	-3	2266	-81	5554715	2725	-83	5554728	3947	-86	5554742	1629	-80	5554755	
329	2414	-20	2284	-80	5554887	2720	-83	5554900	3961	-86	5554914	1662	-80	5554927	
333	2432	-14	2303	-80	5555059	2715	-83	5555072	3956	-86	5555086	1643	-80	5555099	
0	0	0	2308	-80	5555231	2706	-83	5555244	3956	-86	5555086	1643	-80	5555272	
340	2418	-31	2294	-80	5555403	2734	-83	5555416	3952	-86	5555430	1652	-80	5555443	
326	2410	17	2266	-81	5555575	2720	-83	5555588	3975	-86	5555603	1634	-80	5555616	
331	2424	-18	2284	-81	5555747	2711	-83	5555760	3956	-86	5555774	1648	-80	5555787	
315	2429	16	2327	-81	5555918	2734	-83	5555933	3984	-86	5555946	1638	-80	5555959	
0	0	0	2312	-80	5556092	2734	-83	5555933	3966	-86	5556120	1629	-80	5556134	
348	2419	-10	2298	-80	5556262	2734	-83	5556275	3947	-86	5556289	1634	-81	5556302	
309	2424	77	2298	-81	5556434	2715	-83	5556447	4003	-86	5556461	1605	-80	5556475	
318	2420	0	2280	-80	5556606	2715	-83	5556621	3975	-86	5556635	1652	-80	5556648	
363	2404	14	2284	-81	5556777	2748	-83	5556791	3942	-86	5556804	1610	-80	5556818	
327	2412	-20	2294	-81	5556950	2743	-84	5556963	3970	-86	5556977	1657	-80	5556990	
347	2419	-27	2289	-81	5557121	2725	-84	5557134	3942	-85	5557148	1643	-80	5557161	
325	2407	15	2280	-81	5557293	2739	-83	5557306	3980	-85	5557320	1638	-80	5557333	
354	2404	2	2270	-80	5557465	2739	-83	5557478	3947	-86	5557492	1624	-80	5557505	
311	2428	29	2308	-81	5557637	2720	-83	5557650	3989	-85	5557664	1634	-80	5557678	
342	2412	11	2252	-80	5557809	2706	-83	5557822	3952	-86	5557836	1624	-80	5557849	
343	2422	7	2303	-80	5557981	2734	-83	5557994	3956	-86	5558008	1624	-80	5558021	
342	2413	2	2280	-80	5558153	2729	-83	5558167	3956	-86	5558180	1634	-80	5558194	
318	2409	34	2275	-81	5558325	2729	-84	5558338	3989	-86	5558352	1629	-80	5558365	
338	2417	23	2289	-80	5558496	2725	-83	5558510	3961	-85	5558523	1620	-80	5558537	
330	2427	24	2284	-80	5558668	2706	-83	5558681	3966	-86	5558695	1620	-80	5558708	
334	2437	18	2294	-81	5558841	2696	-83	5558854	3956	-86	5558868	1615	-80	5558881	
0	0	0	2284	-81	5559012	2696	-83	5558854	3966	-86	5559034	1634	-80	5559048	
326	2435	20	2322	-80	5559184	2720	-83	5559197	3970	-86	5559211	1624	-80	5559226	
350	2421	-18	2275	-81	5559355	2711	-83	5559368	3938	-86	5559382	1634	-80	5559396	
316	2453	19	2308	-80	5559527	2673	-83	5559540	3966	-86	5559554	1624	-80	5559568	
310	2424	37	2280	-80	5559699	2701	-83	5559712	3989	-86	5559726	1629	-80	5559739	
0	0	0	2289	-81	5559871	2701	-83	5559712	3938	-86	5559899	1648	-80	5559913	
332	2405	9	2275	-81	5560044	2734	-83	5560058	3970	-85	5560071	1638	-80	5560085	
333	2407	-21	2294	-80	5560215	2748	-83	5560228	3966	-85	5560242	1657	-80	5560255	
305	2416	36	2275	-81	5560388	2715	-83	5560401	3999	-86	5560415	1634	-80	5560428	
0	0	0	2270	-80	5560558	2715	-83	5560401	3956	-85	5560586	1643	-80	5560600	
332	2425	6	2266	-81	5560731	2692	-83	5560744	3956	-86	5560758	1629	-80	5560772	
324	2444	3	2298	-81	5560902	2682	-83	5560915	3956	-85	5560929	1634	-80	5560942	
333	2417	-6	2284	-80	5561068	2725	-83	5561081	3961	-85	5561095	1643	-80	5561108	
331	2419	-5	2294	-81	5561240	2720	-83	5561253	3961	-86	5561267	1648	-80	5561281	
302	2404	68	2284	-80	5561412	2743	-83	5561425	4017	-85	5561439	1624	-80	5561452	
342	2417	-7	2303	-80	5561583	2739	-83	5561596	3956	-86	5561610	1638	-80	5561624	
327	2432	7	2303	-81	5561755	2715	-83	5561768	3966	-86	5561782	1634	-80	5561795	
0	0	0	2266	-81	5561927	2729	-83	5561940	3966	-86	5561782	1638	-80	5561968	
353	2408	-3	2280	-81	5562101	2739	-83	5562114	3947	-86	5562127	1624	-80	5562141	
335	2434	-19	2322	-80	5562271	2725	-83	5562284	3956	-86	5562298	1643	-80	5562311	
353	2413	-18	2284	-81	5562444	2734	-83	5562457	3942	-86	5562471	1634	-80	5562484	
348	2420	-8	2322	-80	5562615	2748	-83	5562629	3952	-85	5562643	1634	-80	5562656	
335	2435	-39	2298	-80	5562787	2701	-83	5562800	3942	-86	5562814	1657	-80	5562829	
304	2390	43	2252	-80	5562959	2739	-83	5562972	4013	-86	5562986	1643	-80	5562999	
317	2429	-13	2289	-80	5563130	2696	-82	5563143	3966	-86	5563158	1662	-80	5563171	
358	2414	-37	2298	-80	5563318	2743	-82	5563331	3933	-86	5563345	1643	-80	5563358	
340	2406	32	2280	-81	5563490	2739	-83	5563503	3970	-86	5563518	1615	-80	5563531	
340	2410	15	2284	-81	5563661	2734	-83	5563674	3961	-86	5563688	1624	-80	5563701	
337	2392	-5	2284	-80	5563833	2772	-83	5563846	3975	-85	5563860	1648	-80	5563873	
345	2406	-1	2275	-80	5564006	2739	-82	5564019	3956	-86	5564033	1634	-80	5564046	
331	2411	0	2294	-80	5564177	2743	-83	5564190	3970	-86	5564204	1643	-80	5564217	
341	2425	-6	2289	-80	5564349	2711	-83	5564362	3947	-86	5564376	1634	-80	5564389	
337	2415	29	2289	-81	5564521	2729	-83	5564534	3966	-86	5564548	1615	-80	5564561	
334	2426	-5	2303	-81	5564692	2720	-83	5564705	3956	-86	5564719	1638	-80	5564732	
329	2415	-6	2275	-80	5564865	2720	-83	5564878	3966	-86	5564892	1648	-80	5564905	
348	2426	-2	2317	-80	5565036	2734	-83	5565049	3947	-86	5565064	1624	-80	5565077	
342	2420	-6	2298	-81	5565209	2729	-83	5565222	3952	-86	5565236	1634	-80	5565249	
311	2429	3	2308	-80	5565380	2720	-83	5565394	3984	-86	5565407	1652	-80	5565421	
353	2443	-29	2341	-80	5565553	2725	-83	5565567	3933	-85	5565580	1634	-80	5565594	
333	2418	19	2298	-80	5565724	2729	-82	5565737	3966	-86	5565751	1624	-80	5565764	
319	2414	65	2294	-80	5565897	2734	-82	5565910	3994	-86	5565924	1605	-80	5565937	
353	2426	-30	2303	-80	5566067	2725	-83	5566080	3933	-85	5566094	1638	-80	5566107	
335	2435	6	2312	-80	5566239	2715	-83	5566252	3956	-86	5566266	1624	-81	5566279	
300	2427	25	2280	-80	5566411	2696	-83	5566424	3994	-85	5566438	1643	-80	5566452	
355	2414	-27	2289	-80	5566583	2734	-82	5566596	3938	-86	5566610	1638	-80	5566624	
326	2421	19	2308	-80	5566755	2734	-83	5566768	3975	-86	5566782	1634	-80	5566795	
347	2408	2	2294	-81	5566927	2748	-83	5566940	3956	-86	5566954	1629	-80	5566967	
304	2403	41	2280	-81	5567099	2743	-83	5567113	4008	-86	5567126	1638	-80	5567140	
346	2416	-18	2284	-80	5567271	2729	-83	5567284	3947	-86	5567298	1643	-80	5567311	
333	2425	-26	2303	-80	5567442	2725	-82	5567455	3956	-86	5567469	1652	-80	5567482	
328	2426	12	2303	-80	5567614	2720	-83	5567627	3966	-86	5567641	1629	-80	5567654	
316	2432	34	2294	-81	5567786	2701	-83	5567799	3980	-86	5567813	1624	-81	5567826	
323	2425	44	2289	-80	5567958	2711	-83	5567971	3980	-86	5567985	1615	-80	5567998	
342	2420	-18	2280	-81	5568130	2715	-83	5568143	3947	-86	5568158	1643	-80	5568171	
328	2415	0	2294	-81	5568302	2734	-83	5568315	3970	-86	5568329	1648	-80	5568342	
357	2424	-30	2303	-81	5568474	2720	-83	5568488	3928	-86	5568501	1643	-80	5568515	
340	2426	9	2303	-80	5568645	2720	-83	5568658	3952	-86	5568672	1624	-80	5568685	
346	2428	-21	2294	-80	5568818	2711	-83	5568831	3938	-86	5568845	1638	-80	5568858	
321	2430	0	2284	-81	5568989	2696	-83	5569002	3966	-86	5569016	1643	-80	5569029	
0	0	0	2298	-80	5569153	2696	-83	5569002	3952	-86	5569181	1643	-80	5569195	
342	2425	36	2308	-80	5569326	2729	-83	5569340	3961	-86	5569353	1605	-80	5569366	
329	2444	30	2289	-81	5569497	2678	-83	5569510	3961	-86	5569524	1610	-80	5569537	
317	2425	40	2289	-80	5569669	2706	-83	5569682	3984	-86	5569696	1624	-80	5569709	
347	2418	40	2298	-80	5569840	2729	-83	5569855	3956	-86	5569869	1601	-80	5569882	
320	2431	39	2308	-80	5570012	2715	-83	5570025	3980	-86	5570039	1620	-80	5570052	
314	2447	-9	2322	-80	5570184	2701	-83	5570197	3970	-86	5570211	1652	-80	5570224	
0	0	0	2298	-80	5570356	2701	-83	5570197	3956	-86	5570384	1648	-80	5570398	
351	2410	-32	2289	-80	5570528	2743	-83	5570541	3942	-86	5570555	1648	-80	5570568	
315	2416	5	2298	-81	5570731	2734	-83	5570744	3984	-86	5570758	1652	-80	5570771	
306	2432	28	2289	-80	5570903	2696	-83	5570916	3989	-86	5570930	1638	-80	5570943	
306	2425	-7	2308	-80	5571075	2729	-83	5571088	3989	-86	5571102	1662	-80	5571115	
326	2423	-10	2303	-80	5571246	2725	-83	5571259	3966	-86	5571273	1652	-80	5571286	
0	0	0	2322	-80	5571418	2729	-83	5571432	3970	-86	5571445	1652	-80	5571286	
344	2419	5	2284	-80	5571591	2711	-82	5571605	3947	-86	5571618	1629	-80	5571632	
348	2418	6	2270	-80	5571762	2711	-83	5571775	3947	-86	5571789	1620	-80	5571802	
326	2418	2	2280	-81	5571936	2720	-83	5571951	3970	-86	5571964	1643	-80	5571978	
322	2426	-9	2308	-80	5572106	2725	-83	5572120	3970	-86	5572133	1652	-80	5572147	
342	2418	-30	2303	-81	5572278	2739	-83	5572291	3952	-86	5572305	1652	-80	5572318	
349	2430	-32	2303	-80	5572450	2720	-82	5572463	3938	-86	5572477	1643	-80	5572490	
333	2424	-24	2308	-80	5572621	2729	-82	5572634	3956	-86	5572650	1652	-80	5572663	
354	2416	12	2308	-80	5572794	2743	-83	5572807	3947	-86	5572821	1615	-80	5572834	
331	2427	6	2298	-80	5572965	2715	-83	5572979	3961	-86	5572992	1634	-80	5573006	
305	2426	46	2284	-80	5573137	2701	-83	5573151	3994	-86	5573164	1624	-80	5573178	
321	2435	12	2289	-80	5573309	2696	-83	5573322	3970	-86	5573336	1634	-80	5573349	
0	0	0	2298	-80	5573481	2696	-83	5573322	3947	-86	5573509	1629	-80	5573523	
341	2423	-12	2308	-80	5573652	2729	-82	5573665	3952	-86	5573679	1638	-80	5573692	
0	0	0	2308	-80	5573824	2729	-82	5573665	3956	-86	5573852	1629	-80	5573866	
359	2410	-19	2289	-80	5573996	2743	-83	5574009	3938	-86	5574023	1629	-80	5574036	
0	0	0	2322	-80	5574168	2734	-83	5574181	3938	-86	5574023	1643	-80	5574203	
335	2418	19	2289	-80	5574324	2725	-83	5574337	3966	-86	5574351	1624	-80	5574364	
338	2439	2	2317	-80	5574496	2711	-83	5574509	3952	-86	5574523	1624	-80	5574536	
305	2444	1	2308	-80	5574668	2692	-83	5574681	3980	-86	5574695	1652	-80	5574709	
307	2441	-1	2303	-80	5574840	2692	-83	5574853	3975	-86	5574867	1652	-80	5574880	
280	2439	29	2303	-81	5575012	2692	-83	5575025	4013	-86	5575039	1657	-80	5575052	
322	2437	-12	2303	-81	5575184	2701	-83	5575198	3961	-86	5575211	1648	-80	5575225	
327	2421	-1	2284	-81	5575356	2715	-83	5575369	3966	-86	5575384	1643	-80	5575398	
328	2439	12	2312	-80	5575527	2706	-83	5575540	3961	-86	5575554	1624	-80	5575567	
314	2411	7	2298	-81	5575700	2743	-83	5575713	3989	-86	5575727	1652	-80	5575740	
295	2415	30	2261	-81	5575871	2706	-83	5575884	4008	-86	5575898	1648	-80	5575913	
320	2452	1	2312	-81	5576043	2682	-83	5576056	3961	-86	5576070	1634	-80	5576083	
301	2434	54	2294	-80	5576215	2692	-83	5576228	3999	-86	5576242	1624	-80	5576255	
348	2424	-15	2284	-81	5576387	2711	-83	5576400	3938	-86	5576414	1638	-80	5576427	
327	2433	29	2312	-80	5576564	2715	-83	5576577	3970	-86	5576591	1620	-80	5576604	
329	2432	-1	2294	-80	5576736	2706	-83	5576749	3961	-86	5576763	1638	-80	5576776	
0	0	0	2289	-81	5576908	2706	-83	5576749	3947	-86	5576936	1643	-80	5576950	
345	2410	7	2284	-80	5577079	2734	-83	5577092	3956	-86	5577106	1629	-80	5577120	
346	2404	15	2270	-80	5577252	2734	-82	5577265	3956	-86	5577279	1624	-80	5577293	
0	0	0	2298	-80	5577424	2734	-82	5577265	3956	-86	5577452	1643	-80	5577466	
326	2409	18	2289	-80	5577595	2739	-83	5577609	3980	-86	5577622	1638	-80	5577636	
321	2413	5	2284	-80	5577784	2729	-83	5577797	3980	-86	5577811	1648	-80	5577824	
331	2415	25	2280	-80	5577955	2720	-82	5577969	3970	-86	5577983	1624	-80	5577996	
346	2418	-6	2284	-80	5578126	2720	-82	5578139	3947	-86	5578153	1634	-80	5578166	
338	2435	-35	2308	-80	5578298	2711	-83	5578312	3942	-86	5578325	1652	-80	5578339	
351	2432	-37	2303	-80	5578470	2715	-83	5578483	3933	-86	5578498	1643	-80	5578511	
309	2427	52	2280	-81	5578642	2696	-83	5578655	3994	-86	5578669	1620	-80	5578682	
308	2540	4	2280	-81	5578642	2729	-83	5578828	3961	-86	5578842	1638	-80	5578855	
338	2425	19	2298	-81	5578987	2720	-82	5579000	3961	-86	5579014	1620	-80	5579027	
332	2417	-5	2266	-80	5579158	2711	-82	5579171	3961	-86	5579185	1643	-80	5579198	
343	2426	16	2303	-80	5579330	2720	-83	5579343	3952	-86	5579357	1615	-80	5579370	
309	2545	11	2303	-80	5579330	2729	-83	5579509	3952	-86	5579523	1624	-80	5579536	
317	2427	18	2298	-80	5579657	2715	-83	5579670	3980	-86	5579684	1638	-80	5579697	
336	2414	10	2298	-81	5579829	2739	-83	5579842	3966	-86	5579856	1629	-80	5579869	
318	2439	0	2303	-80	5580001	2696	-83	5580014	3966	-86	5580028	1643	-80	5580041	
327	2407	2	2284	-80	5580173	2743	-82	5580186	3975	-86	5580200	1643	-80	5580214	
323	2424	12	2312	-81	5580345	2729	-83	5580358	3975	-86	5580372	1638	-80	5580385	
339	2413	-24	2284	-81	5580517	2734	-82	5580530	3956	-86	5580544	1652	-80	5580557	
346	2418	-6	2284	-81	5580689	2720	-83	5580703	3947	-86	5580716	1634	-80	5580730	
336	2433	21	2308	-80	5580860	2715	-83	5580873	3961	-86	5580887	1615	-80	5580900	
312	2423	0	2289	-81	5581033	2715	-83	5581046	3980	-85	5581060	1652	-80	5581073	
312	2423	49	2312	-80	5581204	2729	-83	5581217	3994	-85	5581231	1624	-80	5581244	
330	2405	-2	2270	-81	5581377	2734	-83	5581390	3970	-85	5581404	1643	-80	5581417	
348	2420	-8	2322	-80	5581548	2748	-83	5581562	3952	-85	5581576	1634	-80	5581589	
324	2411	-11	2312	-80	5581720	2757	-82	5581733	3980	-85	5581747	1657	-80	5581761	
329	2398	19	2266	-80	5581892	2743	-83	5581905	3980	-85	5581919	1634	-80	5581932	
350	2416	-8	2298	-80	5582063	2739	-83	5582076	3947	-86	5582091	1634	-80	5582104	
323	2434	-15	2317	-80	5582236	2720	-83	5582251	3966	-86	5582264	1648	-80	5582278	
346	2419	-37	2294	-80	5582407	2729	-82	5582420	3942	-85	5582434	1652	-80	5582447	
320	2421	4	2308	-80	5582579	2734	-83	5582592	3980	-85	5582606	1648	-80	5582619	
341	2419	0	2289	-80	5582751	2725	-82	5582764	3952	-86	5582778	1629	-80	5582792	
323	2414	12	2303	-81	5582923	2743	-82	5582936	3980	-85	5582950	1638	-80	5582963	
339	2414	-1	2289	-80	5583095	2734	-83	5583108	3961	-86	5583122	1638	-80	5583135	
319	2399	43	2270	-80	5583266	2743	-83	5583279	3994	-86	5583293	1624	-80	5583306	
349	2433	-3	2317	-80	5583438	2720	-83	5583451	3942	-86	5583465	1624	-80	5583478	
334	2417	21	2294	-80	5583610	2729	-83	5583623	3966	-86	5583637	1624	-80	5583651	
331	2419	-5	2294	-80	5583782	2720	-83	5583795	3961	-86	5583809	1648	-80	5583822	
332	2422	-24	2308	-80	5583954	2734	-83	5583967	3961	-86	5583981	1652	-80	5583994	
353	2425	-28	2327	-81	5584127	2748	-82	5584140	3942	-86	5584154	1638	-80	5584167	
336	2421	5	2294	-80	5584298	2725	-83	5584311	3961	-86	5584327	1629	-80	5584340	
343	2428	-8	2308	-80	5584471	2725	-83	5584484	3947	-85	5584498	1629	-80	5584511	
336	2410	1	2289	-80	5584641	2739	-83	5584656	3966	-86	5584670	1638	-80	5584683	
343	2408	-4	2289	-80	5584813	2743	-83	5584826	3956	-85	5584840	1634	-80	5584853	
331	2413	28	2294	-81	5584986	2739	-83	5584999	3975	-86	5585013	1620	-80	5585026	
324	2408	25	2298	-80	5585157	2748	-83	5585170	3984	-86	5585184	1634	-80	5585197	
356	2399	-10	2280	-81	5585330	2753	-82	5585344	3947	-86	5585358	1634	-80	5585371	
343	2423	24	2298	-80	5585501	2725	-82	5585514	3956	-86	5585528	1610	-80	5585541	
323	2423	21	2294	-80	5585674	2720	-83	5585687	3975	-86	5585701	1629	-80	5585714	
314	2415	44	2266	-81	5585845	2706	-83	5585858	3989	-86	5585873	1624	-80	5585886	
336	2425	-12	2294	-80	5586017	2720	-83	5586030	3956	-85	5586044	1643	-80	5586057	
332	2414	0	2284	-80	5586188	2729	-83	5586202	3966	-86	5586215	1638	-80	5586229	
317	2433	15	2303	-80	5586360	2706	-83	5586373	3975	-86	5586387	1634	-80	5586400	
346	2410	-5	2294	-80	5586532	2743	-83	5586545	3952	-86	5586559	1634	-80	5586572	
304	2410	33	2298	-80	5586704	2739	-83	5586717	4003	-86	5586731	1643	-80	5586744	
345	2400	7	2266	-81	5586876	2743	-82	5586889	3961	-85	5586903	1629	-80	5586916	
336	2423	0	2294	-80	5587048	2720	-83	5587061	3956	-86	5587075	1634	-80	5587088	
340	2436	-10	2322	-81	5587220	2720	-83	5587234	3947	-86	5587247	1634	-80	5587261	
337	2419	-14	2294	-80	5587391	2729	-83	5587404	3956	-85	5587418	1643	-80	5587431	
319	2423	-5	2298	-81	5587563	2725	-83	5587576	3975	-86	5587590	1652	-80	5587604	
329	2422	-7	2303	-80	5587735	2729	-83	5587750	3966	-86	5587763	1643	-80	5587777	
327	2426	-31	2308	-80	5587907	2725	-83	5587920	3961	-86	5587934	1662	-80	5587947	
334	2407	-16	2270	-80	5588079	2729	-83	5588093	3961	-86	5588106	1657	-80	5588120	
331	2426	-13	2289	-81	5588251	2711	-83	5588264	3956	-86	5588279	1643	-80	5588292	
348	2415	-4	2280	-81	5588423	2725	-83	5588436	3947	-86	5588450	1629	-80	5588463	
342	2423	-29	2284	-80	5588594	2715	-83	5588608	3942	-86	5588622	1648	-80	5588635	
342	2420	-30	2308	-80	5588766	2739	-83	5588779	3952	-86	5588793	1652	-80	5588808	
335	2433	-35	2317	-80	5588938	2725	-83	5588951	3952	-86	5588965	1657	-80	5588978	
328	2416	-2	2294	-81	5589110	2734	-83	5589123	3970	-86	5589137	1643	-80	5589150	
312	2434	33	2303	-80	5589282	2701	-83	5589296	3984	-86	5589309	1629	-80	5589323	
333	2425	20	2289	-80	5589453	2711	-91	5589466	3961	-86	5589480	1620	-80	5589493	
331	2424	33	2303	-81	5589626	2725	-83	5589639	3970	-86	5589653	1615	-81	5589666	
331	2421	-1	2298	-81	5589798	2729	-83	5589811	3966	-86	5589825	1638	-80	5589838	
332	2440	-21	2303	-80	5589969	2696	-83	5589982	3947	-86	5589996	1648	-80	5590009	
316	2428	33	2289	-80	5590141	2701	-83	5590154	3980	-86	5590168	1624	-80	5590181	
336	2427	-14	2294	-80	5590313	2715	-83	5590326	3952	-86	5590340	1643	-80	5590354	
313	2429	1	2317	-80	5590485	2729	-82	5590498	3984	-86	5590512	1648	-80	5590525	
317	2436	12	2317	-80	5590657	2711	-83	5590670	3975	-86	5590684	1638	-80	5590698	
335	2422	-4	2280	-80	5590829	2711	-83	5590844	3956	-86	5590858	1634	-80	5590871	
356	2440	-38	2312	-80	5591000	2706	-83	5591013	3923	-86	5591027	1638	-80	5591040	
314	2432	-10	2275	-80	5591173	2687	-83	5591186	3966	-86	5591200	1657	-80	5591213	
359	2422	-43	2289	-80	5591344	2711	-83	5591357	3919	-85	5591371	1652	-80	5591384	
325	2429	7	2294	-81	5591517	2711	-83	5591530	3966	-85	5591544	1634	-80	5591557	
349	2409	8	2270	-81	5591688	2729	-83	5591702	3952	-86	5591716	1620	-80	5591729	
322	2423	-4	2284	-81	5591876	2715	-83	5591889	3970	-86	5591903	1648	-80	5591916	
323	2405	45	2284	-80	5592047	2743	-83	5592061	3989	-86	5592075	1620	-80	5592088	
354	2429	-11	2303	-80	5592219	2715	-83	5592232	3933	-86	5592246	1624	-80	5592261	
319	2425	25	2308	-80	5592391	2725	-83	5592404	3980	-86	5592418	1629	-80	5592431	
322	2418	-2	2289	-80	5592578	2725	-83	5592591	3975	-86	5592605	1648	-80	5592618	
320	2415	54	2294	-80	5592751	2729	-83	5592764	3989	-86	5592778	1615	-81	5592791	
346	2419	9	2294	-80	5592922	2729	-83	5592935	3952	-86	5592949	1620	-80	5592962	
321	2431	5	2322	-81	5593094	2729	-83	5593107	3975	-86	5593121	1638	-80	5593134	
325	2429	7	2294	-80	5593266	2711	-83	5593279	3966	-86	5593293	1634	-80	5593306	
322	2419	29	2308	-80	5593438	2739	-83	5593451	3984	-86	5593465	1629	-80	5593478	
327	2420	0	2294	-80	5593610	2725	-83	5593623	3970	-86	5593638	1643	-80	5593651	
322	2405	24	2308	-80	5593782	2762	-83	5593795	3989	-86	5593809	1638	-80	5593822	
305	2434	19	2317	-80	5593953	2715	-83	5593968	3989	-86	5593981	1643	-81	5593994	
322	2435	21	2312	-80	5594125	2715	-83	5594138	3975	-85	5594152	1629	-80	5594165	
335	2425	11	2284	-81	5594297	2706	-83	5594310	3956	-86	5594324	1624	-80	5594337	
0	0	0	2308	-80	5594471	2706	-83	5594310	3966	-85	5594499	1634	-80	5594513	
321	2411	-20	2280	-81	5594641	2734	-83	5594654	3975	-86	5594668	1662	-80	5594681	
315	2424	2	2298	-81	5594813	2720	-83	5594826	3980	-86	5594840	1648	-80	5594853	
332	2420	5	2284	-81	5594985	2715	-83	5594999	3961	-86	5595012	1634	-80	5595026	
338	2415	12	2284	-81	5595156	2725	-83	5595169	3961	-86	5595183	1629	-80	5595196	
340	2406	32	2280	-80	5595329	2739	-83	5595342	3970	-86	5595356	1615	-80	5595369	
344	2422	-2	2303	-80	5595500	2729	-83	5595513	3952	-86	5595527	1629	-80	5595540	
333	2430	-5	2298	-80	5595672	2711	-83	5595685	3956	-86	5595699	1634	-80	5595713	
0	0	0	2261	-80	5595844	2711	-83	5595685	3952	-86	5595872	1643	-80	5595886	
332	2403	8	2280	-80	5596016	2748	-83	5596029	3975	-86	5596043	1638	-80	5596056	
333	2423	-22	2294	-80	5596187	2720	-83	5596200	3956	-86	5596214	1652	-80	5596227	
326	2426	-11	2312	-81	5596359	2729	-83	5596372	3966	-86	5596386	1648	-80	5596399	
339	2422	-22	2303	-81	5596532	2729	-83	5596545	3952	-86	5596559	1648	-80	5596572	
337	2406	0	2289	-81	5596692	2748	-83	5596705	3966	-86	5596719	1638	-80	5596732	
350	2432	-5	2298	-81	5596988	2711	-83	5597002	3938	-86	5597015	1624	-80	5597029	
341	2415	-20	2294	-80	5597161	2734	-83	5597175	3952	-86	5597188	1648	-80	5597202	
342	2421	6	2294	-80	5597332	2720	-83	5597345	3952	-86	5597359	1624	-80	5597372	
318	2428	17	2298	-80	5597505	2715	-83	5597518	3980	-86	5597532	1634	-80	5597545	
339	2425	-15	2308	-80	5597676	2729	-83	5597690	3952	-86	5597704	1643	-80	5597717	
319	2431	46	2317	-81	5597848	2720	-83	5597861	3984	-86	5597875	1615	-80	5597890	
0	0	0	2289	-81	5598020	2720	-83	5597861	3966	-86	5598049	1648	-80	5598062	
324	2425	32	2294	-80	5598191	2715	-83	5598204	3975	-86	5598219	1620	-80	5598233	
335	2430	24	2312	-81	5598363	2720	-83	5598376	3961	-86	5598390	1615	-80	5598403	
318	2432	46	2298	-80	5598535	2701	-83	5598548	3980	-86	5598562	1615	-80	5598575	
333	2429	-39	2298	-80	5598707	2715	-83	5598720	3952	-86	5598734	1662	-80	5598747	
343	2426	-34	2317	-80	5598879	2734	-82	5598892	3947	-86	5598906	1652	-80	5598919	
330	2413	4	2294	-80	5599051	2739	-82	5599064	3970	-86	5599078	1638	-80	5599091	
344	2414	-2	2289	-81	5599222	2734	-83	5599235	3952	-86	5599249	1629	-80	5599262	
354	2415	-17	2294	-80	5599394	2739	-83	5599407	3942	-85	5599421	1634	-80	5599434	
347	2410	34	2270	-81	5599566	2725	-83	5599579	3956	-86	5599593	1605	-80	5599606	
347	2418	-3	2289	-80	5599738	2725	-83	5599751	3947	-86	5599765	1629	-80	5599779	
348	2419	-28	2298	-80	5599910	2734	-83	5599923	3942	-86	5599937	1643	-80	5599950	
335	2424	33	2289	-80	5600082	2715	-83	5600096	3966	-86	5600109	1610	-80	5600123	
324	2413	39	2303	-81	5600270	2748	-83	5600285	3989	-86	5600299	1624	-80	5600312	
341	2406	19	2280	-80	5600441	2743	-83	5600454	3966	-86	5600468	1624	-80	5600481	
377	2378	-13	2275	-80	5600614	2790	-82	5600628	3938	-86	5600641	1629	-80	5600655	
354	2406	-1	2308	-80	5600785	2762	-82	5600798	3952	-86	5600812	1629	-80	5600825	
338	2420	-21	2298	-80	5600957	2729	-82	5600970	3952	-86	5600984	1648	-80	5600997	
307	2443	1	2303	-81	5601129	2687	-83	5601143	3975	-86	5601157	1652	-80	5601170	
353	2390	4	2270	-80	5601301	2762	-82	5601314	3956	-85	5601328	1629	-80	5601343	
326	2422	4	2284	-80	5601473	2711	-83	5601486	3966	-86	5601500	1643	-80	5601513	
312	2430	9	2275	-81	5601644	2687	-83	5601657	3975	-85	5601672	1643	-80	5601686	
663	1912	1012	2289	-81	5601816	3530	-84	5601829	3970	-86	5601843	1638	-80	5601856	
375	2356	-70	2294	-81	5601988	2846	-84	5602001	3956	-86	5602015	1671	-80	5602028	
0	0	0	2317	-80	5602160	2846	-84	5602001	3947	-86	5602188	1620	-80	5602202	
374	2371	-31	2270	-81	5602332	2790	-84	5602345	3938	-85	5602359	1648	-80	5602372	
328	2433	-15	2312	-80	5602504	2720	-84	5602517	3961	-86	5602531	1648	-80	5602544	
356	2418	-15	2280	-81	5602676	2720	-84	5602689	3933	-85	5602703	1629	-80	5602716	
341	2416	43	2284	-80	5602847	2725	-84	5602860	3966	-86	5602874	1605	-80	5602887	
361	2425	-36	2322	-80	5603019	2743	-83	5603033	3933	-85	5603046	1638	-80	5603060	
333	2403	-20	2284	-80	5603191	2748	-84	5603204	3966	-85	5603219	1657	-80	5603233	
350	2415	-48	2294	-80	5603364	2739	-83	5603379	3942	-85	5603393	1657	-80	5603406	
359	2401	-20	2289	-80	5603535	2762	-83	5603548	3947	-85	5603562	1638	-80	5603575	
375	2378	5	2270	-81	5603706	2786	-84	5603719	3942	-85	5603733	1615	-80	5603746	
308	2437	34	2298	-81	5603878	2692	-84	5603891	3984	-86	5603905	1629	-80	5603918	
329	2443	-13	2303	-80	5604052	2682	-83	5604065	3947	-85	5604079	1648	-80	5604092	
341	2414	-29	2280	-81	5604223	2725	-84	5604237	3947	-85	5604251	1652	-80	5604264	
314	2408	8	2284	-80	5604394	2739	-83	5604407	3989	-86	5604421	1652	-80	5604434	
360	2400	-13	2280	-80	5604567	2753	-83	5604580	3942	-86	5604594	1629	-80	5604607	
334	2449	-7	2317	-81	5604738	2692	-84	5604751	3947	-86	5604766	1634	-80	5604780	
0	0	0	2284	-81	5604913	2692	-84	5604751	3942	-86	5604941	1657	-80	5604955	
321	2438	-7	2294	-80	5605085	2692	-84	5605098	3961	-85	5605112	1648	-81	5605125	
366	2378	-38	2312	-80	5605257	2818	-83	5605270	3956	-85	5605284	1652	-80	5605298	
337	2375	63	2298	-81	5605428	2809	-84	5605441	3999	-85	5605455	1615	-80	5605468	
688	2043	-195	2280	-80	5605600	3361	-85	5605614	3961	-85	5605627	1634	-80	5605640	
0	0	0	2308	-80	5605788	3361	-85	5605614	3942	-86	5605816	1638	-80	5605830	
548	1994	875	2280	-81	5605960	3418	-85	5605973	4003	-85	5605987	1629	-80	5606000	
362	2363	-3	2280	-80	5606131	2818	-85	5606144	3966	-85	5606158	1638	-80	5606171	
345	2387	-24	2294	-81	5606303	2790	-84	5606317	3970	-86	5606330	1657	-80	5606344	
504	2217	-92	2303	-80	5606475	3104	-85	5606488	3938	-85	5606503	1648	-80	5606516	
355	2362	20	2303	-81	5606647	2837	-84	5606660	3984	-85	5606674	1634	-80	5606687	
368	2378	-20	2312	-80	5606819	2818	-84	5606832	3956	-85	5606846	1638	-80	5606859	
0	0	0	2317	-81	5606992	2818	-84	5606832	3947	-86	5607020	1638	-80	5607034	
366	2386	-28	2303	-80	5607163	2795	-84	5607176	3947	-86	5607192	1643	-80	5607205	
318	2450	-26	2312	-80	5607336	2687	-84	5607349	3956	-86	5607363	1657	-80	5607376	
344	2372	-3	2289	-80	5607506	2809	-84	5607521	3980	-86	5607534	1648	-80	5607548	
0	0	0	2294	-80	5607678	2809	-84	5607521	3952	-86	5607706	1662	-80	5607721	
0	0	0	2308	-81	5607850	2809	-84	5607521	3970	-86	5607878	1662	-80	5607892	
311	2433	1	2308	-80	5608022	2715	-84	5608035	3980	-86	5608049	1648	-80	5608062	
337	2446	-23	2322	-80	5608194	2701	-85	5608207	3942	-86	5608221	1643	-80	5608234	
326	2418	14	2280	-80	5608366	2720	-84	5608379	3975	-85	5608393	1634	-80	5608406	
306	2432	28	2289	-80	5608537	2696	-84	5608550	3989	-86	5608564	1638	-80	5608578	
357	2390	9	2275	-80	5608709	2767	-85	5608722	3956	-86	5608736	1624	-80	5608749	
369	2390	-38	2308	-80	5608881	2795	-84	5608894	3942	-86	5608908	1643	-80	5608921	
0	0	0	2298	-81	5609053	2795	-84	5609067	3942	-86	5608908	1643	-80	5609094	
343	2409	-5	2284	-80	5609225	2739	-85	5609238	3956	-86	5609252	1634	-80	5609265	
323	2401	3	2261	-80	5609397	2734	-85	5609410	3980	-86	5609424	1648	-80	5609437	
339	2423	-25	2308	-80	5609569	2734	-85	5609582	3952	-86	5609597	1648	-80	5609610	
330	2415	-27	2284	-81	5609741	2729	-85	5609754	3961	-86	5609768	1662	-80	5609781	
342	2412	27	2284	-80	5609912	2729	-85	5609926	3961	-86	5609940	1615	-81	5609953	
335	2417	-24	2275	-80	5610086	2715	-85	5610099	3952	-86	5610113	1652	-80	5610126	
349	2413	10	2298	-81	5610256	2743	-85	5610269	3952	-86	5610283	1620	-80	5610296	
349	2409	23	2284	-80	5610430	2739	-85	5610445	3956	-86	5610459	1615	-80	5610472	
334	2422	0	2294	-80	5610600	2720	-85	5610614	3961	-86	5610627	1638	-80	5610641	
360	2364	-4	2270	-80	5610772	2809	-85	5610785	3966	-85	5610799	1643	-80	5610812	
296	2442	25	2294	-81	5610945	2682	-85	5610958	3994	-85	5610972	1643	-80	5610985	
299	2465	39	2284	-80	5611116	2631	-84	5611129	3980	-86	5611143	1620	-80	5611156	
312	2458	15	2312	-80	5611287	2668	-85	5611300	3966	-86	5611314	1629	-80	5611327	
365	2393	-33	2298	-80	5611459	2781	-84	5611472	3942	-86	5611486	1643	-80	5611499	
355	2419	3	2298	-80	5611631	2734	-85	5611644	3942	-85	5611658	1615	-80	5611672	
341	2413	2	2284	-81	5611803	2729	-85	5611816	3956	-86	5611830	1634	-80	5611843	
349	2396	7	2308	-81	5611975	2781	-85	5611988	3966	-86	5612002	1629	-80	5612015	
343	2421	-11	2284	-81	5612141	2715	-85	5612154	3947	-86	5612168	1638	-80	5612181	
360	2409	3	2280	-80	5612312	2739	-85	5612325	3942	-85	5612339	1615	-80	5612352	
304	2459	-7	2294	-81	5612484	2654	-85	5612497	3966	-85	5612511	1652	-80	5612524	
345	2422	-15	2294	-80	5612656	2715	-84	5612671	3942	-86	5612684	1643	-80	5612698	
313	2454	-11	2298	-80	5612828	2664	-84	5612841	3961	-85	5612855	1652	-80	5612868	
341	2427	-8	2327	-80	5613015	2743	-85	5613030	3956	-85	5613044	1634	-80	5613057	
330	2408	5	2294	-80	5613187	2748	-84	5613200	3975	-86	5613214	1643	-80	5613227	
316	2412	-3	2298	-80	5613359	2743	-84	5613373	3984	-86	5613386	1657	-80	5613400	
308	2401	57	2275	-80	5613531	2739	-85	5613544	4008	-86	5613559	1624	-80	5613573	
352	2367	-17	2280	-80	5613703	2809	-83	5613716	3970	-86	5613730	1652	-80	5613743	
330	2388	4	2261	-80	5613874	2757	-84	5613888	3980	-86	5613902	1648	-80	5613915	
347	2412	-25	2289	-80	5614062	2739	-84	5614075	3947	-85	5614089	1643	-80	5614102	
351	2414	-18	2308	-81	5614234	2748	-84	5614247	3947	-86	5614261	1638	-80	5614274	
375	2397	0	2289	-81	5614406	2767	-84	5614419	3933	-86	5614433	1615	-80	5614446	
367	2386	-16	2294	-80	5614578	2790	-84	5614591	3947	-86	5614605	1634	-80	5614618	
362	2375	-33	2303	-81	5614749	2818	-84	5614762	3961	-86	5614776	1652	-80	5614789	
359	2412	-47	2303	-80	5614921	2753	-84	5614934	3938	-86	5614948	1652	-80	5614961	
354	2411	-56	2298	-80	5615093	2748	-85	5615106	3938	-86	5615120	1662	-80	5615133	
352	2395	0	2284	-81	5615265	2762	-84	5615278	3956	-85	5615292	1629	-80	5615305	
328	2415	11	2284	-81	5615437	2725	-83	5615450	3970	-86	5615464	1634	-80	5615478	
339	2431	-22	2303	-80	5615609	2715	-83	5615622	3947	-86	5615636	1643	-80	5615649	
348	2412	4	2289	-80	5615781	2739	-83	5615795	3952	-86	5615808	1624	-80	5615821	
337	2430	-4	2322	-80	5615952	2729	-83	5615965	3956	-86	5615979	1638	-80	5615992	
358	2414	-37	2298	-80	5616124	2743	-83	5616137	3933	-86	5616151	1643	-80	5616164	
332	2424	-34	2317	-80	5616296	2739	-83	5616309	3961	-86	5616324	1662	-80	5616337	
342	2420	-18	2280	-81	5616468	2715	-83	5616481	3947	-86	5616495	1643	-80	5616508	
345	2422	-14	2294	-80	5616640	2725	-83	5616653	3947	-85	5616667	1638	-80	5616680	
0	0	0	2322	-80	5616812	2725	-83	5616653	3975	-85	5616840	1620	-80	5616854	
351	2409	0	2294	-80	5616984	2748	-83	5616997	3952	-86	5617013	1624	-80	5617026	
338	2415	-9	2303	-80	5617156	2743	-83	5617169	3961	-86	5617183	1643	-80	5617196	
321	2441	-11	2331	-80	5617327	2715	-84	5617341	3966	-85	5617355	1648	-80	5617368	
0	0	0	2284	-81	5617499	2715	-84	5617341	3952	-86	5617527	1638	-80	5617541	
354	2410	-28	2303	-80	5617671	2757	-84	5617684	3947	-86	5617698	1643	-80	5617711	
330	2435	-30	2322	-80	5617843	2720	-84	5617856	3956	-86	5617870	1657	-80	5617883	
343	2404	23	2303	-80	5618015	2762	-84	5618029	3970	-86	5618042	1624	-80	5618056	
341	2413	23	2289	-80	5618187	2734	-83	5618200	3961	-86	5618214	1615	-80	5618227	
352	2414	3	2289	-81	5618358	2734	-83	5618372	3947	-86	5618385	1620	-80	5618399	
345	2419	8	2294	-80	5618530	2725	-83	5618543	3952	-86	5618557	1624	-80	5618570	
330	2421	-36	2270	-81	5618703	2706	-83	5618716	3952	-86	5618730	1662	-80	5618743	
327	2423	-18	2294	-80	5618874	2720	-83	5618888	3961	-85	5618902	1652	-80	5618915	
