X [mm]	Y [mm]	Z [mm]	A0 	 RSS 	 Time 	 A1 	 RSS 	 Time 	 A2 	 RSS 	 Time 	 A3 	 RSS 	 Time 	 
474	2358	67	2294	-81	10204022	2715	-83	10204035	3914	-85	10204049	1638	-80	10204063	
422	2362	147	2303	-80	10204195	2711	-83	10204208	3980	-85	10204222	1629	-80	10204235	
440	2383	77	2308	-80	10204367	2682	-83	10204380	3938	-85	10204394	1648	-80	10204407	
434	2360	124	2294	-80	10204538	2711	-83	10204552	3966	-85	10204566	1634	-80	10204579	
418	2373	151	2303	-80	10204710	2692	-83	10204723	3980	-86	10204737	1624	-80	10204752	
424	2365	125	2308	-80	10204881	2711	-83	10204895	3975	-85	10204908	1643	-80	10204922	
443	2362	111	2298	-80	10205054	2711	-83	10205067	3952	-85	10205081	1634	-80	10205094	
436	2379	134	2322	-80	10205225	2696	-83	10205238	3956	-85	10205252	1620	-80	10205265	
444	2356	119	2303	-80	10205397	2725	-83	10205410	3956	-85	10205424	1629	-80	10205437	
455	2359	96	2294	-80	10205569	2711	-83	10205582	3938	-85	10205596	1634	-80	10205609	
450	2355	87	2289	-80	10205748	2715	-83	10205761	3942	-85	10205775	1643	-80	10205789	
462	2360	120	2327	-80	10205920	2739	-83	10205933	3942	-85	10205947	1620	-80	10205960	
441	2367	111	2322	-80	10206091	2720	-83	10206104	3956	-85	10206118	1638	-80	10206132	
434	2362	107	2303	-81	10206263	2715	-83	10206276	3961	-85	10206290	1643	-80	10206303	
438	2370	95	2294	-81	10206431	2692	-83	10206444	3947	-86	10206458	1643	-80	10206471	
429	2362	152	2298	-80	10206603	2706	-83	10206618	3975	-85	10206631	1620	-80	10206645	
414	2370	103	2298	-80	10206773	2696	-83	10206787	3975	-86	10206801	1657	-80	10206814	
435	2361	124	2284	-80	10206945	2701	-83	10206958	3961	-85	10206972	1629	-80	10206985	
429	2368	103	2298	-81	10207117	2696	-83	10207131	3961	-85	10207144	1648	-80	10207158	
418	2365	120	2284	-80	10207289	2692	-83	10207302	3975	-85	10207317	1643	-80	10207330	
438	2357	125	2294	-81	10207461	2715	-83	10207474	3961	-85	10207488	1629	-80	10207501	
451	2365	123	2308	-80	10207634	2715	-83	10207647	3947	-86	10207661	1620	-80	10207675	
437	2353	137	2284	-81	10207821	2711	-83	10207836	3966	-85	10207849	1624	-80	10207863	
466	2341	89	2280	-81	10207993	2734	-83	10208006	3933	-85	10208020	1634	-80	10208033	
416	2365	134	2308	-81	10208165	2711	-83	10208178	3984	-85	10208192	1643	-80	10208205	
424	2364	122	2289	-80	10208337	2696	-83	10208350	3970	-86	10208364	1638	-80	10208377	
436	2342	132	2270	-80	10208509	2720	-83	10208522	3970	-85	10208536	1629	-80	10208549	
457	2332	92	2270	-80	10208798	2743	-83	10208811	3947	-85	10208825	1643	-80	10208838	
462	2357	92	2298	-81	10208969	2720	-83	10208982	3933	-85	10208996	1634	-80	10209009	
446	2360	98	2322	-80	10209157	2734	-83	10209170	3952	-85	10209184	1643	-80	10209197	
423	2352	133	2289	-80	10209329	2720	-83	10209342	3980	-85	10209356	1638	-80	10209369	
435	2355	145	2294	-80	10209516	2720	-83	10209529	3970	-85	10209543	1620	-80	10209556	
434	2364	138	2294	-81	10209688	2701	-83	10209701	3966	-86	10209715	1624	-80	10209728	
0	0	0	2308	-81	10209863	2711	-83	10209876	3966	-86	10209715	1624	-80	10209898	
428	2374	124	2312	-81	10210019	2701	-83	10210032	3966	-85	10210046	1634	-80	10210059	
460	2347	116	2289	-81	10210191	2729	-83	10210204	3942	-85	10210218	1620	-80	10210231	
425	2378	119	2294	-81	10210363	2673	-83	10210376	3961	-86	10210391	1634	-80	10210404	
434	2377	117	2317	-81	10210535	2696	-83	10210548	3956	-86	10210562	1634	-80	10210575	
442	2362	105	2298	-81	10210707	2711	-83	10210720	3952	-85	10210734	1638	-80	10210747	
0	0	0	2289	-80	10210879	2711	-83	10210720	3961	-85	10210907	1624	-80	10210921	
438	2377	104	2294	-80	10211050	2682	-83	10211063	3947	-86	10211077	1634	-80	10211090	
454	2359	63	2298	-81	10211224	2715	-83	10211239	3933	-85	10211253	1657	-80	10211266	
438	2367	110	2289	-81	10211394	2692	-83	10211408	3952	-85	10211422	1634	-80	10211435	
444	2376	111	2294	-81	10211566	2682	-83	10211579	3942	-85	10211593	1624	-80	10211606	
427	2376	120	2303	-81	10211744	2687	-83	10211757	3961	-85	10211771	1634	-80	10211784	
450	2353	100	2298	-80	10211916	2725	-83	10211929	3947	-85	10211943	1638	-80	10211957	
461	2363	127	2308	-81	10212083	2715	-83	10212096	3938	-85	10212110	1610	-80	10212123	
445	2351	98	2266	-81	10212255	2701	-83	10212268	3947	-85	10212282	1638	-80	10212296	
459	2367	133	2327	-80	10212427	2725	-83	10212440	3942	-85	10212454	1610	-80	10212467	
427	2351	99	2289	-80	10212599	2720	-83	10212612	3970	-85	10212626	1657	-80	10212639	
441	2356	132	2294	-81	10212775	2715	-83	10212789	3961	-86	10212802	1624	-80	10212816	
431	2359	123	2289	-80	10212946	2706	-83	10212959	3966	-86	10212973	1634	-80	10212986	
430	2378	131	2308	-80	10213118	2687	-83	10213131	3961	-86	10213145	1624	-80	10213159	
438	2370	93	2289	-81	10213290	2687	-83	10213305	3947	-85	10213319	1643	-80	10213332	
444	2372	107	2294	-80	10213462	2687	-83	10213475	3942	-85	10213489	1629	-80	10213502	
415	2369	164	2298	-81	10213634	2696	-83	10213647	3989	-85	10213661	1620	-80	10213674	
434	2352	122	2284	-80	10213806	2715	-83	10213819	3966	-85	10213833	1634	-80	10213846	
433	2373	126	2284	-80	10213968	2678	-83	10213981	3956	-85	10213995	1620	-80	10214008	
411	2363	138	2294	-80	10214139	2701	-83	10214153	3989	-86	10214167	1643	-80	10214180	
457	2348	89	2275	-81	10214311	2720	-83	10214324	3938	-85	10214338	1638	-80	10214353	
447	2362	134	2322	-80	10214483	2729	-83	10214496	3956	-85	10214510	1620	-80	10214523	
449	2359	90	2294	-80	10214655	2711	-83	10214668	3942	-85	10214682	1643	-80	10214695	
459	2353	93	2298	-80	10214818	2729	-83	10214831	3938	-85	10214845	1634	-80	10214858	
451	2361	105	2289	-80	10214990	2706	-83	10215004	3942	-86	10215017	1629	-80	10215031	
434	2368	111	2298	-80	10215161	2696	-83	10215174	3956	-85	10215188	1638	-80	10215201	
451	2355	88	2294	-81	10215333	2720	-83	10215346	3942	-85	10215360	1643	-80	10215373	
454	2354	93	2289	-81	10215505	2720	-83	10215518	3942	-85	10215532	1638	-80	10215545	
451	2359	99	2294	-80	10215677	2711	-83	10215690	3942	-85	10215704	1634	-80	10215717	
453	2347	138	2303	-81	10215852	2743	-83	10215865	3956	-85	10215879	1615	-81	10215893	
440	2344	91	2294	-81	10216024	2739	-83	10216037	3961	-85	10216051	1657	-80	10216064	
446	2357	110	2298	-81	10216196	2720	-83	10216209	3952	-85	10216223	1634	-80	10216236	
444	2367	134	2289	-80	10216369	2692	-83	10216382	3952	-85	10216396	1615	-80	10216409	
428	2367	122	2303	-80	10216540	2701	-83	10216553	3966	-85	10216569	1638	-80	10216582	
0	0	0	2289	-80	10216713	2682	-83	10216726	3966	-85	10216569	1629	-80	10216748	
467	2375	64	2294	-81	10216883	2687	-83	10216898	3909	-85	10216911	1634	-80	10216925	
426	2353	90	2275	-80	10217055	2706	-83	10217068	3966	-85	10217082	1662	-80	10217095	
442	2352	103	2298	-81	10217227	2725	-83	10217241	3956	-85	10217254	1643	-80	10217268	
414	2375	139	2308	-80	10217399	2692	-83	10217412	3980	-85	10217427	1634	-80	10217440	
444	2366	92	2312	-80	10217571	2715	-83	10217584	3947	-85	10217598	1643	-80	10217611	
477	2364	70	2303	-80	10217749	2715	-83	10217762	3909	-85	10217776	1629	-80	10217789	
449	2354	75	2308	-80	10217921	2734	-83	10217935	3947	-85	10217948	1657	-80	10217962	
428	2356	135	2298	-80	10218108	2720	-83	10218121	3975	-85	10218135	1634	-80	10218148	
425	2373	120	2303	-81	10218279	2692	-83	10218292	3966	-85	10218306	1638	-80	10218319	
450	2355	87	2289	-80	10218451	2715	-83	10218464	3942	-85	10218478	1643	-80	10218491	
465	2357	83	2303	-80	10218623	2725	-83	10218637	3928	-85	10218650	1634	-80	10218664	
0	0	0	2294	-80	10218799	2725	-83	10218637	3942	-85	10218821	1629	-80	10218835	
448	2372	118	2298	-80	10218970	2692	-83	10218983	3942	-85	10218997	1620	-80	10219010	
447	2332	122	2261	-80	10219142	2734	-83	10219156	3961	-85	10219169	1629	-80	10219183	
441	2344	184	2298	-80	10219314	2739	-83	10219327	3980	-85	10219341	1601	-80	10219354	
448	2375	158	2312	-80	10219501	2696	-83	10219514	3952	-85	10219528	1596	-80	10219543	
445	2364	130	2317	-80	10219673	2720	-83	10219686	3956	-85	10219700	1624	-80	10219713	
444	2460	81	2317	-80	10219673	2701	-83	10219853	3942	-85	10219867	1629	-80	10219880	
455	2365	59	2280	-80	10220017	2692	-83	10220032	3923	-85	10220045	1652	-80	10220059	
0	0	0	2312	-81	10220189	2692	-83	10220032	3999	-85	10220217	1648	-80	10220231	
420	2371	134	2303	-80	10220361	2696	-83	10220374	3975	-85	10220388	1634	-80	10220401	
427	2364	149	2289	-80	10220533	2696	-83	10220546	3975	-85	10220561	1620	-80	10220574	
430	2358	126	2294	-81	10220694	2711	-83	10220707	3970	-86	10220721	1638	-80	10220734	
438	2360	110	2298	-80	10220867	2711	-83	10220880	3956	-85	10220894	1638	-80	10220907	
408	2374	136	2331	-80	10221039	2711	-83	10221052	3989	-85	10221066	1648	-80	10221079	
441	2351	115	2270	-80	10221211	2706	-83	10221224	3956	-85	10221238	1634	-80	10221252	
437	2365	154	2298	-81	10221383	2701	-83	10221396	3966	-85	10221410	1610	-80	10221423	
445	2365	106	2322	-80	10221555	2725	-83	10221568	3952	-85	10221582	1638	-80	10221595	
463	2334	134	2266	-81	10221730	2734	-83	10221743	3947	-85	10221757	1610	-80	10221771	
461	2348	114	2298	-80	10221902	2734	-83	10221915	3942	-85	10221929	1624	-80	10221942	
450	2371	80	2303	-80	10222073	2696	-83	10222087	3933	-85	10222101	1643	-80	10222114	
437	2358	154	2312	-81	10222245	2729	-83	10222258	3970	-85	10222272	1615	-80	10222285	
436	2370	92	2317	-80	10222433	2715	-83	10222446	3956	-85	10222460	1652	-80	10222473	
0	0	0	2294	-80	10222606	2715	-83	10222446	3942	-85	10222634	1643	-80	10222648	
448	2364	124	2322	-80	10222777	2725	-83	10222790	3952	-85	10222804	1624	-80	10222817	
0	0	0	2284	-80	10222948	2725	-83	10222790	3933	-85	10222976	1638	-80	10222990	
0	0	0	2322	-80	10223120	2725	-83	10222790	3938	-85	10223148	1643	-80	10223162	
446	2373	85	2317	-80	10223292	2706	-83	10223305	3942	-85	10223319	1648	-80	10223332	
457	2354	145	2289	-80	10223465	2715	-83	10223478	3947	-85	10223492	1601	-80	10223505	
449	2375	113	2303	-80	10223636	2687	-83	10223649	3938	-85	10223665	1620	-80	10223678	
445	2361	102	2294	-80	10223814	2706	-83	10223828	3947	-85	10223841	1638	-80	10223855	
460	2366	121	2317	-81	10223985	2720	-83	10223998	3938	-85	10224012	1615	-80	10224025	
471	2344	108	2294	-81	10224158	2739	-83	10224171	3933	-85	10224185	1620	-80	10224198	
457	2347	111	2280	-81	10224329	2720	-83	10224342	3942	-85	10224356	1624	-80	10224369	
446	2361	133	2303	-80	10224501	2715	-83	10224514	3956	-85	10224528	1620	-80	10224542	
453	2382	100	2303	-81	10224673	2678	-83	10224686	3928	-85	10224700	1624	-80	10224713	
460	2369	92	2284	-80	10224848	2687	-83	10224861	3923	-85	10224875	1624	-80	10224888	
445	2367	114	2275	-80	10225020	2682	-83	10225033	3942	-85	10225047	1620	-80	10225061	
436	2376	121	2312	-80	10225191	2696	-83	10225204	3956	-85	10225218	1629	-80	10225231	
440	2370	88	2303	-80	10225379	2701	-83	10225392	3947	-85	10225406	1648	-80	10225420	
413	2369	169	2312	-80	10225550	2706	-83	10225563	3994	-85	10225577	1624	-80	10225590	
444	2353	131	2294	-80	10225723	2725	-83	10225736	3961	-85	10225750	1624	-80	10225764	
438	2360	103	2298	-80	10225895	2711	-83	10225910	3956	-85	10225924	1643	-80	10225937	
443	2365	93	2298	-80	10226066	2706	-83	10226080	3947	-85	10226093	1643	-80	10226107	
431	2359	123	2289	-81	10226239	2706	-83	10226253	3966	-85	10226266	1634	-80	10226280	
425	2372	140	2294	-80	10226410	2687	-83	10226423	3970	-85	10226437	1624	-80	10226450	
419	2360	128	2284	-80	10226583	2701	-83	10226596	3980	-85	10226610	1643	-81	10226623	
441	2367	91	2284	-80	10226761	2687	-83	10226774	3942	-85	10226788	1643	-80	10226802	
443	2347	138	2294	-80	10226932	2734	-83	10226945	3966	-85	10226959	1624	-80	10226972	
447	2372	62	2303	-80	10227104	2696	-83	10227118	3933	-85	10227131	1657	-80	10227145	
443	2358	134	2270	-80	10227277	2696	-83	10227291	3956	-85	10227304	1615	-80	10227318	
427	2376	118	2294	-80	10227448	2682	-83	10227461	3961	-85	10227475	1634	-80	10227488	
425	2363	131	2275	-80	10227620	2687	-83	10227633	3970	-85	10227647	1629	-80	10227660	
433	2355	120	2284	-81	10227796	2711	-83	10227809	3966	-85	10227823	1634	-80	10227836	
441	2362	121	2280	-81	10227967	2692	-83	10227980	3952	-85	10227994	1624	-80	10228007	
455	2366	137	2317	-80	10228139	2720	-83	10228152	3947	-85	10228166	1610	-80	10228179	
438	2370	120	2298	-80	10228311	2696	-83	10228324	3956	-85	10228338	1629	-80	10228351	
442	2354	90	2308	-80	10228483	2734	-83	10228496	3956	-85	10228510	1652	-80	10228524	
441	2358	120	2294	-81	10228655	2711	-83	10228668	3956	-86	10228682	1629	-80	10228695	
445	2374	149	2331	-80	10228827	2715	-83	10228840	3956	-85	10228854	1610	-80	10228867	
0	0	0	2308	-80	10229015	2715	-83	10228840	3956	-85	10229044	1629	-80	10229057	
423	2366	106	2289	-80	10229186	2692	-83	10229199	3966	-85	10229214	1648	-80	10229227	
434	2357	120	2298	-80	10229358	2720	-83	10229371	3966	-86	10229385	1638	-80	10229398	
456	2357	86	2303	-81	10229530	2725	-83	10229543	3938	-85	10229557	1643	-80	10229570	
455	2447	83	2303	-81	10229530	2720	-83	10229705	3933	-86	10229719	1620	-80	10229733	
451	2360	133	2284	-81	10229864	2701	-83	10229877	3947	-85	10229892	1610	-80	10229905	
468	2348	119	2298	-80	10230036	2739	-83	10230049	3938	-85	10230063	1615	-80	10230076	
448	2360	112	2289	-80	10230207	2706	-83	10230221	3947	-86	10230235	1629	-80	10230248	
439	2363	89	2284	-80	10230379	2696	-83	10230392	3947	-86	10230406	1648	-80	10230419	
453	2366	118	2303	-81	10230554	2706	-83	10230567	3942	-85	10230581	1620	-80	10230594	
441	2356	96	2284	-80	10230731	2711	-83	10230744	3952	-85	10230758	1643	-80	10230771	
461	2359	131	2294	-80	10230902	2711	-83	10230915	3938	-85	10230929	1605	-80	10230943	
434	2369	118	2317	-80	10231074	2711	-83	10231087	3961	-85	10231101	1638	-80	10231114	
425	2355	111	2298	-81	10231246	2725	-83	10231259	3975	-85	10231273	1652	-80	10231286	
435	2456	75	2298	-81	10231246	2706	-83	10231426	3947	-86	10231440	1638	-80	10231453	
434	2361	67	2289	-80	10231591	2706	-83	10231604	3952	-86	10231618	1666	-80	10231631	
431	2358	89	2289	-81	10231762	2711	-83	10231775	3961	-85	10231789	1657	-80	10231802	
467	2344	89	2284	-80	10231934	2734	-83	10231948	3933	-85	10231961	1634	-80	10231975	
0	0	0	2280	-80	10232122	2725	-83	10232135	3933	-85	10231961	1648	-80	10232157	
441	2365	150	2308	-81	10232293	2711	-83	10232307	3961	-85	10232321	1610	-80	10232334	
456	2348	88	2289	-81	10232465	2729	-83	10232478	3942	-85	10232492	1643	-80	10232507	
461	2339	76	2270	-80	10232637	2734	-83	10232650	3938	-85	10232664	1648	-80	10232677	
456	2361	74	2308	-80	10232801	2720	-83	10232814	3933	-85	10232828	1648	-80	10232841	
0	0	0	2289	-81	10232971	2720	-83	10232814	3961	-86	10232992	1634	-80	10233006	
444	2364	138	2294	-81	10233127	2701	-83	10233140	3956	-85	10233154	1615	-80	10233167	
435	2373	115	2312	-81	10233300	2701	-83	10233313	3956	-85	10233327	1634	-80	10233340	
443	2366	132	2294	-80	10233471	2696	-83	10233485	3952	-86	10233499	1615	-80	10233512	
0	0	0	2289	-80	10233643	2696	-83	10233485	3956	-85	10233671	1624	-80	10233685	
445	2361	81	2284	-80	10233819	2701	-83	10233832	3942	-86	10233846	1648	-80	10233859	
450	2358	95	2289	-81	10233991	2711	-83	10234004	3942	-85	10234018	1638	-80	10234031	
403	2374	116	2312	-80	10234163	2696	-83	10234176	3989	-85	10234190	1662	-80	10234203	
0	0	0	2298	-81	10234335	2696	-83	10234176	3942	-85	10234363	1629	-80	10234377	
453	2368	128	2298	-80	10234507	2701	-83	10234520	3942	-85	10234534	1610	-80	10234547	
429	2370	147	2312	-80	10234679	2706	-83	10234692	3970	-85	10234706	1620	-80	10234719	
435	2350	157	2289	-81	10234851	2720	-83	10234865	3975	-86	10234878	1615	-80	10234892	
440	2369	146	2317	-81	10235022	2711	-83	10235035	3961	-85	10235049	1615	-80	10235062	
419	2371	125	2308	-81	10235194	2701	-83	10235207	3975	-85	10235221	1643	-80	10235235	
426	2386	99	2327	-80	10235366	2687	-83	10235379	3956	-86	10235393	1648	-80	10235406	
442	2380	78	2308	-80	10235538	2687	-83	10235551	3938	-85	10235565	1648	-80	10235578	
423	2361	160	2294	-80	10235699	2706	-83	10235712	3984	-86	10235726	1620	-80	10235741	
447	2360	82	2312	-81	10235873	2725	-83	10235886	3947	-85	10235900	1652	-80	10235914	
467	2361	95	2289	-80	10236045	2706	-83	10236059	3923	-86	10236072	1620	-80	10236086	
382	2463	231	2289	-80	10236045	2696	-83	10236224	3989	-85	10236238	1620	-80	10236251	
444	2355	144	2303	-80	10236404	2725	-83	10236417	3961	-85	10236431	1615	-80	10236444	
459	2342	77	2284	-80	10236576	2734	-83	10236589	3938	-85	10236603	1648	-80	10236616	
437	2359	96	2298	-80	10236766	2715	-83	10236779	3956	-86	10236793	1648	-80	10236806	
445	2356	143	2298	-80	10236938	2720	-83	10236951	3961	-85	10236965	1615	-80	10236978	
449	2376	145	2312	-80	10237110	2696	-83	10237123	3947	-85	10237137	1601	-80	10237150	
449	2362	133	2298	-80	10237282	2711	-83	10237295	3952	-85	10237309	1615	-80	10237322	
429	2354	110	2284	-81	10237454	2715	-83	10237467	3970	-85	10237481	1648	-80	10237494	
454	2376	113	2298	-81	10237626	2687	-83	10237639	3933	-85	10237653	1615	-80	10237666	
460	2358	92	2294	-80	10237798	2715	-83	10237811	3933	-85	10237825	1634	-80	10237839	
435	2352	136	2289	-80	10237970	2720	-83	10237983	3970	-85	10237997	1629	-80	10238010	
448	2367	71	2284	-80	10238141	2692	-83	10238155	3933	-85	10238169	1648	-80	10238182	
450	2338	113	2280	-81	10238314	2739	-83	10238327	3956	-85	10238341	1634	-80	10238355	
463	2352	137	2298	-81	10238485	2729	-83	10238499	3942	-85	10238512	1605	-80	10238526	
427	2374	96	2294	-80	10238641	2682	-83	10238655	3956	-86	10238669	1648	-80	10238682	
442	2358	135	2294	-81	10238822	2715	-83	10238835	3961	-85	10238849	1620	-80	10238862	
477	2349	45	2280	-81	10238994	2720	-83	10239008	3909	-86	10239021	1652	-80	10239035	
429	2356	171	2270	-81	10239166	2696	-83	10239179	3980	-85	10239194	1601	-80	10239208	
448	2348	103	2284	-80	10239354	2725	-83	10239367	3952	-85	10239381	1638	-80	10239394	
424	2352	130	2312	-81	10239526	2739	-83	10239539	3984	-85	10239553	1648	-80	10239566	
437	2363	133	2294	-81	10239698	2701	-83	10239712	3961	-85	10239725	1624	-80	10239739	
437	2384	108	2322	-81	10239873	2687	-83	10239886	3947	-85	10239900	1634	-80	10239913	
415	2343	133	2284	-80	10240039	2729	-83	10240052	3994	-85	10240066	1652	-80	10240079	
452	2359	94	2284	-80	10240227	2706	-83	10240241	3938	-86	10240254	1634	-80	10240268	
440	2361	154	2298	-80	10240398	2711	-83	10240411	3966	-85	10240425	1610	-80	10240438	
436	2374	111	2327	-80	10240571	2711	-83	10240584	3956	-86	10240598	1638	-80	10240611	
436	2386	94	2331	-80	10240743	2692	-83	10240756	3947	-85	10240770	1643	-80	10240783	
443	2375	124	2308	-81	10240914	2692	-83	10240927	3947	-85	10240941	1620	-80	10240954	
422	2360	118	2298	-80	10241086	2711	-83	10241099	3975	-85	10241113	1648	-80	10241126	
415	2370	107	2298	-80	10241258	2692	-83	10241271	3975	-85	10241285	1657	-80	10241299	
426	2374	126	2312	-80	10241430	2696	-83	10241443	3966	-85	10241457	1634	-80	10241470	
435	2364	98	2327	-80	10241601	2729	-83	10241614	3961	-85	10241629	1652	-80	10241642	
454	2349	125	2270	-80	10241780	2711	-83	10241793	3947	-85	10241807	1615	-80	10241820	
0	0	0	2289	-80	10241953	2711	-83	10241966	3947	-85	10241807	1629	-80	10241994	
448	2357	87	2280	-80	10242124	2706	-83	10242138	3942	-85	10242152	1643	-80	10242165	
449	2355	84	2303	-80	10242296	2729	-83	10242309	3947	-85	10242323	1648	-80	10242338	
432	2379	84	2298	-80	10242467	2678	-83	10242480	3947	-85	10242494	1652	-80	10242507	
436	2367	90	2298	-80	10242639	2701	-83	10242652	3952	-85	10242666	1652	-80	10242679	
435	2358	144	2275	-80	10242815	2696	-83	10242828	3966	-85	10242842	1615	-80	10242857	
428	2372	108	2294	-80	10242986	2687	-83	10243000	3961	-85	10243013	1643	-80	10243027	
431	2374	86	2312	-81	10243158	2701	-83	10243171	3956	-86	10243185	1657	-80	10243198	
432	2363	109	2289	-81	10243345	2701	-83	10243358	3961	-85	10243372	1643	-80	10243385	
450	2345	119	2294	-80	10243517	2739	-83	10243530	3956	-85	10243544	1629	-80	10243558	
432	2372	126	2312	-80	10243689	2701	-83	10243702	3961	-85	10243716	1629	-80	10243729	
451	2348	134	2266	-81	10243861	2711	-83	10243874	3952	-85	10243888	1610	-80	10243901	
415	2372	124	2312	-80	10244033	2701	-83	10244047	3980	-86	10244060	1648	-80	10244074	
442	2363	88	2298	-81	10244197	2706	-83	10244210	3947	-86	10244224	1648	-80	10244237	
478	2350	69	2308	-80	10244369	2743	-83	10244383	3919	-85	10244396	1638	-80	10244410	
417	2371	139	2303	-81	10244541	2696	-83	10244554	3980	-85	10244568	1634	-80	10244581	
433	2350	166	2284	-80	10244703	2720	-83	10244716	3980	-85	10244730	1610	-80	10244743	
456	2352	106	2284	-81	10244877	2715	-83	10244890	3942	-85	10244904	1629	-80	10244917	
430	2355	110	2280	-81	10245048	2706	-83	10245062	3966	-85	10245076	1643	-80	10245089	
442	2349	133	2270	-81	10245220	2711	-83	10245233	3961	-86	10245247	1620	-80	10245262	
432	2376	115	2322	-81	10245392	2706	-83	10245405	3961	-85	10245419	1638	-80	10245432	
447	2354	74	2275	-81	10245563	2706	-83	10245576	3942	-85	10245591	1657	-80	10245605	
470	2366	88	2303	-80	10245738	2711	-83	10245751	3919	-85	10245765	1624	-80	10245778	
430	2357	96	2303	-81	10245911	2720	-83	10245924	3966	-85	10245938	1657	-80	10245951	
453	2363	107	2289	-81	10246082	2701	-83	10246095	3938	-85	10246110	1624	-80	10246124	
449	2368	99	2303	-80	10246254	2706	-83	10246267	3942	-85	10246281	1634	-80	10246294	
437	2353	98	2298	-80	10246426	2725	-83	10246439	3961	-85	10246453	1652	-80	10246466	
0	0	0	2312	-80	10246598	2725	-83	10246439	3961	-85	10246626	1643	-80	10246640	
462	2367	71	2317	-81	10246776	2720	-83	10246789	3928	-85	10246803	1643	-80	10246816	
449	2369	74	2298	-81	10246948	2696	-83	10246961	3933	-85	10246975	1648	-80	10246988	
426	2365	181	2308	-80	10247119	2711	-83	10247132	3984	-86	10247146	1605	-80	10247159	
438	2356	99	2270	-81	10247291	2696	-83	10247304	3952	-85	10247318	1643	-80	10247331	
431	2347	146	2294	-80	10247463	2734	-83	10247477	3980	-85	10247490	1629	-80	10247504	
461	2362	104	2298	-80	10247651	2711	-83	10247664	3933	-85	10247678	1624	-80	10247691	
428	2362	149	2294	-80	10247828	2706	-83	10247841	3975	-85	10247855	1620	-80	10247868	
454	2345	79	2261	-80	10248001	2711	-83	10248014	3938	-85	10248028	1648	-80	10248041	
444	2360	194	2308	-80	10248172	2720	-83	10248186	3970	-85	10248200	1582	-80	10248213	
449	2355	103	2294	-80	10248344	2720	-83	10248357	3947	-85	10248371	1634	-80	10248386	
438	2360	126	2303	-81	10248516	2715	-83	10248529	3961	-85	10248543	1629	-80	10248556	
430	2370	103	2289	-80	10248688	2687	-83	10248701	3956	-85	10248715	1643	-80	10248729	
442	2372	107	2303	-80	10248863	2696	-83	10248876	3947	-85	10248890	1634	-80	10248905	
454	2365	88	2294	-81	10249034	2701	-83	10249048	3933	-85	10249061	1638	-80	10249075	
460	2365	126	2289	-80	10249206	2696	-83	10249219	3933	-85	10249234	1605	-80	10249248	
465	2335	147	2284	-80	10249378	2748	-83	10249391	3952	-85	10249405	1605	-80	10249418	
429	2375	89	2312	-81	10249550	2696	-83	10249563	3956	-85	10249577	1657	-80	10249590	
435	2359	87	2275	-80	10249722	2696	-83	10249735	3952	-85	10249749	1652	-80	10249762	
459	2354	77	2289	-80	10249894	2720	-83	10249907	3933	-85	10249921	1643	-80	10249934	
456	2382	111	2308	-81	10250066	2682	-83	10250079	3928	-85	10250093	1615	-80	10250106	
438	2368	113	2294	-81	10250237	2696	-83	10250251	3952	-85	10250264	1629	-80	10250278	
441	2386	107	2317	-80	10250409	2682	-83	10250422	3942	-85	10250436	1629	-80	10250449	
442	2360	87	2280	-81	10250581	2701	-83	10250594	3947	-85	10250608	1648	-80	10250621	
437	2352	145	2284	-80	10250759	2715	-83	10250772	3970	-85	10250786	1620	-80	10250800	
466	2361	76	2280	-80	10250931	2701	-83	10250944	3919	-85	10250958	1634	-80	10250971	
456	2363	151	2298	-81	10251118	2711	-83	10251131	3947	-85	10251145	1596	-80	10251158	
447	2357	69	2275	-80	10251290	2701	-83	10251304	3938	-85	10251317	1657	-80	10251331	
447	2354	106	2298	-80	10251478	2725	-83	10251491	3952	-85	10251505	1638	-80	10251520	
465	2352	99	2298	-80	10251666	2729	-83	10251679	3933	-85	10251693	1629	-80	10251706	
0	0	0	2270	-80	10251841	2729	-83	10251679	3952	-85	10251869	1657	-80	10251883	
448	2367	124	2308	-80	10252013	2706	-83	10252026	3947	-85	10252040	1620	-80	10252053	
407	2371	130	2312	-81	10252185	2701	-83	10252198	3989	-85	10252212	1652	-80	10252225	
425	2390	122	2322	-80	10252356	2678	-83	10252369	3961	-85	10252383	1634	-80	10252398	
0	0	0	2289	-81	10252528	2678	-83	10252369	3938	-85	10252558	1629	-80	10252571	
432	2370	99	2280	-80	10252702	2678	-83	10252715	3952	-85	10252729	1643	-80	10252742	
470	2343	92	2280	-80	10252872	2729	-83	10252886	3928	-85	10252900	1629	-80	10252913	
457	2363	87	2298	-80	10253044	2711	-83	10253057	3933	-85	10253071	1634	-80	10253084	
408	2369	132	2312	-81	10253216	2706	-83	10253229	3989	-85	10253243	1648	-80	10253256	
439	2374	137	2312	-80	10253388	2701	-83	10253401	3956	-85	10253415	1615	-80	10253428	
0	0	0	2275	-80	10253559	2701	-83	10253401	3947	-85	10253587	1638	-80	10253601	
0	0	0	2312	-80	10253738	2701	-83	10253401	3947	-85	10253766	1610	-80	10253780	
425	2356	116	2303	-81	10253910	2725	-83	10253924	3975	-85	10253937	1648	-80	10253951	
459	2354	117	2280	-80	10254082	2711	-83	10254095	3938	-85	10254109	1615	-80	10254122	
419	2354	139	2294	-80	10254253	2715	-83	10254267	3984	-85	10254280	1638	-80	10254294	
459	2373	133	2294	-80	10254425	2687	-83	10254438	3933	-85	10254452	1596	-80	10254465	
428	2352	100	2270	-81	10254598	2706	-83	10254611	3966	-85	10254625	1652	-80	10254638	
412	2363	121	2294	-80	10254773	2701	-83	10254787	3984	-85	10254800	1652	-80	10254814	
454	2368	52	2275	-80	10254945	2682	-83	10254958	3919	-85	10254973	1657	-81	10254986	
426	2375	150	2303	-81	10255117	2687	-83	10255130	3970	-85	10255144	1615	-80	10255157	
434	2369	126	2303	-81	10255289	2701	-83	10255302	3961	-85	10255316	1629	-80	10255329	
458	2358	96	2284	-80	10255462	2706	-83	10255476	3933	-85	10255489	1629	-80	10255503	
444	2359	143	2303	-80	10255632	2720	-83	10255645	3961	-85	10255659	1615	-80	10255672	
450	2363	65	2289	-80	10255804	2701	-83	10255817	3933	-86	10255831	1657	-80	10255844	
445	2354	117	2294	-81	10255976	2720	-83	10255991	3956	-85	10256005	1634	-80	10256018	
439	2369	161	2312	-80	10256148	2711	-83	10256161	3966	-85	10256175	1605	-80	10256188	
441	2354	127	2294	-80	10256320	2720	-83	10256333	3961	-85	10256347	1629	-80	10256360	
453	2351	110	2289	-81	10256492	2725	-83	10256505	3947	-85	10256519	1629	-80	10256532	
415	2366	176	2303	-80	10256664	2706	-83	10256677	3994	-85	10256691	1615	-80	10256704	
469	2359	120	2294	-80	10256827	2715	-83	10256840	3928	-85	10256854	1605	-80	10256868	
452	2365	80	2294	-80	10256998	2701	-83	10257011	3933	-85	10257025	1643	-80	10257038	
450	2356	140	2303	-80	10257171	2725	-83	10257184	3956	-85	10257198	1615	-80	10257211	
446	2361	99	2294	-80	10257342	2711	-83	10257355	3947	-85	10257369	1638	-80	10257382	
462	2356	67	2294	-80	10257514	2720	-83	10257528	3928	-85	10257541	1648	-80	10257555	
455	2362	154	2289	-80	10257687	2701	-83	10257701	3947	-85	10257714	1591	-80	10257728	
428	2364	129	2308	-81	10257862	2711	-83	10257877	3970	-85	10257891	1634	-80	10257904	
424	2386	158	2317	-81	10258049	2682	-83	10258062	3970	-85	10258077	1610	-80	10258090	
445	2367	161	2289	-80	10258221	2692	-83	10258234	3956	-85	10258248	1591	-80	10258261	
453	2352	106	2298	-81	10258393	2729	-83	10258406	3947	-85	10258420	1634	-80	10258433	
435	2356	120	2308	-80	10258566	2729	-83	10258579	3966	-85	10258593	1638	-80	10258606	
420	2369	132	2289	-80	10258737	2687	-83	10258750	3975	-85	10258766	1634	-80	10258779	
464	2349	67	2289	-80	10258908	2729	-83	10258921	3928	-85	10258935	1648	-80	10258948	
450	2364	74	2303	-80	10259080	2711	-83	10259095	3938	-85	10259108	1652	-81	10259122	
442	2369	158	2312	-80	10259252	2706	-83	10259265	3961	-85	10259279	1605	-80	10259292	
446	2354	116	2312	-80	10259424	2734	-83	10259437	3956	-85	10259451	1634	-80	10259464	
430	2366	150	2289	-80	10259612	2692	-83	10259625	3970	-85	10259639	1615	-80	10259653	
0	0	0	2270	-80	10259789	2692	-83	10259625	3956	-85	10259817	1624	-80	10259831	
454	2346	120	2275	-81	10259961	2720	-83	10259974	3947	-85	10259988	1620	-80	10260002	
0	0	0	2284	-80	10260133	2720	-83	10259974	3956	-85	10260161	1596	-80	10260175	
451	2344	86	2280	-80	10260305	2729	-83	10260318	3947	-85	10260332	1648	-80	10260345	
445	2364	74	2284	-81	10260477	2696	-83	10260491	3938	-85	10260504	1652	-80	10260518	
446	2373	141	2317	-81	10260649	2706	-83	10260662	3952	-85	10260676	1610	-80	10260689	
450	2367	138	2289	-80	10260824	2696	-83	10260837	3947	-85	10260851	1605	-80	10260865	
0	0	0	2312	-81	10260995	2725	-83	10261008	3947	-85	10260851	1629	-80	10261031	
453	2352	104	2280	-80	10261171	2715	-83	10261184	3942	-85	10261198	1629	-80	10261211	
436	2375	128	2303	-80	10261340	2687	-83	10261354	3956	-85	10261367	1624	-80	10261381	
438	2369	149	2308	-80	10261511	2701	-83	10261524	3961	-85	10261538	1610	-81	10261551	
433	2380	137	2317	-80	10261684	2692	-83	10261697	3961	-85	10261711	1620	-80	10261724	
453	2358	92	2289	-81	10261870	2711	-83	10261883	3938	-85	10261897	1638	-80	10261910	
444	2363	84	2284	-80	10262042	2696	-82	10262055	3942	-85	10262069	1648	-80	10262082	
424	2368	80	2298	-81	10262214	2696	-83	10262229	3961	-85	10262242	1666	-80	10262255	
437	2348	113	2289	-81	10262386	2729	-83	10262399	3966	-85	10262413	1643	-80	10262426	
450	2366	148	2308	-81	10262573	2711	-83	10262587	3952	-85	10262600	1605	-80	10262614	
439	2369	99	2289	-81	10262754	2687	-83	10262767	3947	-85	10262781	1638	-80	10262794	
428	2368	108	2312	-80	10262926	2711	-83	10262939	3966	-85	10262953	1648	-80	10262966	
432	2433	90	2312	-80	10262926	2725	-83	10263106	3970	-85	10263120	1638	-80	10263133	
424	2332	152	2289	-80	10263270	2753	-83	10263283	3994	-85	10263297	1638	-80	10263310	
0	0	0	2308	-80	10263441	2753	-83	10263283	3970	-85	10263463	1624	-80	10263477	
418	2367	148	2284	-80	10263613	2687	-83	10263626	3980	-85	10263640	1624	-80	10263653	
461	2372	80	2308	-81	10263789	2701	-83	10263802	3923	-85	10263816	1634	-80	10263829	
416	2376	119	2317	-80	10263961	2696	-83	10263975	3975	-85	10263988	1648	-80	10264002	
420	2379	133	2336	-80	10264135	2711	-83	10264148	3975	-85	10264162	1638	-80	10264175	
446	2384	143	2331	-80	10264307	2696	-83	10264320	3947	-85	10264334	1605	-80	10264348	
445	2363	110	2303	-80	10264479	2715	-83	10264494	3952	-85	10264508	1634	-80	10264521	
448	2343	118	2280	-80	10264651	2729	-83	10264664	3956	-85	10264678	1629	-80	10264691	
451	2371	85	2294	-80	10264823	2692	-83	10264837	3933	-85	10264850	1638	-80	10264864	
436	2458	88	2294	-80	10264823	2706	-83	10265003	3952	-85	10265017	1624	-80	10265030	
448	2371	113	2303	-80	10265167	2696	-83	10265180	3942	-85	10265194	1624	-80	10265207	
440	2353	150	2280	-81	10265338	2711	-83	10265352	3966	-85	10265366	1610	-80	10265379	
407	2365	126	2298	-80	10265510	2701	-83	10265523	3989	-85	10265537	1652	-80	10265552	
441	2376	74	2298	-80	10265682	2687	-83	10265695	3938	-85	10265709	1652	-80	10265722	
446	2363	128	2298	-80	10265845	2706	-83	10265858	3952	-85	10265872	1620	-80	10265885	
443	2364	103	2284	-80	10266016	2696	-83	10266030	3947	-85	10266043	1634	-80	10266057	
427	2383	92	2322	-80	10266188	2692	-83	10266201	3956	-85	10266215	1652	-80	10266228	
445	2375	123	2312	-80	10266360	2696	-83	10266373	3947	-85	10266387	1620	-80	10266400	
450	2353	148	2289	-80	10266532	2720	-83	10266545	3956	-85	10266559	1605	-80	10266572	
443	2371	110	2298	-80	10266704	2696	-83	10266717	3947	-85	10266731	1629	-80	10266744	
0	0	0	2308	-80	10266879	2696	-83	10266717	3933	-85	10266907	1605	-80	10266921	
427	2345	105	2280	-81	10267050	2725	-83	10267063	3975	-85	10267077	1657	-80	10267090	
427	2371	140	2308	-81	10267223	2701	-83	10267236	3970	-85	10267250	1624	-80	10267263	
444	2378	101	2336	-80	10267394	2715	-83	10267408	3947	-85	10267422	1638	-80	10267435	
436	2350	173	2289	-80	10267566	2725	-83	10267579	3980	-85	10267593	1605	-80	10267608	
444	2367	134	2289	-81	10267738	2692	-83	10267751	3952	-85	10267765	1615	-80	10267778	
0	0	0	2280	-81	10267910	2701	-83	10267923	3961	-85	10267937	1615	-80	10267778	
413	2385	132	2308	-80	10268094	2673	-83	10268107	3975	-85	10268121	1634	-80	10268134	
447	2369	78	2294	-81	10268267	2696	-83	10268280	3938	-85	10268294	1648	-80	10268307	
457	2352	112	2312	-80	10268438	2739	-83	10268451	3947	-85	10268466	1629	-80	10268480	
415	2387	119	2317	-81	10268610	2678	-83	10268623	3970	-85	10268637	1643	-80	10268650	
431	2364	125	2298	-80	10268787	2706	-83	10268800	3966	-85	10268816	1634	-80	10268829	
0	0	0	2298	-81	10268960	2706	-83	10268800	3942	-85	10268981	1638	-80	10268995	
455	2378	103	2322	-81	10269116	2701	-83	10269129	3933	-85	10269143	1624	-80	10269156	
456	2360	117	2284	-80	10269287	2701	-83	10269300	3938	-85	10269314	1615	-80	10269327	
0	0	0	2289	-80	10269460	2701	-83	10269300	3938	-85	10269488	1605	-80	10269502	
450	2358	99	2284	-80	10269631	2706	-83	10269644	3942	-85	10269658	1634	-80	10269671	
474	2349	136	2317	-81	10269806	2743	-83	10269819	3961	-85	10269833	1582	-80	10269846	
439	2379	113	2308	-80	10269978	2687	-83	10269991	3947	-85	10270005	1629	-80	10270018	
429	2378	129	2341	-80	10270150	2715	-83	10270163	3966	-85	10270177	1634	-80	10270190	
464	2347	146	2266	-80	10270323	2711	-83	10270336	3942	-85	10270350	1591	-80	10270363	
434	2372	121	2303	-81	10270494	2692	-83	10270507	3956	-85	10270522	1629	-80	10270535	
450	2376	121	2303	-80	10270666	2687	-83	10270679	3938	-85	10270693	1615	-80	10270706	
455	2354	150	2298	-80	10270837	2725	-83	10270852	3952	-85	10270865	1601	-80	10270878	
457	2362	57	2303	-81	10270999	2715	-83	10271012	3928	-85	10271026	1657	-80	10271039	
436	2370	98	2303	-80	10271162	2701	-83	10271175	3952	-85	10271189	1643	-80	10271202	
428	2372	137	2317	-80	10271335	2706	-83	10271348	3970	-85	10271362	1629	-80	10271375	
442	2368	149	2284	-81	10271506	2687	-83	10271520	3956	-85	10271534	1601	-80	10271547	
0	0	0	2289	-81	10271678	2687	-83	10271691	3956	-85	10271534	1610	-80	10271720	
431	2352	132	2270	-81	10271856	2701	-83	10271870	3970	-85	10271883	1629	-80	10271897	
447	2349	110	2275	-80	10272029	2715	-83	10272043	3952	-85	10272056	1634	-80	10272070	
433	2375	94	2298	-80	10272199	2687	-83	10272212	3952	-85	10272226	1648	-80	10272239	
443	2389	97	2317	-80	10272371	2678	-83	10272384	3938	-85	10272398	1634	-80	10272411	
450	2372	148	2298	-80	10272536	2692	-83	10272549	3947	-85	10272563	1596	-80	10272576	
0	0	0	2289	-80	10272711	2687	-83	10272724	3947	-85	10272563	1610	-80	10272746	
458	2357	95	2303	-80	10272883	2725	-83	10272896	3938	-85	10272910	1634	-80	10272923	
449	2349	84	2270	-80	10273054	2711	-83	10273067	3942	-85	10273081	1648	-80	10273094	
459	2373	87	2317	-80	10273226	2706	-83	10273239	3928	-85	10273253	1634	-80	10273266	
439	2382	130	2322	-80	10273414	2692	-83	10273427	3952	-85	10273441	1620	-80	10273454	
468	2368	101	2294	-81	10273586	2696	-83	10273599	3919	-85	10273613	1615	-80	10273626	
440	2365	109	2284	-80	10273757	2696	-83	10273770	3952	-85	10273784	1634	-80	10273797	
460	2381	128	2331	-81	10273930	2706	-83	10273943	3933	-85	10273957	1605	-80	10273970	
453	2342	109	2294	-81	10274101	2743	-83	10274115	3952	-85	10274129	1634	-80	10274142	
413	2390	127	2341	-81	10274273	2692	-83	10274286	3975	-85	10274300	1643	-80	10274315	
439	2369	133	2270	-80	10274445	2673	-83	10274458	3952	-85	10274472	1610	-80	10274485	
419	2346	142	2280	-81	10274617	2720	-83	10274630	3989	-85	10274644	1638	-80	10274657	
423	2375	134	2308	-81	10274794	2692	-83	10274807	3970	-85	10274821	1629	-81	10274834	
467	2356	122	2303	-81	10274966	2725	-83	10274979	3933	-85	10274993	1610	-80	10275007	
430	2348	137	2303	-80	10275138	2739	-83	10275152	3980	-85	10275165	1638	-80	10275179	
420	2363	121	2284	-81	10275310	2696	-83	10275323	3975	-85	10275337	1643	-80	10275350	
457	2347	160	2275	-81	10275497	2715	-83	10275510	3952	-85	10275524	1591	-80	10275537	
426	2376	91	2294	-80	10275669	2682	-83	10275682	3956	-85	10275696	1652	-80	10275709	
452	2353	143	2284	-80	10275845	2715	-83	10275858	3952	-85	10275872	1605	-80	10275885	
441	2357	99	2284	-80	10276017	2706	-83	10276030	3952	-85	10276044	1643	-80	10276057	
459	2377	67	2308	-81	10276188	2692	-83	10276201	3919	-85	10276215	1643	-80	10276228	
459	2338	90	2294	-80	10276350	2753	-83	10276363	3947	-85	10276377	1643	-80	10276390	
0	0	0	2280	-80	10276513	2753	-83	10276363	3952	-85	10276541	1620	-80	10276555	
455	2380	158	2317	-80	10276685	2692	-83	10276699	3942	-85	10276713	1587	-80	10276726	
0	0	0	2266	-80	10276856	2696	-83	10276869	3942	-85	10276713	1634	-80	10276897	
445	2362	133	2312	-80	10277029	2720	-83	10277042	3956	-85	10277056	1620	-80	10277069	
449	2369	73	2312	-80	10277200	2711	-83	10277213	3938	-85	10277227	1652	-80	10277240	
0	0	0	2308	-80	10277371	2711	-83	10277213	3947	-85	10277399	1624	-80	10277413	
443	2375	91	2294	-80	10277544	2682	-82	10277557	3938	-85	10277571	1638	-80	10277584	
457	2346	140	2284	-81	10277705	2729	-83	10277718	3952	-85	10277732	1610	-80	10277745	
433	2356	127	2275	-81	10277893	2701	-83	10277907	3966	-85	10277920	1629	-80	10277934	
408	2367	96	2284	-80	10278065	2687	-83	10278078	3980	-85	10278092	1671	-80	10278105	
444	2361	111	2308	-80	10278237	2720	-83	10278250	3952	-85	10278264	1634	-80	10278277	
446	2369	157	2289	-81	10278398	2692	-83	10278411	3956	-85	10278427	1596	-80	10278440	
433	2358	170	2284	-81	10278586	2701	-83	10278600	3975	-85	10278613	1601	-80	10278627	
453	2372	84	2289	-81	10278760	2687	-83	10278773	3928	-85	10278787	1634	-80	10278800	
433	2360	103	2275	-80	10278932	2692	-83	10278945	3956	-85	10278959	1643	-80	10278972	
447	2358	119	2303	-81	10279104	2720	-83	10279117	3952	-85	10279131	1629	-80	10279144	
438	2369	128	2298	-80	10279276	2696	-83	10279289	3956	-85	10279303	1624	-80	10279316	
445	2360	105	2298	-81	10279448	2715	-83	10279461	3952	-85	10279475	1638	-80	10279488	
459	2372	123	2294	-81	10279620	2692	-83	10279633	3933	-85	10279647	1605	-80	10279660	
442	2369	131	2312	-81	10279791	2711	-83	10279804	3956	-85	10279818	1620	-80	10279831	
463	2364	60	2284	-81	10279963	2701	-83	10279976	3919	-85	10279990	1648	-80	10280003	
0	0	0	2289	-81	10280135	2701	-83	10279976	3942	-85	10280163	1624	-80	10280177	
456	2343	76	2280	-80	10280307	2734	-83	10280320	3942	-85	10280334	1652	-80	10280347	
440	2365	112	2289	-81	10280479	2696	-83	10280493	3952	-85	10280506	1634	-80	10280520	
0	0	0	2284	-81	10280667	2696	-83	10280493	3919	-85	10280688	1652	-80	10280702	
433	2374	129	2270	-81	10280829	2664	-83	10280842	3956	-85	10280856	1620	-80	10280869	
445	2365	154	2298	-81	10281002	2701	-83	10281015	3956	-85	10281029	1601	-80	10281042	
452	2362	124	2275	-81	10281173	2692	-83	10281186	3942	-85	10281201	1610	-80	10281215	
434	2353	113	2298	-80	10281345	2725	-83	10281358	3966	-85	10281372	1643	-80	10281385	
440	2362	98	2284	-81	10281517	2701	-83	10281530	3952	-85	10281544	1643	-80	10281557	
0	0	0	2280	-81	10281690	2701	-83	10281530	3938	-85	10281718	1638	-80	10281732	
454	2347	68	2275	-80	10281882	2720	-83	10281895	3938	-85	10281909	1657	-80	10281922	
410	2365	145	2289	-80	10282054	2696	-83	10282067	3989	-85	10282081	1634	-80	10282094	
412	2462	208	2289	-80	10282054	2701	-83	10282234	3961	-85	10282248	1605	-80	10282261	
449	2362	124	2294	-80	10282398	2706	-83	10282411	3947	-85	10282425	1620	-80	10282438	
0	0	0	2308	-80	10282570	2706	-83	10282411	3942	-85	10282598	1601	-80	10282612	
424	2381	125	2317	-80	10282742	2692	-83	10282755	3966	-85	10282769	1634	-80	10282782	
444	2348	87	2280	-80	10282913	2720	-83	10282927	3952	-85	10282940	1652	-80	10282954	
442	2361	64	2289	-80	10283085	2706	-83	10283098	3942	-85	10283112	1662	-80	10283125	
439	2371	123	2298	-80	10283257	2692	-83	10283270	3952	-85	10283284	1624	-80	10283297	
450	2371	116	2289	-80	10283429	2687	-83	10283442	3938	-85	10283456	1615	-80	10283470	
411	2372	112	2327	-80	10283601	2715	-83	10283614	3984	-85	10283628	1662	-80	10283641	
436	2371	97	2298	-80	10283781	2696	-83	10283796	3952	-85	10283810	1643	-80	10283823	
433	2367	96	2284	-80	10283952	2687	-83	10283966	3952	-85	10283979	1648	-80	10283993	
458	2345	99	2284	-81	10284125	2729	-83	10284139	3942	-85	10284152	1634	-80	10284166	
440	2353	119	2298	-81	10284296	2725	-83	10284309	3961	-85	10284323	1634	-80	10284336	
440	2370	141	2294	-81	10284475	2692	-83	10284488	3956	-85	10284502	1610	-80	10284515	
466	2346	106	2280	-80	10284645	2725	-83	10284658	3933	-85	10284672	1620	-80	10284685	
434	2380	127	2317	-80	10284820	2692	-83	10284834	3956	-86	10284848	1624	-80	10284861	
426	2376	119	2298	-80	10284992	2682	-83	10285005	3961	-85	10285019	1634	-80	10285034	
443	2362	87	2289	-81	10285164	2706	-83	10285177	3947	-85	10285191	1648	-80	10285204	
0	0	0	2322	-81	10285336	2706	-83	10285177	3994	-85	10285364	1652	-80	10285378	
436	2364	119	2303	-80	10285508	2711	-83	10285522	3961	-85	10285535	1634	-80	10285549	
439	2344	142	2303	-80	10285696	2748	-83	10285709	3975	-85	10285723	1629	-80	10285736	
433	2362	165	2317	-80	10285867	2725	-83	10285881	3975	-85	10285894	1610	-80	10285908	
461	2351	81	2275	-81	10286039	2711	-83	10286052	3928	-85	10286066	1638	-80	10286079	
431	2374	140	2317	-80	10286211	2701	-83	10286224	3966	-85	10286238	1624	-80	10286251	
437	2346	119	2284	-80	10286383	2725	-83	10286396	3966	-85	10286410	1638	-80	10286423	
438	2377	117	2294	-80	10286555	2678	-83	10286568	3947	-85	10286582	1624	-80	10286595	
426	2364	149	2294	-80	10286734	2701	-83	10286747	3975	-85	10286761	1620	-80	10286774	
442	2362	105	2303	-80	10286905	2715	-83	10286920	3952	-85	10286933	1638	-80	10286947	
439	2355	153	2298	-80	10287077	2720	-83	10287090	3970	-85	10287104	1615	-80	10287117	
438	2368	91	2280	-80	10287249	2687	-83	10287263	3947	-85	10287276	1643	-80	10287290	
461	2341	122	2289	-80	10287420	2743	-83	10287433	3947	-85	10287447	1620	-80	10287460	
429	2346	162	2294	-80	10287593	2734	-83	10287606	3984	-85	10287620	1620	-80	10287633	
0	0	0	2289	-81	10287769	2734	-83	10287606	3952	-85	10287798	1629	-80	10287812	
456	2355	139	2284	-80	10287941	2711	-83	10287954	3947	-85	10287968	1605	-80	10287981	
429	2375	154	2317	-81	10288112	2701	-83	10288125	3970	-85	10288139	1615	-80	10288152	
456	2373	99	2294	-81	10288285	2687	-83	10288298	3928	-85	10288312	1624	-80	10288327	
456	2349	126	2280	-80	10288457	2720	-83	10288471	3947	-85	10288484	1615	-80	10288498	
0	0	0	2312	-80	10288628	2720	-83	10288471	3933	-85	10288656	1643	-80	10288670	
432	2349	93	2266	-80	10288800	2706	-83	10288813	3961	-85	10288827	1657	-80	10288840	
425	2365	118	2298	-81	10288987	2701	-83	10289000	3970	-85	10289014	1643	-80	10289027	
442	2363	85	2280	-80	10289159	2692	-83	10289172	3942	-85	10289186	1648	-80	10289199	
452	2362	104	2303	-80	10289331	2715	-83	10289344	3942	-85	10289358	1629	-80	10289371	
466	2346	149	2303	-80	10289504	2743	-83	10289517	3947	-85	10289531	1601	-80	10289544	
451	2363	140	2312	-81	10289675	2720	-83	10289688	3952	-85	10289702	1610	-80	10289715	
456	2360	113	2298	-81	10289837	2715	-83	10289850	3942	-85	10289864	1624	-80	10289877	
429	2374	91	2303	-80	10290009	2692	-83	10290023	3956	-85	10290036	1652	-80	10290050	
447	2358	122	2289	-80	10290180	2711	-83	10290193	3952	-85	10290207	1624	-80	10290220	
438	2386	117	2312	-80	10290353	2678	-83	10290367	3947	-85	10290380	1624	-80	10290394	
0	0	0	2289	-80	10290524	2678	-83	10290367	3975	-85	10290553	1620	-80	10290566	
440	2358	120	2275	-80	10290697	2696	-83	10290710	3956	-85	10290724	1629	-80	10290737	
441	2376	122	2298	-80	10290871	2682	-83	10290884	3947	-85	10290898	1620	-80	10290912	
0	0	0	2317	-80	10291043	2682	-83	10290884	3956	-85	10291071	1638	-80	10291085	
416	2376	106	2289	-80	10291216	2678	-83	10291229	3970	-85	10291243	1652	-80	10291256	
416	2378	151	2308	-81	10291387	2687	-83	10291401	3980	-85	10291415	1624	-80	10291428	
466	2360	93	2280	-81	10291558	2701	-83	10291571	3923	-85	10291585	1624	-80	10291598	
447	2385	95	2312	-80	10291730	2682	-83	10291744	3933	-85	10291757	1629	-80	10291771	
0	0	0	2289	-80	10291902	2682	-83	10291744	3961	-85	10291930	1629	-80	10291944	
449	2364	118	2308	-80	10292074	2715	-83	10292087	3947	-85	10292101	1624	-80	10292114	
0	0	0	2298	-80	10292246	2715	-83	10292087	3956	-85	10292274	1634	-80	10292288	
432	2378	119	2289	-80	10292418	2673	-83	10292431	3956	-85	10292445	1629	-80	10292458	
459	2345	96	2280	-80	10292590	2725	-83	10292603	3938	-85	10292617	1634	-80	10292630	
468	2341	84	2289	-81	10292768	2743	-83	10292781	3933	-85	10292795	1638	-80	10292808	
437	2367	126	2308	-80	10292940	2711	-83	10292953	3961	-85	10292967	1629	-80	10292980	
442	2364	126	2284	-80	10293112	2692	-83	10293125	3952	-85	10293139	1620	-80	10293152	
449	2348	68	2275	-81	10293284	2720	-83	10293297	3942	-85	10293311	1657	-80	10293324	
434	2374	119	2294	-80	10293455	2687	-83	10293468	3956	-85	10293482	1629	-80	10293496	
0	0	0	2317	-80	10293627	2687	-83	10293468	3956	-85	10293656	1624	-80	10293670	
431	2364	123	2289	-81	10293803	2701	-83	10293816	3966	-85	10293830	1634	-80	10293843	
432	2379	129	2317	-80	10293976	2692	-83	10293989	3961	-85	10294003	1629	-80	10294016	
0	0	0	2280	-81	10294147	2692	-83	10293989	3947	-85	10294175	1615	-80	10294189	
419	2368	124	2303	-80	10294311	2701	-83	10294324	3975	-85	10294338	1643	-80	10294351	
440	2337	118	2261	-81	10294483	2725	-83	10294496	3966	-85	10294510	1638	-80	10294524	
450	2351	90	2312	-81	10294655	2743	-83	10294668	3952	-85	10294682	1648	-80	10294695	
440	2377	151	2317	-80	10294826	2696	-83	10294839	3956	-85	10294854	1605	-80	10294868	
450	2344	103	2289	-80	10294998	2734	-83	10295011	3952	-85	10295025	1638	-80	10295038	
456	2369	70	2289	-80	10295170	2692	-83	10295183	3923	-85	10295197	1643	-80	10295210	
419	2349	140	2303	-81	10295342	2734	-83	10295355	3989	-85	10295369	1643	-80	10295382	
442	2350	163	2289	-81	10295514	2725	-83	10295527	3970	-85	10295541	1605	-80	10295554	
448	2354	98	2308	-80	10295686	2734	-83	10295699	3952	-85	10295713	1643	-80	10295726	
451	2359	118	2294	-80	10295849	2711	-83	10295862	3947	-85	10295876	1624	-80	10295889	
0	0	0	2261	-81	10296020	2715	-83	10296033	3947	-85	10295876	1643	-80	10296061	
444	2376	113	2294	-81	10296208	2678	-83	10296221	3942	-85	10296235	1624	-80	10296248	
447	2373	112	2294	-80	10296380	2687	-83	10296393	3942	-85	10296407	1624	-80	10296421	
438	2368	93	2289	-81	10296552	2692	-83	10296565	3947	-85	10296579	1643	-80	10296592	
442	2373	143	2294	-81	10296726	2687	-83	10296740	3952	-85	10296753	1605	-80	10296767	
464	2338	71	2298	-80	10296898	2753	-83	10296911	3938	-85	10296925	1652	-80	10296940	
411	2373	159	2298	-81	10297070	2687	-83	10297083	3989	-85	10297097	1624	-80	10297110	
430	2371	114	2308	-81	10297242	2701	-83	10297255	3961	-85	10297270	1638	-80	10297283	
461	2364	80	2280	-80	10297414	2696	-83	10297427	3923	-85	10297441	1634	-80	10297454	
464	2367	116	2298	-81	10297585	2701	-83	10297599	3928	-85	10297612	1610	-80	10297626	
437	2390	129	2308	-81	10297758	2664	-83	10297772	3947	-85	10297785	1615	-80	10297799	
439	2372	118	2308	-80	10297929	2696	-82	10297942	3952	-85	10297956	1629	-80	10297969	
439	2351	141	2289	-80	10298102	2720	-83	10298115	3966	-85	10298129	1620	-80	10298142	
437	2338	106	2294	-81	10298273	2748	-83	10298287	3970	-85	10298301	1652	-80	10298314	
451	2340	108	2294	-80	10298445	2748	-83	10298458	3956	-85	10298472	1638	-80	10298486	
442	2365	137	2298	-80	10298616	2701	-83	10298629	3956	-85	10298643	1615	-80	10298656	
443	2343	106	2294	-80	10298794	2743	-83	10298807	3961	-85	10298821	1643	-80	10298834	
453	2353	112	2298	-80	10298967	2725	-83	10298980	3947	-85	10298994	1629	-80	10299007	
457	2350	136	2308	-80	10299138	2739	-83	10299151	3952	-86	10299165	1615	-80	10299178	
439	2384	110	2284	-80	10299310	2659	-83	10299323	3942	-85	10299337	1624	-80	10299350	
421	2396	144	2331	-80	10299482	2673	-83	10299495	3966	-85	10299509	1620	-80	10299522	
450	2353	114	2256	-80	10299654	2692	-83	10299667	3942	-86	10299681	1620	-80	10299694	
446	2364	124	2317	-80	10299829	2720	-83	10299842	3952	-86	10299856	1624	-80	10299869	
448	2378	133	2298	-81	10300001	2682	-83	10300014	3942	-86	10300028	1605	-80	10300041	
413	2372	122	2303	-80	10300194	2696	-83	10300207	3980	-86	10300221	1648	-80	10300234	
436	2384	81	2312	-81	10300368	2682	-83	10300381	3942	-86	10300395	1648	-80	10300408	
437	2353	121	2308	-81	10300539	2734	-83	10300553	3966	-86	10300567	1638	-80	10300580	
0	0	0	2317	-80	10300710	2734	-83	10300553	3923	-86	10300738	1657	-80	10300753	
449	2347	132	2280	-80	10300882	2720	-83	10300895	3956	-86	10300909	1620	-80	10300922	
426	2378	93	2298	-80	10301054	2678	-83	10301067	3956	-85	10301081	1652	-80	10301094	
450	2383	111	2298	-81	10301226	2673	-83	10301239	3933	-85	10301253	1615	-80	10301266	
451	2350	126	2280	-80	10301398	2720	-83	10301411	3952	-86	10301425	1620	-80	10301438	
458	2358	109	2303	-81	10301570	2720	-83	10301583	3938	-86	10301597	1624	-80	10301610	
0	0	0	2289	-80	10301748	2720	-83	10301583	3919	-86	10301776	1615	-81	10301790	
445	2352	122	2312	-81	10301920	2739	-83	10301933	3961	-86	10301947	1634	-80	10301960	
460	2356	92	2284	-81	10302092	2711	-83	10302105	3933	-86	10302119	1634	-80	10302132	
0	0	0	2294	-80	10302263	2711	-83	10302105	3933	-86	10302291	1648	-80	10302305	
471	2353	82	2284	-80	10302435	2715	-83	10302448	3919	-86	10302462	1629	-80	10302475	
433	2356	93	2294	-81	10302607	2715	-83	10302620	3961	-86	10302634	1657	-80	10302648	
448	2377	97	2322	-80	10302783	2701	-83	10302796	3938	-86	10302810	1634	-85	10302823	
444	2350	106	2275	-81	10302955	2711	-83	10302968	3952	-86	10302982	1638	-80	10302995	
459	2349	91	2280	-80	10303128	2720	-83	10303141	3938	-86	10303155	1638	-80	10303168	
468	2340	102	2270	-81	10303299	2729	-83	10303312	3933	-86	10303328	1624	-80	10303341	
435	2359	122	2312	-80	10303463	2725	-83	10303477	3966	-86	10303491	1638	-80	10303504	
456	2351	105	2284	-81	10303635	2720	-83	10303648	3942	-86	10303662	1629	-80	10303677	
444	2363	126	2294	-80	10303807	2706	-83	10303820	3952	-86	10303834	1620	-80	10303847	
426	2373	111	2284	-80	10303994	2678	-83	10304007	3961	-86	10304021	1638	-80	10304034	
469	2333	82	2270	-81	10304166	2743	-83	10304179	3933	-86	10304193	1638	-80	10304206	
0	0	0	2275	-80	10304338	2743	-83	10304179	3966	-86	10304366	1648	-80	10304380	
445	2351	102	2284	-81	10304510	2720	-83	10304523	3952	-86	10304537	1638	-80	10304550	
446	2377	92	2327	-80	10304682	2706	-83	10304695	3942	-86	10304709	1643	-80	10304722	
428	2371	172	2303	-80	10304844	2696	-83	10304857	3975	-86	10304871	1601	-80	10304884	
426	2362	111	2284	-81	10304999	2696	-83	10305012	3966	-86	10305026	1643	-80	10305039	
430	2351	120	2275	-80	10305171	2711	-83	10305184	3970	-86	10305198	1638	-80	10305211	
453	2342	108	2270	-80	10305343	2725	-83	10305356	3947	-86	10305370	1629	-80	10305383	
449	2353	120	2289	-81	10305514	2720	-83	10305527	3952	-86	10305541	1624	-80	10305554	
459	2382	127	2317	-81	10305686	2687	-83	10305699	3928	-86	10305713	1601	-80	10305726	
465	2355	106	2298	-80	10305861	2725	-83	10305875	3933	-86	10305888	1620	-80	10305902	
424	2368	81	2303	-81	10306033	2701	-83	10306046	3961	-86	10306060	1666	-80	10306073	
443	2351	98	2280	-80	10306205	2715	-83	10306218	3952	-86	10306232	1643	-80	10306245	
439	2360	117	2280	-80	10306376	2701	-83	10306389	3956	-86	10306403	1629	-80	10306416	
425	2347	132	2280	-80	10306548	2720	-83	10306561	3980	-86	10306575	1638	-80	10306588	
475	2335	86	2266	-81	10306721	2734	-83	10306734	3923	-86	10306748	1629	-80	10306761	
445	2363	143	2308	-81	10306892	2715	-83	10306905	3956	-86	10306921	1610	-80	10306934	
0	0	0	2298	-80	10307065	2715	-83	10306905	3947	-86	10307086	1643	-80	10307100	
452	2370	109	2298	-81	10307236	2696	-83	10307250	3938	-86	10307263	1624	-80	10307277	
426	2357	131	2298	-80	10307409	2715	-83	10307423	3975	-86	10307436	1638	-80	10307450	
0	0	0	2270	-81	10307580	2715	-83	10307423	3947	-86	10307609	1657	-80	10307623	
473	2351	80	2303	-81	10307757	2734	-83	10307770	3923	-86	10307784	1634	-80	10307799	
429	2359	124	2284	-81	10307929	2701	-83	10307942	3970	-86	10307956	1638	-80	10307969	
466	2352	121	2284	-81	10308102	2715	-83	10308115	3933	-86	10308129	1610	-80	10308142	
445	2361	122	2317	-80	10308273	2729	-83	10308287	3956	-86	10308300	1629	-80	10308314	
441	2338	111	2284	-80	10308445	2743	-83	10308458	3966	-86	10308472	1643	-80	10308485	
466	2367	97	2303	-80	10308599	2706	-83	10308612	3923	-86	10308626	1620	-80	10308640	
428	2370	141	2312	-81	10308768	2706	-83	10308781	3970	-86	10308795	1624	-81	10308808	
0	0	0	2275	-81	10308940	2706	-83	10308781	3952	-86	10308968	1629	-80	10308982	
423	2351	134	2298	-81	10309112	2729	-83	10309125	3984	-86	10309139	1643	-80	10309152	
454	2371	62	2303	-80	10309284	2701	-83	10309297	3928	-86	10309311	1652	-80	10309325	
415	2368	122	2303	-81	10309456	2701	-83	10309469	3980	-86	10309483	1648	-80	10309496	
445	2363	122	2308	-80	10309628	2715	-83	10309641	3952	-86	10309655	1624	-80	10309669	
465	2363	73	2303	-81	10309800	2715	-83	10309815	3923	-86	10309828	1638	-80	10309842	
0	0	0	2275	-80	10309972	2715	-83	10309815	3970	-86	10310000	1638	-80	10310014	
455	2368	132	2289	-80	10310143	2692	-83	10310156	3938	-86	10310170	1601	-80	10310184	
424	2356	177	2312	-80	10310315	2729	-83	10310328	3989	-86	10310342	1615	-80	10310355	
444	2371	102	2312	-80	10310488	2706	-83	10310501	3947	-86	10310515	1638	-80	10310528	
476	2347	89	2275	-80	10310679	2720	-83	10310692	3919	-86	10310706	1624	-81	10310719	
0	0	0	2298	-81	10310841	2720	-83	10310692	3956	-86	10310869	1620	-80	10310883	
419	2373	156	2303	-81	10311013	2692	-83	10311026	3980	-86	10311040	1620	-80	10311053	
423	2366	118	2312	-80	10311185	2715	-83	10311198	3975	-86	10311213	1648	-81	10311226	
439	2353	158	2298	-81	10311357	2725	-83	10311371	3970	-86	10311385	1610	-80	10311398	
414	2342	160	2289	-81	10311528	2739	-83	10311541	4003	-86	10311555	1638	-80	10311568	
448	2358	109	2289	-81	10311701	2711	-83	10311714	3947	-86	10311728	1629	-80	10311741	
446	2365	83	2298	-81	10311875	2706	-83	10311888	3942	-86	10311902	1648	-80	10311915	
425	2379	113	2298	-80	10312048	2678	-83	10312061	3961	-86	10312075	1638	-80	10312088	
426	2369	83	2308	-81	10312219	2706	-83	10312232	3961	-86	10312246	1662	-80	10312259	
444	2361	111	2308	-80	10312406	2720	-83	10312419	3952	-86	10312433	1634	-80	10312446	
439	2365	121	2303	-81	10312578	2706	-83	10312592	3956	-86	10312605	1629	-80	10312619	
453	2355	129	2308	-80	10312750	2729	-83	10312763	3952	-86	10312777	1620	-80	10312790	
0	0	0	2289	-80	10312923	2739	-83	10312936	3952	-86	10312777	1643	-80	10312958	
459	2356	117	2284	-80	10313094	2711	-83	10313109	3938	-86	10313122	1615	-80	10313136	
430	2359	102	2303	-80	10313266	2720	-83	10313279	3966	-86	10313293	1652	-80	10313308	
466	2368	92	2308	-80	10313438	2711	-83	10313451	3923	-86	10313465	1624	-80	10313478	
420	2379	134	2303	-80	10313609	2682	-83	10313622	3970	-86	10313637	1629	-80	10313651	
450	2381	83	2303	-81	10313789	2682	-83	10313802	3928	-86	10313817	1638	-80	10313830	
473	2358	53	2298	-81	10313961	2720	-83	10313974	3914	-86	10313988	1648	-80	10314001	
434	2346	140	2294	-80	10314132	2734	-83	10314145	3975	-86	10314159	1629	-80	10314172	
418	2371	138	2280	-80	10314304	2673	-83	10314317	3975	-86	10314331	1629	-80	10314345	
433	2359	150	2284	-81	10314477	2701	-83	10314490	3970	-86	10314505	1615	-80	10314519	
473	2350	53	2284	-80	10314648	2720	-83	10314661	3914	-86	10314675	1648	-80	10314688	
422	2369	152	2303	-81	10314823	2701	-83	10314836	3980	-86	10314850	1624	-80	10314864	
426	2371	123	2298	-80	10314995	2692	-83	10315008	3966	-86	10315022	1634	-80	10315035	
438	2367	111	2294	-81	10315167	2696	-83	10315180	3952	-86	10315194	1634	-80	10315207	
486	2336	51	2289	-80	10315339	2753	-83	10315353	3914	-86	10315366	1648	-80	10315380	
448	2375	72	2308	-80	10315510	2696	-83	10315523	3933	-86	10315537	1648	-80	10315550	
444	2380	64	2308	-80	10315682	2687	-83	10315695	3933	-86	10315709	1657	-80	10315722	
0	0	0	2289	-80	10315854	2687	-83	10315695	3942	-86	10315882	1615	-80	10315896	
474	2364	68	2289	-81	10316042	2701	-83	10316056	3909	-86	10316069	1634	-80	10316083	
434	2366	132	2289	-80	10316213	2692	-83	10316226	3961	-86	10316240	1624	-80	10316253	
436	2360	93	2275	-81	10316500	2692	-83	10316514	3952	-86	10316527	1648	-80	10316541	
432	2371	135	2327	-80	10316672	2715	-83	10316685	3966	-86	10316699	1629	-80	10316712	
0	0	0	2289	-81	10316835	2715	-83	10316685	3966	-86	10316863	1624	-80	10316877	
406	2347	150	2275	-80	10317007	2715	-83	10317021	4003	-86	10317034	1643	-80	10317048	
465	2352	145	2284	-80	10317180	2720	-83	10317194	3942	-86	10317207	1596	-80	10317221	
432	2343	123	2284	-80	10317351	2734	-83	10317364	3975	-86	10317378	1643	-80	10317391	
448	2356	109	2280	-80	10317524	2706	-83	10317537	3947	-86	10317551	1629	-80	10317564	
436	2365	155	2312	-81	10317695	2715	-83	10317708	3970	-86	10317722	1615	-80	10317735	
448	2362	72	2289	-80	10317870	2706	-83	10317883	3938	-86	10317897	1652	-80	10317910	
451	2354	105	2298	-80	10318041	2725	-83	10318054	3947	-86	10318068	1634	-80	10318081	
448	2359	99	2303	-80	10318229	2720	-83	10318242	3947	-86	10318256	1638	-80	10318269	
439	2350	135	2289	-80	10318401	2725	-83	10318414	3966	-86	10318428	1624	-80	10318441	
446	2375	129	2317	-80	10318572	2701	-83	10318585	3947	-86	10318599	1615	-80	10318612	
429	2365	116	2303	-81	10318745	2706	-83	10318758	3966	-86	10318772	1643	-80	10318786	
412	2371	116	2303	-80	10318916	2696	-83	10318929	3980	-87	10318943	1652	-81	10318956	
430	2364	137	2308	-81	10319088	2711	-83	10319101	3970	-86	10319116	1629	-80	10319129	
454	2349	99	2303	-80	10319260	2739	-83	10319273	3947	-86	10319287	1638	-80	10319300	
0	0	0	2322	-81	10319432	2739	-83	10319273	3966	-86	10319460	1620	-80	10319474	
437	2373	110	2298	-81	10319605	2692	-83	10319619	3952	-86	10319632	1634	-80	10319646	
454	2363	85	2266	-80	10319781	2682	-83	10319795	3928	-86	10319809	1634	-80	10319822	
470	2349	91	2289	-80	10319954	2729	-83	10319967	3928	-86	10319981	1629	-80	10319995	
434	2373	130	2289	-80	10320125	2678	-83	10320138	3956	-86	10320152	1620	-80	10320165	
427	2380	134	2322	-80	10320298	2696	-82	10320311	3966	-86	10320325	1629	-81	10320338	
480	2349	76	2261	-81	10320469	2706	-82	10320484	3905	-86	10320497	1624	-81	10320511	
459	2375	61	2317	-80	10320641	2706	-83	10320654	3923	-87	10320668	1648	-80	10320681	
448	2362	72	2289	-80	10320818	2706	-83	10320833	3938	-86	10320847	1652	-80	10320860	
469	2371	73	2303	-81	10321004	2701	-83	10321017	3914	-86	10321031	1634	-80	10321044	
435	2350	111	2294	-80	10321178	2729	-83	10321191	3966	-86	10321205	1643	-80	10321218	
452	2364	119	2284	-81	10321348	2692	-83	10321361	3938	-86	10321375	1615	-80	10321388	
438	2345	96	2298	-80	10321520	2743	-83	10321533	3966	-86	10321547	1657	-80	10321561	
441	2372	113	2294	-80	10321691	2687	-83	10321704	3947	-87	10321718	1629	-80	10321731	
446	2350	81	2298	-81	10321863	2734	-83	10321876	3952	-86	10321890	1657	-81	10321903	
457	2347	150	2294	-80	10322035	2734	-83	10322048	3952	-86	10322062	1601	-80	10322075	
443	2365	122	2294	-81	10322207	2701	-83	10322220	3952	-86	10322234	1624	-80	10322247	
469	2362	129	2317	-81	10322379	2725	-83	10322393	3933	-86	10322406	1605	-80	10322420	
476	2363	45	2308	-80	10322551	2720	-83	10322564	3909	-86	10322580	1648	-80	10322593	
459	2353	90	2294	-80	10322712	2725	-83	10322725	3938	-86	10322739	1638	-81	10322753	
439	2359	124	2280	-80	10322885	2696	-83	10322899	3956	-86	10322913	1624	-81	10322926	
436	2361	133	2280	-81	10323057	2696	-83	10323070	3961	-86	10323084	1620	-80	10323099	
437	2374	128	2312	-81	10323229	2696	-83	10323242	3956	-86	10323256	1624	-80	10323269	
440	2367	86	2317	-80	10323403	2720	-83	10323418	3952	-86	10323431	1652	-80	10323445	
436	2352	140	2298	-81	10323573	2729	-83	10323588	3970	-86	10323601	1624	-80	10323615	
461	2374	92	2298	-81	10323749	2692	-83	10323762	3923	-86	10323777	1624	-80	10323791	
452	2362	94	2294	-80	10323921	2706	-83	10323934	3938	-86	10323948	1634	-80	10323961	
461	2356	71	2270	-80	10324092	2701	-83	10324106	3923	-86	10324120	1643	-80	10324133	
429	2377	122	2312	-81	10324264	2692	-83	10324277	3961	-86	10324291	1634	-80	10324304	
436	2369	151	2312	-81	10324436	2706	-83	10324449	3966	-86	10324463	1615	-80	10324476	
430	2359	154	2280	-81	10324593	2701	-83	10324606	3975	-86	10324620	1615	-80	10324633	
449	2354	87	2275	-80	10324766	2706	-83	10324779	3942	-86	10324793	1643	-80	10324806	
439	2384	99	2298	-81	10324938	2673	-83	10324951	3942	-86	10324965	1634	-80	10324978	
439	2354	115	2266	-80	10325110	2696	-83	10325124	3956	-86	10325137	1634	-80	10325151	
459	2339	112	2280	-80	10325282	2739	-83	10325295	3947	-86	10325309	1629	-80	10325322	
433	2353	101	2294	-81	10325454	2725	-83	10325467	3966	-86	10325481	1652	-80	10325494	
430	2357	123	2298	-80	10325625	2720	-83	10325638	3970	-86	10325653	1638	-80	10325667	
439	2363	133	2298	-80	10325803	2706	-83	10325817	3961	-86	10325830	1624	-80	10325844	
429	2386	113	2317	-81	10325975	2682	-83	10325988	3956	-86	10326003	1634	-80	10326017	
439	2355	116	2298	-80	10326147	2720	-83	10326160	3961	-86	10326174	1638	-81	10326187	
445	2365	119	2308	-80	10326319	2711	-83	10326332	3952	-86	10326346	1629	-80	10326359	
449	2378	76	2298	-80	10326492	2682	-83	10326505	3928	-86	10326519	1643	-80	10326532	
0	0	0	2261	-81	10326662	2682	-83	10326505	3942	-86	10326691	1638	-80	10326705	
451	2346	117	2284	-80	10326837	2725	-83	10326851	3952	-86	10326865	1629	-80	10326878	
414	2362	141	2312	-80	10327009	2720	-83	10327022	3989	-86	10327036	1643	-80	10327051	
421	2381	133	2289	-80	10327181	2664	-83	10327194	3966	-86	10327208	1624	-80	10327221	
463	2371	87	2303	-80	10327634	2701	-83	10327647	3923	-86	10327661	1629	-80	10327674	
446	2370	110	2308	-80	10327806	2706	-83	10327819	3947	-86	10327833	1629	-81	10327846	
439	2381	123	2317	-80	10327993	2692	-83	10328006	3952	-86	10328020	1624	-80	10328033	
466	2343	79	2289	-81	10328181	2739	-83	10328194	3933	-86	10328208	1643	-80	10328221	
424	2373	127	2280	-80	10328353	2673	-83	10328366	3966	-86	10328380	1629	-80	10328393	
410	2362	126	2298	-80	10328524	2711	-83	10328537	3989	-86	10328551	1652	-80	10328564	
453	2351	110	2289	-81	10328697	2725	-83	10328710	3947	-86	10328724	1629	-80	10328737	
433	2373	132	2308	-80	10328858	2696	-83	10328871	3961	-86	10328885	1624	-80	10328898	
432	2367	102	2308	-80	10329031	2711	-83	10329044	3961	-86	10329058	1648	-80	10329071	
423	2346	119	2275	-81	10329203	2720	-83	10329217	3980	-86	10329230	1648	-80	10329244	
446	2348	109	2294	-80	10329374	2734	-83	10329387	3956	-86	10329401	1638	-80	10329414	
449	2348	123	2270	-81	10329546	2711	-83	10329559	3952	-86	10329573	1624	-80	10329586	
0	0	0	2298	-80	10329721	2682	-83	10329735	3952	-86	10329573	1624	-80	10329757	
447	2354	93	2284	-81	10329893	2715	-83	10329906	3947	-86	10329920	1643	-80	10329935	
454	2365	113	2294	-80	10330080	2701	-83	10330095	3938	-86	10330108	1620	-80	10330122	
448	2376	108	2308	-80	10330252	2692	-83	10330265	3938	-86	10330279	1624	-80	10330292	
441	2378	72	2289	-80	10330424	2673	-83	10330437	3933	-86	10330451	1652	-80	10330464	
433	2376	76	2275	-80	10330596	2664	-83	10330609	3942	-86	10330623	1657	-80	10330636	
0	0	0	2308	-80	10330768	2664	-83	10330609	3919	-86	10330796	1615	-80	10330810	
454	2376	72	2308	-80	10330940	2696	-83	10330953	3928	-86	10330967	1643	-80	10330980	
445	2374	85	2294	-80	10331111	2687	-83	10331124	3938	-86	10331138	1643	-80	10331152	
439	2366	116	2308	-81	10331283	2711	-83	10331296	3956	-86	10331310	1634	-80	10331323	
437	2377	101	2298	-81	10331456	2682	-83	10331469	3947	-86	10331483	1638	-80	10331496	
422	2383	116	2298	-81	10331627	2668	-83	10331641	3961	-86	10331654	1638	-80	10331668	
440	2356	130	2289	-81	10331805	2715	-83	10331818	3961	-86	10331832	1624	-80	10331845	
436	2359	97	2289	-80	10331976	2706	-83	10331991	3956	-86	10332004	1648	-80	10332018	
442	2370	138	2280	-81	10332149	2678	-83	10332162	3952	-87	10332176	1610	-80	10332191	
455	2370	91	2303	-80	10332320	2701	-83	10332334	3933	-86	10332347	1634	-80	10332361	
420	2473	88	2303	-80	10332320	2687	-83	10332500	3966	-86	10332514	1634	-80	10332527	
430	2374	60	2294	-81	10332650	2687	-83	10332663	3947	-86	10332677	1671	-80	10332690	
438	2364	132	2270	-81	10332839	2682	-83	10332853	3956	-86	10332866	1615	-80	10332880	
430	2360	143	2308	-80	10333011	2720	-83	10333024	3975	-86	10333039	1629	-80	10333052	
438	2354	120	2289	-81	10333183	2715	-83	10333196	3961	-86	10333210	1634	-80	10333223	
467	2352	97	2280	-80	10333355	2715	-83	10333368	3928	-86	10333382	1624	-80	10333395	
448	2372	101	2308	-80	10333528	2701	-83	10333541	3942	-86	10333555	1634	-80	10333568	
448	2358	100	2275	-80	10333698	2696	-83	10333711	3942	-86	10333725	1634	-80	10333738	
423	2357	114	2256	-80	10333871	2682	-83	10333884	3970	-86	10333898	1643	-80	10333911	
434	2373	82	2312	-81	10334042	2701	-83	10334056	3952	-86	10334069	1657	-80	10334083	
437	2354	109	2284	-81	10334214	2711	-83	10334227	3961	-86	10334241	1643	-80	10334254	
435	2373	128	2317	-81	10334386	2706	-83	10334399	3961	-86	10334413	1629	-80	10334426	
424	2369	101	2289	-81	10334558	2692	-83	10334571	3966	-86	10334585	1652	-80	10334598	
451	2392	93	2322	-81	10334719	2678	-83	10334732	3928	-86	10334746	1629	-80	10334759	
445	2382	103	2308	-81	10334892	2682	-83	10334905	3938	-86	10334919	1629	-80	10334932	
457	2352	85	2270	-81	10335080	2706	-83	10335094	3933	-86	10335108	1638	-80	10335121	
429	2360	125	2303	-80	10335252	2715	-83	10335265	3970	-86	10335279	1638	-80	10335292	
452	2361	112	2298	-81	10335424	2711	-83	10335438	3942	-86	10335451	1624	-80	10335465	
465	2352	65	2294	-80	10335596	2729	-83	10335609	3928	-86	10335624	1648	-80	10335638	
448	2369	78	2308	-80	10335772	2706	-83	10335786	3938	-86	10335799	1648	-80	10335813	
448	2341	150	2289	-81	10335933	2739	-83	10335947	3966	-86	10335960	1615	-80	10335974	
427	2370	129	2294	-80	10336105	2687	-83	10336118	3966	-86	10336133	1629	-80	10336146	
462	2359	84	2312	-80	10336277	2729	-83	10336290	3933	-86	10336304	1638	-80	10336317	
427	2374	139	2294	-80	10336449	2682	-83	10336462	3966	-86	10336476	1620	-80	10336489	
439	2383	111	2322	-80	10336620	2692	-83	10336633	3947	-86	10336647	1629	-80	10336662	
448	2366	121	2308	-80	10336792	2711	-83	10336805	3947	-86	10336819	1620	-80	10336832	
446	2362	123	2312	-81	10336965	2720	-83	10336978	3952	-86	10336992	1624	-80	10337005	
481	2359	86	2308	-80	10337136	2729	-83	10337150	3914	-86	10337163	1620	-80	10337177	
433	2362	104	2270	-80	10337308	2687	-83	10337321	3956	-86	10337335	1643	-80	10337348	
452	2346	132	2270	-80	10337480	2715	-83	10337493	3952	-86	10337507	1615	-80	10337520	
436	2349	126	2308	-81	10337660	2739	-83	10337673	3970	-86	10337687	1638	-80	10337700	
429	2370	146	2308	-81	10337822	2701	-83	10337835	3970	-86	10337849	1620	-80	10337862	
462	2334	61	2298	-81	10337994	2762	-83	10338007	3942	-86	10338021	1662	-80	10338034	
453	2374	125	2303	-81	10338166	2692	-83	10338179	3938	-86	10338193	1610	-80	10338206	
422	2357	128	2289	-80	10338338	2711	-83	10338351	3980	-86	10338365	1643	-80	10338378	
435	2347	152	2303	-81	10338509	2734	-82	10338522	3999	-86	10338536	1605	-80	10338549	
477	2347	92	2298	-81	10338682	2739	-82	10338695	3923	-86	10338709	1624	-80	10338722	
446	2367	106	2303	-80	10338857	2706	-83	10338871	3947	-86	10338884	1634	-80	10338898	
468	2337	94	2270	-80	10339044	2734	-83	10339057	3933	-86	10339071	1629	-80	10339084	
440	2351	139	2289	-81	10339217	2720	-83	10339230	3966	-86	10339244	1624	-80	10339257	
429	2356	111	2275	-80	10339387	2701	-83	10339400	3966	-86	10339414	1643	-80	10339427	
419	2359	117	2298	-80	10339561	2715	-83	10339575	3980	-86	10339588	1652	-80	10339602	
418	2380	87	2294	-80	10339733	2673	-83	10339746	3961	-86	10339760	1662	-80	10339773	
434	2369	76	2284	-81	10339905	2687	-83	10339918	3947	-86	10339932	1657	-80	10339945	
411	2372	151	2308	-80	10340076	2696	-83	10340089	3989	-86	10340103	1634	-80	10340116	
432	2364	127	2312	-81	10340248	2715	-83	10340261	3966	-86	10340275	1634	-80	10340288	
466	2351	125	2280	-80	10340420	2715	-83	10340433	3933	-86	10340447	1605	-80	10340460	
446	2370	70	2289	-81	10340592	2687	-83	10340605	3933	-86	10340619	1652	-80	10340633	
460	2367	61	2303	-81	10340771	2706	-82	10340784	3923	-86	10340798	1648	-80	10340811	
459	2354	76	2275	-80	10340935	2706	-83	10340948	3928	-86	10340962	1643	-80	10340976	
448	2346	70	2284	-80	10341107	2729	-83	10341120	3947	-86	10341134	1662	-80	10341147	
438	2353	168	2308	-81	10341278	2734	-82	10341292	3975	-86	10341305	1610	-80	10341319	
463	2350	114	2312	-80	10341450	2743	-83	10341463	3942	-86	10341477	1624	-80	10341490	
429	2379	72	2298	-81	10341622	2678	-83	10341635	3947	-86	10341649	1662	-80	10341662	
426	2363	170	2289	-80	10341798	2696	-82	10341811	3980	-86	10341825	1605	-80	10341838	
432	2365	126	2308	-81	10341971	2711	-83	10341985	3966	-86	10341998	1634	-80	10342012	
465	2366	115	2303	-81	10342142	2706	-83	10342155	3928	-86	10342169	1610	-80	10342182	
418	2353	123	2294	-81	10342314	2720	-83	10342327	3984	-86	10342341	1652	-80	10342354	
460	2346	111	2270	-81	10342485	2715	-83	10342498	3938	-86	10342512	1620	-80	10342525	
446	2372	119	2312	-81	10342657	2701	-83	10342670	3947	-86	10342684	1624	-80	10342697	
449	2358	113	2298	-80	10342928	2715	-83	10342942	3947	-86	10342955	1629	-80	10342969	
418	2364	133	0	0	0	2701	-82	10343113	3980	-86	10343127	1638	-80	10343140	
453	2377	67	2312	-80	10343303	2696	-83	10343316	3928	-86	10343330	1648	-80	10343343	
416	2383	101	2308	-80	10343474	2678	-83	10343487	3966	-86	10343501	1652	-80	10343514	
436	2362	83	2294	-81	10343647	2706	-82	10343660	3952	-86	10343674	1657	-80	10343687	
446	2373	106	2322	-80	10343825	2711	-83	10343838	3947	-86	10343852	1634	-80	10343865	
466	2349	54	2270	-80	10343996	2715	-83	10344010	3919	-86	10344023	1652	-80	10344037	
440	2347	153	2294	-81	10344169	2729	-83	10344182	3970	-86	10344196	1615	-80	10344209	
442	2358	101	2312	-80	10344341	2729	-83	10344354	3956	-86	10344368	1643	-81	10344381	
419	2360	128	2294	-80	10344512	2706	-83	10344525	3980	-86	10344539	1643	-80	10344552	
446	2349	121	2284	-80	10344684	2720	-83	10344697	3956	-86	10344711	1629	-80	10344725	
470	2338	119	2308	-80	10344859	2762	-83	10344872	3942	-86	10344886	1620	-80	10344899	
445	2340	124	2270	-80	10345031	2725	-82	10345045	3961	-86	10345058	1629	-80	10345072	
441	2358	109	2294	-81	10345203	2715	-83	10345216	3956	-86	10345230	1638	-80	10345245	
0	0	0	2298	-80	10345375	2715	-83	10345216	3970	-86	10345405	1629	-80	10345418	
0	0	0	2284	-81	10345547	2715	-83	10345216	3952	-86	10345575	1643	-80	10345589	
475	2356	110	2303	-81	10345719	2725	-83	10345733	3923	-86	10345746	1610	-80	10345760	
437	2348	109	2298	-80	10345890	2734	-83	10345904	3966	-86	10345917	1648	-80	10345931	
416	2348	143	2266	-80	10346063	2706	-83	10346077	3989	-86	10346090	1634	-80	10346104	
0	0	0	2294	-81	10346234	2706	-83	10346077	3961	-86	10346263	1620	-80	10346276	
451	2367	94	2322	-80	10346407	2720	-83	10346420	3942	-86	10346434	1638	-80	10346447	
494	2332	80	2298	-80	10346578	2767	-83	10346592	3914	-86	10346606	1624	-80	10346619	
469	2349	95	2308	-81	10346756	2743	-83	10346769	3933	-86	10346783	1629	-80	10346796	
0	0	0	2266	-80	10346928	2743	-83	10346769	3966	-86	10346956	1638	-80	10346970	
433	2360	107	2289	-80	10347100	2706	-83	10347113	3961	-86	10347127	1643	-80	10347140	
450	2368	131	2308	-80	10347271	2706	-82	10347284	3947	-86	10347298	1615	-80	10347311	
0	0	0	2289	-80	10347443	2706	-82	10347284	3980	-86	10347471	1629	-80	10347485	
440	2354	115	2298	-80	10347615	2725	-82	10347628	3961	-86	10347642	1638	-80	10347655	
448	2379	105	2308	-80	10347791	2687	-83	10347804	3938	-85	10347818	1629	-80	10347831	
441	2350	162	2284	-81	10347963	2720	-83	10347976	3970	-85	10347990	1605	-80	10348003	
449	2359	90	2294	-80	10348135	2711	-83	10348149	3942	-85	10348162	1643	-80	10348175	
436	2344	116	2270	-80	10348307	2720	-83	10348320	3966	-86	10348334	1638	-80	10348349	
449	2359	100	2308	-81	10348479	2725	-83	10348492	3947	-86	10348506	1638	-80	10348519	
448	2356	116	2303	-80	10348650	2725	-83	10348663	3952	-86	10348678	1629	-80	10348692	
443	2353	127	2298	-80	10348822	2725	-83	10348835	3961	-87	10348849	1629	-80	10348862	
433	2342	125	2298	-81	10348994	2743	-83	10349007	3975	-86	10349021	1643	-80	10349034	
453	2360	95	2303	-81	10349167	2720	-83	10349181	3942	-86	10349194	1638	-80	10349208	
445	2361	123	2317	-80	10349338	2725	-83	10349351	3956	-86	10349365	1629	-80	10349378	
461	2343	112	2303	-80	10349511	2748	-83	10349524	3947	-86	10349538	1629	-80	10349551	
460	2345	94	2294	-81	10349682	2739	-83	10349696	3942	-86	10349710	1638	-80	10349723	
443	2372	74	2298	-81	10349860	2692	-83	10349873	3938	-86	10349887	1652	-80	10349900	
425	2348	137	2275	-81	10350031	2715	-83	10350045	3980	-86	10350059	1634	-80	10350072	
426	2359	133	2303	-80	10350203	2720	-83	10350216	3975	-86	10350230	1634	-80	10350244	
429	2363	135	2303	-81	10350375	2711	-83	10350388	3970	-86	10350402	1629	-80	10350415	
471	2349	77	2289	-80	10350547	2729	-83	10350560	3923	-86	10350574	1634	-80	10350587	
456	2358	102	2308	-81	10350719	2725	-83	10350733	3942	-86	10350746	1634	-80	10350760	
449	2371	86	2312	-81	10350894	2706	-83	10350907	3938	-86	10350921	1643	-80	10350934	
445	2361	128	2308	-80	10351065	2720	-83	10351078	3956	-86	10351092	1624	-80	10351106	
456	2367	71	2298	-81	10351237	2701	-83	10351250	3928	-86	10351264	1648	-80	10351277	
438	2340	112	2280	-81	10351409	2734	-83	10351422	3966	-86	10351436	1643	-80	10351449	
455	2350	93	2270	-80	10351582	2711	-83	10351596	3938	-86	10351609	1634	-80	10351623	
449	2377	111	2294	-81	10351753	2682	-83	10351766	3938	-86	10351780	1620	-80	10351793	
425	2365	158	2303	-81	10351925	2706	-83	10351938	3980	-86	10351952	1620	-80	10351965	
442	2368	124	2303	-80	10352096	2701	-83	10352109	3952	-86	10352123	1624	-80	10352136	
435	2351	121	2284	-80	10352268	2715	-83	10352281	3966	-87	10352295	1638	-80	10352308	
429	2355	136	2303	-80	10352440	2725	-83	10352453	3975	-86	10352467	1634	-80	10352481	
422	2376	141	2312	-80	10352612	2696	-83	10352625	3975	-86	10352639	1629	-80	10352653	
440	2359	102	2308	-81	10352791	2725	-83	10352804	3956	-86	10352818	1643	-80	10352831	
441	2352	149	2298	-80	10352964	2725	-83	10352977	3966	-86	10352991	1615	-80	10353004	
423	2367	139	2298	-80	10353135	2701	-83	10353150	3975	-86	10353163	1629	-80	10353177	
443	2359	112	2289	-81	10353307	2706	-83	10353320	3952	-86	10353334	1634	-80	10353348	
447	2359	133	2317	-80	10353478	2729	-83	10353491	3956	-86	10353505	1620	-80	10353518	
439	2339	98	2284	-81	10353650	2739	-83	10353663	3966	-86	10353677	1657	-80	10353691	
434	2368	120	2280	-80	10353825	2682	-83	10353838	3956	-86	10353852	1629	-80	10353865	
471	2349	69	2298	-80	10354013	2734	-83	10354027	3923	-86	10354040	1643	-80	10354054	
446	2353	127	2298	-80	10354184	2725	-83	10354197	3956	-86	10354211	1624	-80	10354224	
429	2354	84	2298	-80	10354372	2725	-83	10354386	3966	-86	10354399	1666	-80	10354413	
425	2373	120	2303	-80	10354544	2692	-83	10354557	3966	-86	10354571	1638	-80	10354584	
427	2366	98	2280	-80	10354716	2687	-83	10354729	3961	-86	10354743	1652	-80	10354756	
446	2347	111	2284	-80	10354903	2725	-83	10354916	3956	-86	10354930	1638	-80	10354943	
440	2370	75	2308	-80	10355080	2706	-82	10355093	3947	-86	10355107	1657	-80	10355120	
462	2340	83	2284	-80	10355251	2739	-82	10355265	3938	-86	10355279	1643	-80	10355292	
436	2358	126	2308	-81	10355423	2725	-82	10355436	3966	-86	10355450	1634	-80	10355465	
448	2364	103	2289	-81	10355595	2701	-82	10355608	3942	-87	10355622	1629	-80	10355635	
436	2376	92	2298	-81	10355774	2687	-83	10355788	3947	-86	10355801	1643	-80	10355815	
0	0	0	2303	-80	10355945	2687	-83	10355788	3928	-86	10355974	1643	-80	10355987	
420	2359	111	2294	-81	10356118	2711	-82	10356131	3975	-86	10356145	1652	-80	10356158	
460	2334	83	2275	-80	10356288	2743	-83	10356301	3942	-86	10356315	1648	-80	10356328	
437	2349	138	2270	-80	10356460	2706	-83	10356473	3966	-86	10356487	1620	-80	10356500	
440	2364	103	2312	-80	10356632	2720	-83	10356645	3956	-86	10356659	1643	-80	10356672	
444	2334	120	2294	-80	10356808	2757	-82	10356821	3970	-86	10356835	1643	-80	10356848	
469	2348	101	2298	-81	10356980	2739	-83	10356993	3933	-86	10357007	1624	-80	10357021	
435	2365	62	2270	-81	10357152	2682	-83	10357165	3942	-86	10357179	1666	-80	10357192	
470	2349	91	2289	-80	10357325	2729	-82	10357338	3928	-86	10357352	1629	-80	10357365	
450	2355	93	2298	-80	10357496	2725	-83	10357510	3947	-86	10357523	1643	-80	10357537	
452	2369	114	2317	-80	10357667	2711	-83	10357680	3942	-86	10357694	1624	-80	10357707	
440	2375	118	2317	-81	10357855	2701	-83	10357869	3952	-86	10357883	1629	-80	10357896	
444	2362	91	2312	-80	10358027	2725	-83	10358040	3952	-87	10358054	1648	-80	10358067	
439	2340	118	2294	-81	10358199	2748	-83	10358213	3970	-86	10358226	1643	-80	10358240	
453	2354	88	2280	-80	10358370	2711	-83	10358383	3938	-86	10358397	1638	-80	10358410	
449	2369	86	2284	-80	10358543	2687	-83	10358556	3933	-86	10358570	1638	-80	10358583	
400	2374	130	2298	-81	10358830	2687	-82	10358843	3994	-86	10358858	1652	-80	10358872	
451	2350	124	2294	-80	10359003	2729	-82	10359018	3952	-86	10359031	1624	-80	10359045	
455	2353	66	2280	-80	10359174	2715	-83	10359187	3933	-86	10359201	1652	-80	10359214	
459	2365	84	2298	-80	10359362	2706	-82	10359377	3928	-86	10359391	1634	-80	10359404	
418	2343	135	2261	-81	10359533	2711	-83	10359546	3989	-86	10359560	1643	-80	10359573	
465	2352	106	2294	-80	10359706	2725	-83	10359720	3933	-86	10359733	1620	-80	10359747	
444	2354	121	2280	-81	10359880	2711	-83	10359893	3956	-86	10359907	1629	-80	10359920	
439	2368	116	2298	-81	10360052	2696	-83	10360065	3952	-86	10360079	1629	-80	10360092	
398	2446	205	2298	-81	10360052	2715	-83	10360233	3980	-86	10360247	1624	-80	10360260	
434	2365	146	2294	-81	10360396	2701	-83	10360409	3966	-86	10360423	1615	-80	10360436	
0	0	0	2308	-80	10360568	2701	-83	10360409	3970	-86	10360596	1634	-80	10360610	
463	2368	91	2308	-81	10360739	2711	-83	10360752	3928	-86	10360766	1629	-80	10360779	
446	2345	98	2275	-80	10360911	2720	-83	10360924	3952	-86	10360938	1643	-80	10360951	
446	2355	110	2289	-81	10361083	2715	-83	10361096	3952	-86	10361110	1634	-81	10361123	
0	0	0	2275	-81	10361255	2715	-83	10361096	3952	-86	10361283	1648	-80	10361297	
458	2370	92	2298	-80	10361427	2696	-83	10361440	3928	-86	10361454	1629	-80	10361467	
464	2344	63	2280	-80	10361599	2729	-83	10361613	3928	-86	10361626	1652	-80	10361640	
430	2357	85	2284	-80	10361777	2706	-83	10361790	3961	-86	10361804	1662	-80	10361817	
444	2358	108	2266	-81	10361949	2692	-83	10361962	3947	-86	10361976	1629	-80	10361989	
454	2373	89	2294	-80	10362120	2687	-83	10362133	3928	-86	10362147	1634	-80	10362161	
0	0	0	2289	-80	10362292	2687	-83	10362133	3933	-86	10362321	1615	-80	10362335	
451	2361	88	2270	-81	10362464	2687	-83	10362477	3933	-86	10362491	1638	-80	10362504	
433	2352	127	2312	-81	10362636	2739	-83	10362650	3975	-86	10362663	1643	-80	10362677	
442	2387	69	2317	-80	10362812	2682	-83	10362825	3933	-86	10362840	1652	-80	10362854	
440	2367	106	2303	-80	10362985	2706	-83	10362999	3952	-86	10363012	1638	-80	10363026	
453	2341	121	2280	-80	10363155	2734	-83	10363169	3952	-86	10363182	1624	-80	10363196	
442	2375	123	2312	-81	10363327	2701	-83	10363340	3952	-86	10363354	1624	-80	10363367	
437	2359	124	2298	-80	10363499	2715	-83	10363512	3961	-86	10363526	1629	-80	10363539	
448	2349	127	2308	-81	10363671	2743	-83	10363684	3961	-86	10363698	1629	-81	10363711	
448	2372	118	2298	-80	10363843	2692	-83	10363856	3942	-86	10363870	1620	-80	10363883	
441	2354	109	2284	-81	10364030	2715	-83	10364043	3956	-86	10364057	1638	-80	10364070	
479	2347	104	2275	-80	10364202	2720	-83	10364215	3919	-86	10364229	1610	-80	10364242	
450	2363	103	2294	-80	10364374	2706	-83	10364387	3942	-86	10364401	1629	-80	10364414	
460	2357	65	2289	-80	10364546	2715	-83	10364560	3928	-86	10364573	1652	-80	10364587	
439	2370	82	2280	-80	10364834	2682	-83	10364847	3942	-86	10364861	1648	-80	10364874	
439	2341	135	2284	-80	10365007	2734	-83	10365020	3970	-86	10365034	1629	-80	10365047	
440	2350	120	2294	-81	10365178	2725	-83	10365191	3961	-86	10365206	1634	-80	10365219	
461	2345	97	2284	-80	10365350	2729	-83	10365363	3938	-86	10365377	1634	-80	10365390	
436	2362	97	2275	-81	10365522	2692	-83	10365535	3952	-86	10365549	1643	-80	10365562	
439	2369	117	2294	-81	10365693	2692	-83	10365706	3952	-86	10365720	1629	-80	10365734	
451	2365	119	2317	-81	10365870	2720	-82	10365884	3947	-86	10365898	1624	-80	10365911	
442	2351	120	2303	-81	10366042	2734	-83	10366055	3961	-86	10366069	1634	-80	10366084	
440	2355	142	2294	-81	10366214	2720	-83	10366227	3966	-86	10366241	1620	-80	10366254	
432	2354	116	2303	-80	10366385	2729	-83	10366398	3970	-86	10366413	1643	-80	10366427	
450	2374	79	2284	-80	10366557	2678	-83	10366570	3928	-86	10366584	1638	-80	10366597	
412	2374	138	2303	-81	10366729	2692	-83	10366742	3984	-86	10366756	1638	-80	10366769	
449	2348	104	2289	-81	10366901	2729	-83	10366914	3952	-86	10366928	1638	-80	10366941	
440	2352	177	2284	-80	10367073	2715	-83	10367086	3975	-86	10367100	1596	-80	10367113	
443	2367	116	2312	-80	10367245	2715	-83	10367258	3952	-86	10367272	1629	-80	10367285	
452	2360	80	2280	-81	10367416	2701	-82	10367429	3933	-86	10367443	1643	-80	10367456	
426	2379	155	2303	-80	10367604	2682	-83	10367617	3970	-86	10367631	1610	-80	10367644	
467	2363	67	2317	-80	10367773	2725	-83	10367786	3923	-86	10367800	1643	-80	10367813	
433	2373	132	2308	-80	10367945	2696	-83	10367958	3961	-86	10367972	1624	-80	10367985	
443	2355	78	2289	-80	10368117	2715	-83	10368130	3947	-86	10368144	1657	-80	10368157	
476	2359	122	2303	-81	10368289	2720	-83	10368303	3923	-86	10368316	1601	-80	10368330	
453	2333	131	2284	-81	10368464	2753	-83	10368477	3961	-86	10368491	1624	-81	10368504	
442	2344	134	2275	-80	10368634	2725	-83	10368649	3966	-86	10368662	1624	-80	10368676	
453	2378	114	2294	-80	10368809	2678	-83	10368822	3933	-86	10368836	1615	-81	10368849	
456	2353	106	2289	-81	10368980	2720	-83	10368993	3942	-86	10369007	1629	-80	10369021	
455	2358	135	2303	-81	10369152	2720	-83	10369165	3947	-86	10369179	1610	-80	10369192	
431	2350	104	2294	-81	10369324	2729	-83	10369337	3970	-86	10369351	1652	-80	10369364	
444	2355	86	2298	-81	10369497	2725	-83	10369510	3952	-86	10369524	1652	-80	10369537	
444	2353	107	2270	-80	10369668	2706	-83	10369681	3952	-86	10369695	1634	-80	10369708	
467	2353	97	2289	-80	10369840	2720	-82	10369853	3928	-86	10369867	1624	-80	10369880	
437	2359	96	2298	-80	10370012	2715	-82	10370025	3956	-86	10370039	1648	-80	10370052	
454	2361	96	2298	-81	10370178	2711	-82	10370191	3938	-86	10370205	1634	-80	10370218	
445	2359	109	2317	-80	10370350	2734	-83	10370363	3956	-86	10370377	1638	-80	10370390	
450	2353	89	2284	-80	10370521	2715	-83	10370534	3942	-86	10370548	1643	-80	10370561	
431	2367	118	2294	-80	10370693	2696	-83	10370706	3961	-86	10370720	1634	-80	10370734	
427	2353	124	2294	-81	10370856	2720	-82	10370869	3975	-86	10370883	1643	-80	10370897	
482	2336	121	2284	-80	10371028	2748	-83	10371041	3928	-86	10371055	1605	-80	10371068	
454	2361	66	2261	-81	10371200	2682	-83	10371213	3923	-86	10371227	1648	-80	10371240	
426	2368	135	2294	-80	10371371	2692	-82	10371384	3970	-86	10371398	1629	-80	10371411	
470	2372	74	2289	-81	10371543	2687	-83	10371557	3909	-86	10371570	1629	-80	10371584	
448	2336	107	2284	-81	10371715	2748	-83	10371728	3961	-86	10371743	1643	-80	10371756	
448	2336	107	2294	-80	10371890	2748	-83	10371728	3938	-86	10371918	1643	-80	10371756	
0	0	0	2284	-81	10372062	2734	-83	10372075	3938	-86	10371918	1615	-80	10372103	
461	2364	78	2322	-81	10372234	2729	-83	10372247	3933	-86	10372262	1643	-80	10372275	
449	2352	133	2298	-80	10372406	2725	-82	10372419	3956	-86	10372433	1620	-80	10372446	
424	2358	136	2303	-80	10372593	2720	-82	10372606	3980	-86	10372621	1638	-80	10372634	
453	2341	99	2266	-80	10372765	2725	-82	10372778	3947	-86	10372792	1638	-81	10372805	
475	2362	130	2327	-81	10372937	2734	-83	10372950	3928	-86	10372964	1601	-80	10372977	
440	2353	164	2303	-81	10373109	2729	-83	10373122	3970	-86	10373136	1605	-80	10373149	
436	2336	98	2280	-80	10373274	2743	-83	10373287	3970	-86	10373301	1657	-80	10373314	
472	2361	70	2308	-80	10373446	2725	-83	10373459	3919	-86	10373473	1638	-80	10373486	
395	2362	137	2303	-80	10373618	2711	-83	10373631	4008	-86	10373645	1662	-80	10373658	
433	2346	140	2289	-81	10373796	2729	-83	10373809	3975	-86	10373823	1629	-80	10373836	
432	2366	107	2280	-80	10373968	2687	-83	10373981	3956	-86	10373995	1638	-80	10374008	
452	2366	103	2289	-81	10374140	2696	-83	10374153	3938	-86	10374167	1629	-80	10374180	
416	2349	142	2275	-81	10374312	2711	-83	10374325	3989	-86	10374339	1638	-80	10374352	
436	2363	159	2275	-80	10374484	2687	-83	10374497	3966	-86	10374511	1601	-80	10374524	
468	2355	114	2280	-80	10374655	2711	-83	10374668	3928	-86	10374682	1610	-80	10374697	
437	2377	108	2322	-80	10374831	2701	-83	10374844	3952	-86	10374858	1638	-80	10374871	
463	2378	77	2303	-81	10375002	2687	-82	10375016	3914	-86	10375030	1629	-80	10375043	
0	0	0	2284	-81	10375174	2687	-82	10375016	3938	-86	10375202	1634	-80	10375216	
435	2367	113	2289	-81	10375346	2692	-82	10375359	3956	-86	10375373	1634	-80	10375386	
467	2348	91	2275	-80	10375517	2720	-82	10375530	3928	-86	10375545	1629	-80	10375559	
433	2366	120	2303	-80	10375690	2706	-83	10375705	3961	-86	10375719	1634	-81	10375732	
431	2351	145	2284	-81	10375861	2715	-82	10375875	3975	-86	10375888	1624	-80	10375902	
428	2367	140	2298	-81	10376034	2701	-83	10376048	3970	-86	10376061	1624	-80	10376075	
433	2363	144	2317	-80	10376205	2720	-83	10376218	3970	-86	10376232	1624	-80	10376245	
455	2367	105	2294	-81	10376377	2696	-83	10376390	3933	-86	10376404	1624	-80	10376417	
