5740
5740
5759
5778
5764
5782
5797
5825
5792
5778
5792
5778
5801
5782
5759
5768
5792
5740
5740
5787
5736
5820
5764
5731
5778
5829
5890
5778
5815
5787
5778
5829
5811
5820
5820
5778
5787
5829
5848
5829
5820
5839
5768
5801
5797
5867
5811
5768
5778
5782
5745
5754
5778
5778
5754
5750
5764
5759
5797
5797
5778
5768
5778
5768
5782
5797
5806
5773
5778
5848
5848
5848
5782
5778
5801
5773
5782
5820
5801
5829
5811
5759
5792
5811
5801
5764
5740
5778
5797
5740
5768
5792
5750
5792
5726
5707
5778
5773
5764
5778
5829
5858
5815
5759
5811
5792
5773
5740
5768
5782
5787
5904
5867
5782
5815
5820
5815
5848
5787
5853
5778
5792
5858
5820
5825
5750
5839
5773
5843
5862
5853
5811
5754
5787
5787
5811
5815
5815
5815
5867
5801
5806
5801
5853
5862
5801
5867
5815
5867
5811
5839
5843
5853
5867
5825
5839
5806
5858
5839
5886
5881
5843
5867
5858
5867
5872
5787
5778
5848
5858
5858
5872
5829
5829
5839
5834
5759
5858
5867
5872
5778
5886
5853
5839
5839
5829
5848
5872
5872
5876
5834
5820
5867
5858
5848
5858
5829
5806
5825
5867
5764
5834
5773
5904
5773
5787
5848
5829
5839
5839
5811
5886
5792
5825
5815
5867
5815
5792
5815
5872
5778
5848
5829
5792
5881
5811
5834
5778
5834
5768
5764
5811
5843
5815
5834
5773
5839
5782
5792
5843
5900
5862
5843
5815
5787
5848
5820
5825
5853
5853
5797
5820
5834
5825
5858
5806
5886
5801
5858
5820
5806
5825
5773
5717
5768
5764
5736
5773
5736
5689
5717
5750
5750
5736
5754
5721
5736
5731
5717
5698
5717
5731
5712
5726
5726
5721
5726
5773
5773
5773
5717
5820
5745
5745
5736
5759
5754
5721
5815
5712
5745
5750
5782
5712
5745
5782
5740
5782
5764
5811
5736
5792
5721
5717
5740
5797
5721
5754
5782
5736
5717
5745
5698
5768
5736
5721
5782
5782
5740
5740
5717
5745
5773
5778
5768
5745
5689
5707
5698
5848
5759
5721
5778
5684
5721
5689
5736
5736
5773
5829
5811
5782
5764
5768
5792
5773
5773
5782
5740
5806
5806
5801
5768
5792
5792
5792
5787
5806
5834
5778
5843
5792
5787
5764
5778
5806
5787
5843
5740
5778
5778
5754
5839
5801
5858
5829
5820
5829
5787
5792
5811
5811
5834
5876
5782
5778
5736
5768
5773
5768
5782
5848
5787
5787
5797
5768
5825
5764
5778
5811
5778
5754
5773
5778
5726
5792
5825
5820
5815
5750
5764
5782
5750
5792
5768
5768
5754
5740
5778
5792
5721
5736
5782
5736
5768
5759
5754
5750
5759
5750
5736
5736
5787
5768
5759
5797
5745
5806
5782
5806
5782
5759
5782
5736
5759
5731
5778
5764
5768
5754
5867
5825
5768
5750
5778
5843
5754
5815
5754
5721
5787
5792
5754
5754
5745
5754
5750
5782
5745
5731
5768
5768
5740
5801
5754
5750
5740
5745
5754
5773
5778
5787
5773
5787
5797
5792
5820
5782
5801
5731
5792
5806
5745
5862
5792
5839
5806
5778
5801
5773
5768
5745
5768
5801
5782
5806
5801
5811
5872
5858
5862
5848
5797
5839
5834
5825
5825
5820
5848
5848
5825
5886
5815
5801
5862
5876
5876
5867
5881
5825
5806
5853
5787
5843
5843
5843
5797
5815
5834
5764
5834
5820
5806
5909
5853
5881
5881
5797
5815
5829
5773
5764
5806
5792
5792
5801
5764
5792
5782
5806
5801
5787
5782
5801
5806
5787
5801
5815
5815
5853
5843
5886
5806
5820
5848
5825
5811
5801
5787
5764
5801
5773
5764
5820
5820
5768
5797
5797
5773
5754
5768
5768
5876
5787
5867
5806
5843
5754
5773
5764
5862
5815
5848
5825
5825
5886
5853
5829
5886
5918
5820
5801
5895
5843
5834
5825
5815
5862
5843
5825
5895
5834
5801
5890
5872
5895
5867
5811
5848
5839
5792
5848
5848
5862
5918
5820
5792
5811
5909
5858
5853
5792
5876
5820
5801
5886
5843
5886
5797
5848
5848
5881
5843
5862
5787
5843
5811
5829
5797
5811
5853
5806
5797
5843
5829
5834
5811
5839
5801
5895
5815
5876
5858
5858
5867
5834
5797
5843
5876
5876
5811
5815
5815
5815
5881
5858
5843
5848
5811
5782
5867
5829
5825
5825
5815
5853
5820
5848
5853
5839
5881
5834
5787
5778
5797
5820
5825
5825
5876
5820
5778
5848
5848
5815
5848
5801
5820
5806
5820
5825
5848
5839
5834
5834
5848
5890
5890
5811
5806
5825
5825
5858
5820
5895
5806
5839
5862
5862
5825
5843
5886
5872
5829
5829
5858
5872
5834
5815
5834
5839
5829
5829
5867
5829
5834
5792
5839
5834
5843
5900
5858
5909
5900
5834
5876
5843
5876
5867
5867
5801
5848
5858
5801
5839
5853
5862
5839
5886
5825
5801
5886
5886
5820
5853
5858
5886
5914
5825
5890
5848
5914
5872
5815
5843
5886
5881
5820
5923
5872
5872
5843
5853
5853
5843
5876
5848
5797
5867
5848
5881
5801
5872
5872
5862
5843
5820
5900
5806
5806
5839
5811
5829
5787
5778
5853
5853
5853
5843
5820
5820
5820
5839
5829
5801
5867
5792
5834
5843
5764
5792
5764
5754
5759
5829
5797
5754
5876
5787
5848
5787
5848
5792
5764
5787
5787
5834
5811
5815
5773
5801
5806
5740
5829
5764
5801
5797
5782
5820
5782
5792
5768
5759
5750
5806
5825
5768
5811
5736
5764
5773
5773
5792
5782
5750
5740
5768
5745
5736
5801
5736
5736
5750
5764
5773
5726
5768
5797
5754
5773
5773
5778
5797
5740
5768
5726
5764
5764
5740
5726
5764
5787
5740
5787
5740
5745
5750
5764
5736
5745
5750
5759
5736
5717
5726
5759
5759
5726
5726
5759
5792
5754
5750
5726
5820
5754
5768
5750
5782
5768
5825
5778
5782
5782
5768
5773
5726
5764
5806
5768
5787
5806
5759
5754
5773
5773
5764
5829
5792
5778
5858
5811
5787
5768
5736
5792
5778
5778
5797
5820
5787
5825
5825
5782
5773
5759
5740
5834
5801
