1413
1413
1437
1423
1418
1418
1413
1418
1376
1418
1399
1418
1423
1413
1394
1427
1399
1404
1413
1404
1423
1413
1427
1394
1418
1399
1399
1404
1404
1408
1413
1408
1418
1394
1394
1427
1394
1423
1413
1437
1432
1399
1418
1413
1423
1408
1423
1413
1413
1413
1423
1408
1423
1441
1404
1418
1418
1408
1413
1413
1437
1394
1413
1418
1423
1413
1427
1413
1390
1413
1423
1437
1418
1423
1413
1427
1427
1408
1437
1423
1432
1423
1418
1446
1404
1408
1423
1423
1423
1408
1423
1432
1413
1423
1404
1446
1427
1408
1418
1441
1394
1441
1423
1427
1423
1423
1423
1404
1418
1441
1423
1432
1432
1390
1390
1413
1418
1413
1427
1413
1418
1432
1413
1423
1413
1413
1413
1408
1394
1432
1408
1418
1432
1423
1423
1423
1413
1399
1418
1432
1404
1404
1432
1432
1394
1427
1404
1404
1432
1427
1432
1413
1427
1418
1413
1418
1427
1423
1385
1418
1418
1394
1408
1418
1423
1408
1423
1423
1413
1404
1423
1390
1413
1418
1418
1413
1399
1404
1423
1423
1423
1446
1413
1427
1423
1413
1423
1399
1413
1404
1427
1427
1427
1404
1427
1418
1418
1427
1390
1427
1437
1437
1418
1427
1423
1385
1390
1427
1413
1432
1399
1432
1437
1399
1423
1418
1413
1394
1408
1404
1423
1399
1413
1432
1418
1413
1413
1423
1408
1413
1423
1441
1413
1418
1427
1423
1423
1408
1418
1408
1413
1437
1408
1432
1418
1418
1427
1418
1399
1385
1408
1413
1404
1390
1413
1413
1423
1423
1423
1404
1423
1423
1418
1423
1423
1413
1408
1418
1423
1408
1408
1427
1404
1423
1437
1432
1432
1408
1413
1418
1408
1394
1394
1404
1427
1432
1394
1423
1418
1404
1427
1408
1390
1418
1427
1423
1404
1437
1427
1418
1399
1408
1408
1399
1394
1427
1404
1404
1423
1423
1432
1423
1394
1408
1437
1418
1423
1423
1408
1418
1432
1413
1408
1404
1404
1432
1446
1418
1418
1418
1394
1418
1437
1399
1418
1418
1418
1418
1413
1427
1418
1413
1404
1427
1413
1399
1423
1408
1427
1408
1427
1390
1390
1441
1413
1418
1418
1408
1437
1390
1394
1413
1423
1446
1408
1423
1432
1441
1423
1413
1408
1427
1432
1432
1423
1404
1427
1423
1413
1413
1413
1413
1413
1427
1418
1394
1423
1423
1423
1408
1427
1413
1423
1427
1413
1408
1385
1423
1413
1418
1418
1404
1408
1404
1394
1413
1418
1427
1418
1404
1418
1413
1418
1423
1423
1423
1427
1437
1441
1404
1399
1418
1418
1437
1413
1418
1418
1432
1437
1423
1423
1427
1413
1432
1441
1427
1404
1418
1423
1394
1432
1376
1404
1408
1408
1413
1418
1390
1413
1408
1404
1413
1413
1441
1423
1418
1404
1404
1427
1427
1423
1418
1446
1423
1441
1399
1423
1423
1413
1427
1408
1394
1418
1408
1437
1408
1418
1418
1418
1418
1404
1380
1413
1408
1418
1437
1418
1408
1404
1399
1418
1427
1408
1413
1413
1408
1423
1427
1437
1427
1437
1427
1427
1427
1427
1418
1427
1408
1413
1427
1408
1413
1413
1423
1413
1437
1418
1408
1399
1413
1423
1394
1399
1399
1418
1413
1413
1413
1394
1413
1413
1427
1427
1394
1394
1404
1404
1399
1437
1404
1427
1404
1423
1413
1408
1423
1413
1427
1418
1418
1408
1423
1423
1399
1408
1404
1441
1427
1427
1408
1423
1399
1427
1408
1408
1408
1432
1427
1423
1423
1399
1418
1413
1432
1418
1390
1423
1418
1432
1432
1408
1432
1423
1423
1432
1413
1418
1418
1394
1418
1423
1394
1418
1423
1413
1437
1404
1418
1432
1418
1413
1418
1423
1408
1413
1399
1404
1413
1427
1390
1413
1418
1432
1413
1427
1427
1432
1418
1413
1408
1432
1427
1423
1408
1413
1413
1437
1427
1404
1423
1423
1394
1394
1408
1423
1418
1441
1427
1423
1385
1399
1427
1418
1418
1432
1390
1413
1390
1418
1418
1418
1399
1427
1399
1418
1413
1413
1399
1399
1408
1432
1432
1404
1404
1423
1432
1418
1437
1427
1427
1423
1408
1427
1427
1423
1418
1404
1427
1408
1404
1418
1423
1423
1423
1432
1408
1413
1432
1413
1423
1427
1441
1413
1427
1441
1427
1423
1394
1408
1404
1413
1413
1390
1423
1413
1437
1408
1423
1399
1427
1418
1404
1437
1423
1394
1418
1427
1413
1423
1423
1441
1441
1408
1423
1423
1427
1413
1408
1423
1418
1427
1423
1427
1418
1423
1399
1418
1413
1432
1394
1427
1423
1427
1441
1390
1423
1423
1423
1413
1437
1413
1413
1408
1418
1394
1418
1418
1418
1413
1404
1404
1437
1408
1366
1404
1427
1427
1432
1423
1404
1418
1385
1385
1427
1427
1423
1427
1441
1423
1399
1413
1371
1418
1423
1394
1394
1404
1399
1423
1432
1427
1394
1413
1394
1399
1423
1408
1418
1432
1423
1399
1423
1413
1413
1423
1404
1432
1399
1404
1423
1413
1390
1394
1427
1427
1418
1408
1418
1413
1427
1390
1413
1423
1451
1427
1437
1427
1413
1394
1432
1437
1418
1404
1423
1408
1413
1432
1423
1423
1423
1423
1394
1413
1413
1418
1413
1427
1427
1441
1408
1423
1427
1418
1427
1418
1423
1423
1423
1408
1427
1418
1418
1413
1418
1399
1399
1437
1432
1399
1437
1394
1418
1427
1408
1408
1423
1432
1399
1408
1427
1437
1418
1432
1432
1408
1408
1385
1427
1437
1437
1423
1413
1399
1399
1408
1437
1427
1408
1427
1432
1408
1408
1427
1385
1441
1413
1441
1413
1423
1394
1408
1423
1423
1423
1413
1427
1371
1432
1408
1418
1427
1413
1427
1423
1427
1418
1418
1441
1399
1432
1399
1427
1408
1408
1413
1404
1418
1427
1418
1423
1423
1441
1418
1437
1399
1418
1408
1408
1408
1418
1404
1423
1432
1413
1437
1413
1390
1427
1418
1399
1427
1418
1394
1427
1390
1399
1399
1418
1413
1413
1413
1413
1413
1404
1427
1418
1423
1413
1413
1408
1427
1427
1413
1413
1408
1408
1408
1418
