5689
5698
5693
5707
5726
5712
5707
5684
5707
5712
5703
5712
5726
5717
5679
5707
5679
5731
5712
5721
5689
5726
5721
5698
5684
5698
5721
5721
5717
5689
5698
5740
5712
5703
5745
5717
5731
5698
5693
5731
5707
5698
5726
5736
5712
5712
5689
5703
5717
5726
5703
5703
5726
5721
5712
5721
5740
5684
5717
5693
5707
5750
5698
5712
5726
5745
5703
5698
5726
5740
5736
5698
5726
5717
5736
5707
5693
5675
5712
5712
5698
5726
5717
5717
5712
5679
5707
5717
5698
5726
5712
5731
5731
5726
5726
5707
5684
5698
5707
5703
5740
5717
5698
5679
5693
5679
5698
5731
5712
5684
5670
5750
5726
5707
5703
5745
5698
5684
5731
5721
5712
5736
5693
5726
5707
5712
5703
5721
5698
5698
5717
5717
5703
5684
5712
5707
5670
5726
5665
5684
5703
5726
5726
5712
5736
5712
5684
5703
5703
5717
5731
5707
5703
5707
5726
5717
5721
5721
5707
5717
5731
5698
5712
5721
5707
5665
5684
5698
5698
5721
5726
5707
5698
5689
5712
5703
5740
5721
5712
5698
5736
5721
5721
5703
5726
5693
5689
5703
5726
5726
5726
5717
5717
5707
5703
5689
5707
5703
5731
5726
5740
5721
5689
5721
5698
5703
5717
5703
5717
5698
5721
5707
5689
5698
5736
5707
5736
5721
5712
5703
5693
5717
5689
5689
5736
5740
5736
5689
5684
5665
5698
5689
5707
5726
5707
5703
5698
5698
5684
5693
5693
5675
5675
5712
5712
5736
5684
5707
5693
5698
5689
5679
5684
5684
5689
5689
5717
5707
5689
5689
5712
5689
5661
5712
5679
5703
5693
5712
5698
5703
5675
5712
5693
5698
5684
5684
5675
5698
5721
5675
5712
5712
5707
5703
5712
5736
5707
5726
5750
5712
5689
5698
5703
5693
5679
5679
5712
5689
5689
5731
5707
5707
5712
5712
5689
5693
5689
5712
5684
5679
5698
5693
5689
5698
5693
5684
5675
5675
5712
5684
5717
5689
5675
5675
5689
5698
5675
5707
5703
5684
5693
5712
5712
5689
5698
5717
5717
5684
5707
5731
5675
5670
5712
5703
5679
5721
5689
5712
5703
5679
5703
5693
5717
5656
5707
5665
5665
5693
5726
5670
5689
5740
5707
5679
5670
5689
5698
5693
5675
5670
5684
5717
5707
5721
5698
5721
5689
5679
5679
5707
5693
5689
5679
5707
5717
5717
5717
5675
5717
5745
5745
5698
5707
5717
5689
5726
5731
5670
5693
5703
5698
5698
5721
5693
5689
5736
5707
5726
5689
5736
5740
5712
5726
5703
5707
5707
5693
5693
5707
5745
5698
5740
5693
5684
5726
5736
5693
5717
5703
5726
5693
5707
5712
5689
5736
5707
5703
5726
5689
5717
5675
5712
5693
5717
5731
5679
5712
5759
5721
5698
5707
5731
5679
5712
5703
5721
5721
5707
5726
5712
5684
5698
5712
5689
5675
5717
5712
5707
5675
5665
5703
5675
5712
5684
5703
5675
5693
5717
5679
5693
5712
5675
5703
5679
5675
5689
5717
5736
5712
5721
5707
5693
5731
5726
5745
5740
5703
5707
5689
5707
5707
5703
5726
5731
5721
5707
5731
5731
5693
5721
5721
5693
5721
5693
5707
5717
5703
5736
5717
5703
5693
5707
5717
5684
5712
5693
5717
5703
5712
5707
5689
5717
5707
5665
5684
5712
5661
5707
5693
5684
5736
5684
5684
5675
5689
5707
5651
5684
5731
5698
5684
5675
5693
5675
5717
5698
5745
5693
5698
5736
5670
5698
5703
5675
5675
5661
5698
5684
5661
5684
5684
5707
5717
5726
5698
5670
5684
5679
5689
5712
5698
5712
5712
5707
5693
5689
5689
5679
5717
5689
5670
5665
5717
5703
5684
5707
5670
5661
5698
5736
5703
5675
5670
5717
5721
5693
5661
5670
5675
5675
5684
5679
5661
5698
5689
5679
5712
5693
5675
5698
5665
5684
5707
5712
5679
5698
5675
5698
5707
5679
5698
5736
5670
5698
5689
5707
5679
5675
5684
5675
5698
5684
5670
5684
5679
5698
5670
5661
5675
5717
5684
5698
5712
5698
5665
5712
5698
5693
5684
5731
5717
5675
5698
5698
5721
5703
5703
5717
5693
5689
5684
5703
5675
5712
5712
5689
5689
5679
5675
5707
5707
5689
5698
5698
5684
5675
5679
5712
5698
5703
5693
5703
5670
5736
5689
5684
5689
5670
5675
5665
5703
5703
5661
5717
5717
5684
5679
5703
5679
5703
5684
5703
5689
5698
5684
5689
5661
5717
5665
5689
5717
5675
5675
5670
5717
5693
5736
5679
5679
5689
5675
5679
5698
5670
5689
5731
5693
5712
5693
5721
5665
5717
5684
5698
5693
5689
5665
5689
5679
5698
5689
5721
5721
5693
5731
5707
5698
5693
5679
5712
5684
5679
5689
5693
5712
5675
5670
5675
5726
5684
5698
5684
5731
5693
5675
5698
5693
5693
5693
5689
5693
5731
5698
5693
5698
5721
5707
5726
5698
5712
5721
5707
5689
5703
5684
5665
5703
5717
5712
5712
5721
5707
5665
5703
5703
5726
5721
5726
5707
5689
5717
5740
5721
5698
5721
5693
5707
5689
5684
5707
5689
5721
5717
5670
5670
5717
5693
5679
5703
5689
5707
5679
5717
5736
5707
5689
5703
5726
5712
5726
5717
5707
5707
5712
5689
5698
5712
5703
5689
5703
5684
5679
5679
5693
5693
5712
5707
5703
5707
5707
5684
5726
5726
5698
5703
5717
5717
5684
5717
5703
5745
5736
5665
5721
5679
5689
5689
5703
5717
5698
5717
5712
5703
5707
5717
5707
5698
5698
5693
5707
5693
5693
5684
5675
5675
5712
5703
5707
5693
5693
5703
5698
5698
5684
5703
5698
5689
5721
5707
5736
5736
5750
5712
5726
5754
5721
5698
5750
5731
5740
5712
5717
5717
5712
5717
5731
5707
5717
5707
5731
5717
5707
5717
5740
5731
5717
5731
5736
5726
5707
5731
5736
5717
5731
5703
5721
5721
5698
5712
5721
5740
5740
5721
5731
5698
5736
5731
5731
5726
5703
5736
5740
5689
5759
5754
5707
5726
5717
5721
5703
5707
5721
5736
5726
5740
5736
5698
5698
5745
5717
5712
5712
5689
5750
5731
5721
5717
5745
5717
5726
5707
