8238
8262
8220
8243
8220
8220
8210
8224
8243
8220
8248
8234
8234
8243
8281
8238
8191
8191
8243
8220
8224
8229
8220
8266
8266
8243
8266
8238
8224
8238
8243
8252
8243
8271
8224
8252
8252
8220
8234
8234
8238
8224
8220
8257
8201
8224
8243
8220
8224
8220
8196
8210
8234
8229
8229
8224
8206
8187
8206
8210
8224
8224
8215
8220
8210
8220
8191
8191
8196
8182
8168
8206
8206
8182
8196
8206
8206
8191
8187
8262
8234
8248
8238
8238
8229
8229
8238
8210
8252
8257
8238
8248
8238
8238
8210
8206
8238
8224
8252
8191
8215
8243
8252
8224
8234
8210
8248
8215
8191
8238
8229
8187
8206
8224
8215
8262
8238
8201
8229
8220
8248
8215
8191
8220
8215
8196
8173
8187
8215
8206
8229
8196
8187
8229
8206
8210
8238
8229
8215
8215
8224
8210
8201
8257
8215
8238
8210
8248
8234
8210
8224
8238
8201
8224
8215
8243
8206
8206
8229
8173
8210
8229
8210
8238
8234
8224
8215
8206
8234
8220
8210
8220
8173
8196
8177
8187
8187
8177
8215
8234
8220
8220
8229
8229
8210
8224
8262
8224
8187
8215
8215
8206
8215
8220
8187
8257
8224
8229
8173
8229
8238
8229
8220
8215
8234
8187
8215
8220
8173
8229
8220
8201
8224
8196
8173
8201
8182
8206
8196
8229
8238
8196
8224
8224
8201
8234
8168
8187
8206
8238
8220
8238
8206
8229
8220
8238
8224
8224
8201
8224
8201
8224
8201
8215
8206
8206
8196
8201
8262
8191
8229
8220
8206
8168
8243
8191
8187
8229
8210
8177
8196
8257
8196
8229
8196
8210
8210
8234
8220
8234
8210
8206
8229
8215
8191
8191
8173
8220
8206
8224
8224
8177
8224
8224
8201
8215
8206
8201
8215
8224
8196
8196
8224
8206
8215
8201
8220
8201
8201
8229
8220
8196
8229
8229
8252
8234
8220
8187
8196
8220
8229
8215
8191
8191
8215
8224
8229
8234
8234
8191
8215
8252
8238
8215
8215
8262
8252
8281
8224
8201
8206
8243
8206
8285
8215
8201
8201
8220
8266
8196
8220
8248
8257
8238
8262
8243
8262
8206
8215
8248
8206
8201
8248
8224
8210
8224
8210
8191
8229
8177
8229
8220
8257
8238
8234
8215
8224
8215
8206
8187
8271
8224
8196
8210
8210
8229
8229
8248
8248
8191
8220
8177
8224
8220
8234
8252
8215
8210
8220
8220
8220
8215
8220
8234
8215
8238
8182
8201
8215
8187
8234
8238
8210
8210
8182
8238
8224
8196
8234
8224
8229
8196
8238
8224
8252
8252
8262
8243
8206
8229
8210
8238
8243
8220
8238
8234
8238
8248
8215
8229
8276
8215
8234
8252
8234
8238
8238
8234
8224
8224
8224
8238
8210
8206
8215
8220
8206
8220
8238
8215
8206
8234
8224
8224
8191
8229
8238
8206
8215
8243
8220
8238
8196
8187
8201
8210
8182
8252
8196
8210
8201
8248
8252
8229
8234
8224
8215
8238
8201
8210
8206
8196
8224
8252
8210
8234
8224
8229
8196
8206
8224
8224
8220
8215
8210
8243
8206
8238
8215
8234
8215
8224
8215
8215
8224
8248
8234
8238
8238
8206
8229
8210
8229
8229
8238
8266
8243
8229
8224
8191
8248
8191
8201
8220
8196
8234
8220
8234
8224
8201
8177
8229
8210
8196
8215
8243
8210
8220
8224
8252
8220
8238
8238
8271
8234
8191
8224
8206
8229
8243
8238
8196
8220
8238
8224
8224
8229
8206
8229
8262
8248
8215
8229
8206
8229
8215
8220
8243
8201
8201
8257
8182
8191
8266
8201
8210
8201
8271
8206
8182
8229
8257
8238
8224
8210
8215
8206
8243
8224
8234
8206
8220
8238
8243
8206
8243
8234
8220
8234
8224
8234
8187
8229
8220
8215
8234
8285
8220
8201
8229
8187
8229
8206
8220
8206
8210
8224
8206
8238
8220
8224
8220
8234
8215
8238
8206
8215
8168
8243
8234
8201
8224
8191
8201
8191
8220
8187
8201
8196
8215
8206
8196
8191
8215
8187
8229
8215
8224
8224
8201
8210
8220
8234
8215
8248
8229
8220
8191
8201
8196
8206
8206
8182
8187
8215
8206
8210
8191
8206
8215
8271
8238
8210
8266
8220
8229
8224
8220
8220
8210
8215
8210
8220
8224
8262
8215
8177
8210
8196
8234
8234
8201
8243
8243
8196
8252
8229
8196
8187
8210
8173
8257
8182
8206
8224
8173
8177
8206
8215
8215
8224
8206
8215
8187
8234
8224
8206
8182
8210
8196
8182
8206
8224
8215
8177
8215
8191
8234
8191
8220
8187
8191
8229
8252
8206
8196
8196
8224
8206
8206
8224
8206
8220
8234
8224
8276
8220
8257
8257
8257
8210
8248
8206
8206
8196
8220
8196
8206
8187
8206
8210
8224
8234
8210
8243
8238
8210
8224
8196
8234
8220
8262
8229
8243
8187
8248
8234
8206
8220
8229
8206
8206
8238
8234
8238
8234
8201
8224
8210
8234
8215
8196
8215
8220
8201
8220
8201
8187
8220
8215
8210
8262
8220
8191
8210
8187
8201
8215
8206
8224
8229
8201
8206
8243
8206
8210
8182
8201
8220
8210
8196
8220
8220
8206
8220
8210
8220
8215
8243
8210
8210
8201
8215
8177
8210
8220
8173
8196
8201
8224
8201
8215
8215
8229
8257
8191
8281
8201
8220
8220
8243
8215
8196
8187
8210
8215
8196
8173
8238
8201
8243
8234
8238
8234
8206
8191
8196
8206
8210
8182
8243
8196
8215
8210
8229
8243
8271
8234
8248
8229
8262
8238
8224
8224
8196
8196
8243
8191
8257
8215
8215
8196
8210
8210
8229
8191
8191
8215
8243
8220
8206
8220
8243
8220
8220
8191
8215
8210
8210
8220
8234
8187
8220
8206
8234
8201
8220
8224
8210
8210
8243
8210
8215
8229
8220
8201
8210
8215
8234
8201
8234
8220
8234
8196
8243
8215
8220
8252
8220
8252
8210
8206
8224
8215
8220
8196
8206
8238
8276
8224
8229
8229
8201
8257
8215
8220
8215
8224
8173
8224
8234
8243
8201
8206
8229
8229
8210
8210
8206
8229
8220
8220
8173
8220
8215
8224
8234
8206
8243
8257
8201
8229
8224
8220
8238
