9359
9294
9317
9327
9336
9345
9336
9327
9345
9322
9327
9327
9350
9359
9350
9327
9345
9336
9341
9341
9327
9322
9308
9345
9355
9350
9359
9345
9364
9350
9331
9345
9322
9345
9322
9350
9345
9364
9355
9327
9317
9355
9327
9345
9331
9369
9331
9359
9336
9336
9341
9341
9341
9378
9336
9369
9369
9378
9359
9378
9350
9387
9350
9331
9331
9350
9383
9345
9341
9350
9355
9331
9355
9373
9327
9331
9355
9350
9364
9350
9322
9341
9364
9317
9341
9336
9364
9341
9331
9331
9341
9312
9341
9378
9327
9355
9373
9355
9336
9327
9359
9364
9336
9331
9312
9336
9345
9327
9327
9359
9345
9312
9336
9322
9336
9327
9331
9312
9322
9322
9317
9355
9369
9336
9317
9308
9331
9312
9336
9355
9317
9336
9336
9359
9345
9345
9303
9364
9336
9322
9364
9331
9336
9327
9336
9350
9322
9345
9312
9341
9312
9308
9355
9350
9336
9322
9312
9341
9350
9312
9327
9327
9331
9312
9317
9336
9289
9327
9322
9359
9359
9317
9322
9336
9350
9317
9355
9317
9331
9312
9355
9331
9350
9373
9331
9336
9345
9359
9327
9355
9341
9327
9331
9345
9331
9312
9350
9355
9308
9336
9341
9350
9364
9345
9331
9336
9327
9336
9327
9331
9331
9341
9359
9355
9341
9355
9355
9341
9331
9322
9331
9322
9322
9312
9341
9327
9373
9355
9341
9341
9327
9331
9312
9345
9298
9322
9341
9322
9336
9294
9402
9341
9317
9308
9345
9331
9317
9350
9294
9345
9336
9327
9341
9308
9350
9350
9308
9327
9308
9336
9284
9336
9298
9341
9355
9341
9303
9345
9322
9331
9331
9336
9341
9327
9331
9341
9308
9312
9317
9341
9308
9369
9378
9317
9303
9322
9350
9308
9331
9355
9331
9345
9327
9327
9327
9303
9303
9364
9331
9369
9350
9345
9350
9350
9336
9270
9341
9317
9345
9378
9331
9327
9327
9345
9345
9345
9322
9331
9312
9355
9312
9327
9303
9350
9364
9322
9336
9345
9345
9336
9322
9331
9331
9312
9336
9336
9350
9322
9322
9331
9317
9359
9359
9331
9336
9369
9350
9336
9350
9317
9327
9345
9317
9331
9341
9345
9331
9317
9345
9298
9345
9312
9369
9317
9327
9312
9345
9322
9341
9322
9322
9312
9350
9345
9341
9355
9355
9341
9303
9355
9345
9373
9317
9345
9341
9317
9298
9312
9303
9327
9345
9327
9359
9345
9331
9355
9350
9327
9322
9336
9336
9327
9331
9327
9327
9294
9369
9350
9327
9341
9317
9350
9341
9322
9322
9336
9327
9336
9341
9345
9350
9331
9317
9364
9341
9322
9331
9369
9341
9341
9341
9373
9336
9331
9331
9327
9312
9359
9345
9345
9331
9355
9341
9327
9327
9345
9345
9312
9331
9336
9317
9331
9303
9331
9322
9294
9331
9308
9350
9312
9308
9327
9341
9341
9312
9341
9331
9322
9383
9345
9336
9317
9308
9312
9336
9312
9345
9345
9331
9317
9317
9336
9383
9327
9322
9308
9322
9341
9336
9322
9327
9317
9359
9327
9359
9369
9327
9327
9341
9369
9369
9341
9322
9322
9327
9336
9331
9336
9312
9312
9350
9331
9298
9350
9345
9355
9341
9322
9336
9341
9336
9322
9345
9341
9345
9341
9322
9317
9345
9317
9303
9341
9312
9355
9317
9336
9359
9350
9331
9341
9355
9336
9341
9322
9336
9331
9312
9327
9350
9355
9345
9312
9345
9322
9345
9373
9317
9355
9327
9336
9303
9331
9312
9341
9345
9322
9336
9341
9327
9317
9345
9303
9322
9327
9359
9317
9331
9327
9327
9359
9359
9345
9312
9331
9336
9336
9345
9331
9327
9327
9355
9369
9331
9369
9308
9322
9345
9355
9350
9317
9308
9327
9341
9336
9341
9331
9317
9331
9327
9312
9355
9355
9345
9331
9331
9345
9341
9327
9345
9298
9331
9331
9373
9355
9317
9345
9336
9331
9331
9359
9331
9345
9350
9336
9336
9322
9327
9350
9355
9308
9327
9327
9312
9341
9355
9331
9322
9341
9369
9336
9345
9312
9312
9322
9331
9350
9336
9350
9355
9327
9317
9359
9355
9284
9364
9327
9327
9327
9359
9336
9308
9336
9317
9312
9336
9303
9359
9359
9350
9341
9322
9327
9317
9327
9336
9312
9336
9327
9364
9303
9341
9322
9303
9341
9327
9364
9327
9308
9322
9350
9345
9364
9317
9359
9317
9355
9355
9331
9308
9327
9359
9317
9336
9317
9336
9355
9312
9331
9341
9345
9336
9345
9322
9322
9317
9350
9350
9317
9336
9350
9341
9364
9350
9378
9350
9303
9373
9341
9355
9327
9331
9355
9331
9331
9298
9336
9308
9308
9327
9355
9341
9308
9303
9359
9317
9336
9327
9350
9364
9345
9331
9331
9327
9345
9341
9345
9317
9322
9350
9284
9364
9345
9312
9373
9331
9327
9327
9364
9364
9312
9308
9345
9350
9369
9359
9336
9345
9322
9350
9317
9359
9308
9355
9359
9345
9308
9350
9373
9355
9345
9345
9312
9317
9359
9312
9308
9355
9355
9350
9355
9341
9312
9331
9341
9308
9331
9322
9331
9345
9355
9345
9373
9317
9359
9355
9331
9327
9359
9322
9327
9341
9336
9327
9345
9331
9336
9327
9327
9364
9331
9345
9341
9336
9359
9327
9327
9336
9317
9341
9322
9341
9312
9303
9331
9341
9327
9355
9322
9331
9355
9331
9341
9345
9345
9345
9331
9336
9336
9336
9327
9317
9364
9345
9322
9298
9322
9369
9322
9345
9383
9345
9322
9317
9317
9341
9312
9345
9355
9355
9345
9355
9322
9336
9322
9364
9331
9373
9336
9336
9341
9336
9317
9336
9336
9369
9345
9331
9369
9336
9312
9350
9331
9350
9345
9336
9317
9312
9350
9331
9359
9322
9355
9359
9336
9322
9387
9387
9312
9345
9312
9331
9336
9355
9327
9317
9350
9336
9317
9341
9341
9336
9345
9355
9317
9341
9345
9331
9350
9355
9350
9359
9327
9359
9359
9345
9350
9322
9331
9317
9359
9336
9327
9317
9341
9336
9359
9350
9364
9359
9322
9359
9327
9345
9359
9303
9373
9355
9345
9336
9331
9308
9298
9341
