5529
5497
5492
5492
5488
5478
5492
5529
5534
5469
5488
5492
5506
5488
5496
5543
5506
5510
5492
5496
5492
5492
5496
5520
5497
5510
5488
5488
5497
5497
5534
5524
5459
5501
5496
5496
5506
5501
5497
5474
5497
5497
5488
5492
5567
5492
5497
5492
5483
5515
5497
5510
5497
5478
5492
5515
5483
5492
5506
5506
5478
5488
5497
5478
5483
5524
5534
5496
5488
5492
5478
5501
5510
5492
5496
5492
5515
5524
5506
5492
5515
5506
5497
5492
5520
5524
5496
5501
5488
5469
5496
5474
5501
5501
5506
5501
5496
5515
5492
5492
5492
5488
5483
5520
5520
5529
5539
5529
5496
5506
5515
5520
5488
5488
5501
5510
5492
5520
5496
5529
5496
5496
5497
5497
5506
5492
5488
5515
5510
5492
5515
5506
5539
5501
5492
5515
5501
5496
5520
5492
5515
5515
5506
5496
5534
5469
5510
5492
5492
5497
5506
5539
5506
5506
5483
5501
5492
5492
5506
5492
5488
5496
5510
5496
5492
5520
5492
5492
5478
5492
5497
5529
5496
5497
5488
5492
5497
5497
5534
5506
5506
5488
5497
5506
5515
5496
5492
5529
5497
5492
5520
5510
5506
5515
5492
5478
5506
5506
5510
5496
5492
5492
5520
5496
5497
5497
5478
5492
5496
5492
5506
5543
5488
5497
5501
5492
5492
5497
5488
5488
5492
5496
5492
5496
5497
5501
5501
5543
5515
5483
5483
5501
5496
5492
5492
5492
5492
5488
5492
5520
5483
5506
5510
5506
5524
5492
5501
5492
5515
5497
5488
5488
5506
5515
5501
5492
5492
5492
5488
5506
5496
5510
5496
5497
5496
5510
5515
5501
5501
5524
5496
5497
5520
5510
5492
5506
5510
5492
5488
5492
5492
5548
5506
5506
5520
5497
5524
5492
5496
5492
5510
5496
5501
5497
5515
5492
5469
5501
5515
5492
5492
5501
5515
5534
5510
5497
5506
5464
5478
5492
5496
5497
5496
5488
5488
5492
5492
5464
5548
5510
5501
5469
5492
5497
5492
5524
5469
5497
5524
5492
5496
5520
5478
5492
5492
5520
5497
5497
5496
5510
5497
5501
5492
5501
5488
5510
5492
5520
5492
5501
5492
5496
5496
5501
5492
5496
5492
5510
5510
5496
5510
5492
5474
5492
5496
5492
5515
5496
5506
5529
5501
5488
5478
5478
5496
5488
5496
5506
5492
5478
5492
5496
5515
5497
5488
5515
5534
5488
5496
5492
5496
5510
5520
5492
5492
5501
5496
5515
5506
5488
5492
5524
5478
5464
5492
5483
5492
5496
5515
5496
5534
5510
5492
5492
5492
5478
5497
5497
5515
5496
5492
5497
5488
5496
5488
5524
5506
5524
5488
5488
5497
5488
5483
5497
5469
5469
5506
5492
5501
5478
5506
5497
5501
5524
5497
5497
5497
5469
5459
5478
5496
5492
5497
5488
5488
5488
5496
5510
5469
5478
5501
5488
5510
5483
5488
5506
5534
5492
5496
5520
5496
5506
5520
5492
5497
5478
5515
5510
5515
5539
5496
5506
5506
5492
5553
5492
5488
5506
5506
5492
5510
5501
5529
5557
5492
5510
5501
5492
5515
5488
5529
5510
5501
5488
5524
5534
5515
5543
5497
5501
5501
5497
5492
5506
5496
5496
5488
5488
5478
5496
5515
5488
5492
5534
5497
5492
5492
5520
5492
5492
5492
5515
5496
5478
5506
5529
5506
5488
5483
5483
5501
5501
5529
5529
5510
5501
5478
5492
5474
5483
5529
5515
5483
5515
5492
5488
5492
5557
5492
5492
5492
5496
5496
5543
5543
5492
5469
5524
5510
5515
5515
5529
5492
5539
5506
5501
5496
5520
5483
5501
5478
5497
5501
5492
5520
5520
5529
5510
5492
5510
5510
5488
5483
5510
5483
5492
5506
5483
5510
5496
5492
5515
5496
5515
5539
5492
5501
5510
5510
5520
5483
5496
5496
5510
5510
5496
5492
5492
5478
5478
5497
5496
5497
5497
5492
5501
5478
5497
5529
5492
5497
5488
5492
5492
5496
5492
5497
5488
5497
5496
5496
5492
5496
5510
5492
5496
5483
5483
5492
5529
5501
5506
5492
5492
5529
5501
5501
5492
5496
5492
5492
5506
5506
5496
5506
5506
5483
5496
5488
5492
5501
5497
5520
5510
5501
5501
5506
5506
5496
5497
5496
5492
5539
5497
5492
5506
5534
5488
5492
5455
5488
5478
5488
5478
5515
5496
5492
5510
5515
5474
5459
5492
5483
5492
5510
5496
5497
5478
5506
5492
5496
5492
5497
5496
5496
5524
5492
5492
5492
5492
5492
5496
5497
5496
5501
5483
5478
5520
5520
5492
5501
5478
5515
5501
5492
5496
5492
5492
5488
5492
5506
5496
5524
5483
5492
5488
5520
5496
5501
5496
5496
5553
5492
5483
5501
5496
5474
5515
5497
5497
5515
5492
5497
5529
5488
5492
5488
5515
5492
5488
5488
5520
5496
5488
5539
5478
5506
5492
5492
5524
5483
5492
5488
5488
5497
5496
5492
5497
5492
5515
5506
5492
5492
5520
5483
5496
5501
5501
5488
5496
5469
5520
5529
5497
5488
5492
5464
5515
5520
5501
5469
5492
5492
5488
5488
5496
5496
5506
5497
5520
5520
5492
5483
5520
5474
5496
5469
5506
5501
5483
5483
5515
5510
5501
5501
5492
5483
5488
5483
5474
5496
5492
5488
5510
5510
5497
5506
5483
5497
5520
5510
5501
5510
5483
5488
5515
5506
5488
5492
5506
5474
5496
5492
5496
5496
5492
5524
5501
5496
5510
5492
5492
5497
5506
5506
5501
5492
5515
5497
5506
5483
5496
5496
5496
5496
5497
5492
5496
5483
5497
5497
5506
5478
5497
5478
5524
5492
5534
5483
5492
5488
5510
5497
5510
5492
5501
5492
5506
5496
5524
5497
5492
5492
5496
5548
5506
5534
5492
5492
5492
5497
5497
5506
5488
5520
5496
5492
5488
5497
5497
5501
5515
5497
5492
5496
5488
5515
5501
5488
5478
5478
5501
5529
5510
5478
5515
5483
5492
5539
5469
5496
5497
5474
5492
5483
5483
5496
5497
5492
5492
5497
5501
5501
5497
5478
5488
5510
5501
5488
5501
5496
5492
5492
5492
5520
5483
5488
5488
5478
5483
5497
5488
5488
5492
5497
5497
5492
5497
5539
