6467
6490
6476
6448
6490
6523
6504
6504
6499
6495
6485
6490
6532
6509
6485
6514
6495
6485
6481
6504
6495
6495
6495
6471
6523
6495
6499
6509
6514
6481
6518
6509
6495
6490
6499
6499
6476
6490
6462
6485
6490
6509
6514
6504
6495
6495
6509
6481
6504
6467
6499
6481
6514
6481
6490
6523
6509
6485
6495
6490
6509
6509
6490
6490
6495
6499
6504
6509
6490
6518
6481
6504
6485
6504
6485
6509
6499
6471
6476
6509
6481
6485
6485
6499
6476
6504
6504
6499
6499
6509
6495
6495
6495
6490
6490
6471
6490
6490
6499
6523
6514
6514
6537
6504
6481
6481
6485
6490
6495
6481
6490
6504
6532
6504
6518
6518
6481
6514
6504
6476
6528
6481
6495
6490
6471
6476
6476
6485
6495
6523
6499
6523
6467
6504
6499
6490
6499
6485
6481
6509
6514
6499
6504
6495
6471
6509
6481
6490
6528
6485
6495
6509
6495
6509
6476
6509
6504
6481
6476
6485
6462
6481
6499
6485
6490
6495
6471
6476
6481
6476
6509
6509
6490
6523
6504
6485
6495
6514
6509
6481
6518
6509
6467
6532
6509
6481
6490
6504
6509
6509
6481
6495
6495
6462
6481
6490
6499
6485
6495
6495
6485
6485
6490
6499
6495
6495
6471
6514
6518
6499
6476
6457
6514
6457
6509
6495
6528
6509
6514
6499
6504
6504
6499
6481
6532
6485
6485
6490
6509
6476
6490
6481
6523
6490
6495
6476
6495
6490
6467
6495
6499
6495
6504
6537
6485
6504
6509
6481
6504
6490
6481
6514
6504
6485
6495
6499
6509
6537
6509
6509
6490
6514
6499
6514
6490
6514
6476
6476
6504
6485
6514
6499
6509
6523
6471
6509
6504
6504
6518
6551
6471
6485
6499
6495
6485
6485
6481
6495
6504
6509
6481
6490
6471
6495
6504
6504
6485
6528
6499
6471
6509
6504
6499
6495
6490
6471
6476
6481
6509
6504
6495
6481
6509
6462
6485
6499
6523
6481
6481
6462
6514
6499
6504
6499
6490
6485
6485
6532
6495
6471
6485
6476
6490
6518
6490
6537
6476
6471
6485
6485
6495
6481
6485
6509
6467
6485
6499
6514
6481
6490
6485
6485
6481
6518
6499
6495
6476
6490
6504
6481
6532
6499
6490
6518
6495
6476
6495
6471
6485
6490
6485
6504
6518
6481
6514
6471
6481
6551
6462
6495
6481
6462
6504
6481
6509
6471
6499
6495
6490
6485
6509
6509
6495
6514
6485
6495
6471
6467
6495
6485
6457
6495
6499
6490
6509
6504
6467
6490
6495
6504
6481
6495
6476
6495
6509
6495
6499
6495
6481
6509
6504
6490
6499
6471
6462
6495
6490
6485
6462
6490
6509
6490
6481
6509
6481
6504
6481
6481
6471
6481
6499
6485
6523
6509
6504
6504
6514
6514
6485
6490
6523
6467
6499
6499
6490
6490
6495
6495
6485
6514
6485
6532
6490
6518
6514
6495
6509
6528
6504
6490
6490
6481
6490
6532
6485
6523
6495
6476
6528
6476
6485
6471
6481
6509
6481
6467
6509
6509
6495
6485
6485
6499
6481
6499
6495
6495
6490
6509
6509
6481
6485
6495
6495
6485
6490
6532
6481
6467
6504
6481
6504
6476
6509
6485
6471
6509
6495
6532
6490
6467
6495
6476
6518
6495
6537
6481
6481
6471
6495
6499
6518
6471
6485
6471
6476
6471
6462
6504
6481
6490
6504
6523
6481
6509
6509
6495
6490
6499
6476
6485
6481
6471
6504
6532
6537
6471
6476
6476
6476
6518
6514
6485
6485
6523
6490
6481
6490
6481
6495
6495
6532
6495
6509
6490
6504
6490
6476
6514
6490
6495
6523
6485
6462
6495
6528
6537
6490
6481
6499
6490
6504
6499
6481
6471
6490
6499
6532
6504
6532
6476
6495
6485
6509
6490
6490
6462
6471
6499
6495
6518
6504
6528
6499
6481
6509
6514
6476
6476
6471
6518
6523
6471
6471
6504
6476
6499
6481
6504
6490
6476
6509
6476
6518
6504
6514
6495
6504
6481
6490
6495
6523
6495
6499
6476
6504
6495
6471
6467
6518
6504
6485
6471
6499
6471
6504
6509
6471
6490
6499
6504
6499
6485
6485
6481
6471
6481
6471
6490
6518
6471
6471
6485
6490
6462
6495
6495
6509
6537
6476
6504
6509
6518
6462
6448
6518
6518
6490
6471
6481
6509
6514
6485
6523
6481
6485
6499
6476
6514
6490
6509
6476
6481
6481
6490
6514
6537
6485
6528
6453
6504
6453
6514
6490
6499
6481
6476
6514
6485
6457
6476
6471
6499
6499
6499
6514
6504
6485
6490
6485
6490
6490
6514
6476
6495
6481
6467
6467
6481
6495
6453
6485
6485
6490
6485
6490
6476
6499
6490
6504
6457
6509
6476
6481
6504
6495
6495
6499
6528
6481
6495
6499
6467
6509
6485
6481
6471
6485
6481
6490
6476
6495
6495
6485
6462
6514
6495
6453
6495
6476
6509
6495
6504
6509
6495
6514
6467
6462
6504
6481
6485
6481
6481
6476
6481
6532
6490
6485
6509
6471
6499
6523
6467
6490
6518
6476
6495
6495
6490
6551
6499
6485
6495
6504
6518
6485
6490
6499
6499
6490
6495
6514
6476
6471
6499
6490
6462
6495
6495
6481
6462
6504
6495
6514
6490
6476
6485
6481
6499
6485
6514
6485
6490
6504
6495
6504
6476
6495
6514
6509
6481
6509
6476
6518
6504
6504
6509
6467
6514
6499
6499
6471
6481
6495
6485
6499
6499
6495
6499
6514
6490
6499
6490
6485
6514
6495
6499
6481
6490
6523
6485
6509
6514
6532
6495
6481
6471
6499
6462
6481
6485
6485
6495
6504
6495
6481
6490
6499
6504
6514
6495
6528
6509
6499
6509
6565
6499
6504
6499
6490
6471
6485
6514
6495
6485
6490
6523
6504
6481
6518
6476
6485
6481
6509
6490
6485
6514
6495
6471
6490
6471
6462
6504
6518
6537
6495
6495
6485
6504
6504
6509
6499
6495
6490
6481
6499
6481
6485
6490
6504
6518
6481
6499
6481
6490
6532
6481
6528
6537
6476
6523
6471
6485
6485
6504
6495
6490
6518
6504
6504
6504
6528
6499
6504
6514
6509
6523
6509
6471
6504
6476
6499
6499
6490
6485
