10827
10827
10869
10897
10902
10883
10822
10831
10860
10817
10855
10846
10855
10836
10855
10855
10864
10855
10850
10892
10874
10846
10874
10850
10864
10860
10850
10850
10841
10911
10869
10883
10836
10878
10897
10911
10888
10869
10869
10864
10892
10841
10878
10846
10874
10855
10939
10869
10869
10878
10888
10883
10921
10888
10892
10846
10888
10855
10897
10892
10869
10883
10860
10897
10869
10855
10860
10878
10864
10883
10841
10841
10822
10864
10878
10850
10888
10855
10855
10892
10846
10897
10827
10869
10850
10864
10878
10883
10836
10888
10860
10864
10864
10864
10864
10864
10883
10883
10897
10860
10874
10860
10864
10841
10860
10855
10883
10883
10892
10883
10874
10878
10888
10846
10897
10846
10892
10878
10878
10850
10841
10878
10864
10897
10916
10864
10878
10878
10855
10869
10878
10850
10850
10883
10888
10836
10855
10888
10878
10869
10902
10841
10878
10883
10892
10850
10850
10916
10878
10855
10878
10860
10869
10864
10846
10869
10846
10855
10841
10888
10888
10860
10902
10888
10869
10869
10878
10846
10869
10860
10892
10892
10897
10869
10892
10883
10855
10850
10869
10841
10888
10860
10892
10846
10841
10869
10907
10888
10874
10855
10860
10930
10911
10869
10864
10850
10878
10902
10878
10878
10874
10888
10855
10860
10902
10869
10841
10907
10892
10827
10869
10869
10864
10878
10860
10874
10864
10869
10888
10888
10836
10864
10888
10860
10841
10897
10864
10864
10883
10878
10883
10850
10864
10855
10836
10860
10888
10897
10850
10883
10841
10888
10846
10897
10878
10850
10831
10864
10888
10925
10831
10897
10864
10817
10888
10850
10864
10869
10860
10855
10878
10892
10855
10860
10892
10883
10836
10869
10888
10855
10850
10874
10888
10869
10869
10860
10874
10883
10878
10874
10892
10850
10860
10864
10916
10874
10892
10850
10864
10841
10827
10878
10869
10860
10916
10888
10874
10878
10855
10874
10841
10878
10864
10869
10897
10860
10878
10836
10897
10892
10850
10892
10883
10892
10850
10874
10874
10878
10836
10846
10864
10860
10850
10892
10883
10874
10878
10874
10897
10846
10897
10850
10860
10860
10860
10874
10869
10874
10846
10864
10850
10846
10850
10864
10860
10888
10864
10841
10855
10874
10841
10869
10855
10892
10860
10897
10850
10878
10897
10892
10897
10874
10874
10850
10860
10860
10869
10897
10874
10864
10888
10892
10874
10897
10874
10850
10888
10864
10836
10846
10860
10874
10878
10846
10836
10831
10888
10855
10864
10836
10897
10836
10860
10846
10850
10855
10864
10883
10864
10888
10883
10846
10878
10860
10869
10864
10911
10888
10892
10897
10864
10878
10855
10869
10874
10841
10864
10855
10850
10869
10892
10892
10855
10897
10855
10855
10855
10850
10874
10855
10874
10831
10864
10860
10892
10878
10850
10907
10869
10831
10855
10855
10911
10850
10855
10869
10897
10874
10878
10864
10850
10860
10836
10878
10864
10846
10878
10846
10864
10841
10878
10864
10850
10850
10878
10864
10864
10930
10846
10841
10869
10850
10888
10874
10883
10878
10907
10836
10883
10897
10897
10841
10892
10864
10888
10916
10864
10860
10827
10850
10860
10836
10855
10850
10850
10864
10803
10855
10860
10892
10883
10860
10874
10869
10855
10874
10855
10836
10850
10850
10883
10831
10869
10813
10888
10874
10869
10841
10850
10874
10874
10878
10869
10822
10860
10888
10874
10869
10855
10864
10888
10878
10846
10860
10864
10888
10869
10822
10831
10850
10860
10855
10874
10888
10836
10836
10850
10855
10855
10855
10864
10850
10869
10874
10869
10869
10855
10836
10850
10855
10888
10855
10831
10869
10855
10864
10874
10860
10846
10864
10892
10864
10860
10907
10855
10855
10869
10878
10836
10864
10883
10846
10902
10827
10827
10869
10841
10855
10869
10878
10874
10836
10864
10855
10860
10883
10902
10902
10850
10836
10883
10869
10878
10855
10850
10878
10860
10836
10864
10869
10883
10860
10883
10864
10846
10878
10874
10860
10855
10855
10822
10883
10846
10846
10869
10860
10869
10841
10855
10836
10864
10888
10855
10897
10860
10874
10878
10846
10850
10841
10883
10860
10883
10846
10874
10850
10883
10846
10836
10902
10878
10860
10921
10902
10864
10869
10874
10874
10897
10869
10864
10874
10878
10878
10869
10864
10902
10850
10860
10883
10855
10841
10878
10869
10850
10864
10855
10888
10888
10888
10850
10822
10869
10864
10892
10864
10841
10916
10874
10878
10878
10883
10892
10864
10883
10855
10869
10846
10850
10855
10841
10860
10860
10850
10897
10860
10864
10846
10874
10841
10869
10878
10864
10869
10846
10902
10855
10888
10827
10855
10878
10846
10864
10855
10874
10888
10864
10841
10916
10855
10916
10864
10878
10855
10897
10888
10888
10864
10850
10864
10874
10864
10878
10902
10888
10874
10864
10855
10860
10897
10874
10888
10869
10860
10846
10888
10883
10874
10869
10878
10878
10841
10855
10883
10846
10874
10860
10846
10846
10850
10841
10878
10902
10874
10916
10860
10860
10888
10869
10878
10897
10869
10822
10822
10860
10869
10864
10869
10925
10907
10846
10864
10864
10869
10888
10827
10855
10841
10846
10855
10892
10921
10869
10883
10869
10869
10878
10874
10841
10869
10860
10831
10855
10860
10864
10846
10864
10869
10869
10897
10860
10869
10836
10822
10869
10841
10860
10864
10846
10869
10888
10874
10888
10897
10836
10860
10841
10841
10850
10846
10855
10907
10864
10846
10864
10911
10878
10897
10850
10888
10869
10869
10874
10883
10888
10869
10855
10864
10855
10935
10878
10902
10846
10902
10860
10855
10869
10869
10841
10850
10883
10846
10878
10869
10888
10888
10864
10888
10878
10888
10864
10860
10897
10864
10869
10860
10902
10869
10836
10864
10902
10860
10860
10869
10874
10878
10855
10864
10869
10883
10878
10892
10846
10878
10869
10864
10836
10855
10874
10860
10864
10860
10874
10850
10874
10874
10869
10888
10888
10897
10874
10888
10869
10860
10864
10869
10878
10892
10869
10892
10888
10864
10874
10869
10907
10883
10864
10888
10855
10902
10902
10878
10864
10855
10850
10888
10888
10897
10883
10864
10892
10897
10869
10902
10869
10883
10850
10860
10860
10860
10864
10846
10874
10874
10822
10855
10860
10841
10883
10869
10888
10897
10864
10921
10855
10907
10907
10878
10883
10907
10869
10897
10888
10902
10855
10902
10869
10869
10883
10907
10869
10846
