5417
5441
5469
5469
5417
5422
5417
5445
5422
5431
5492
5450
5464
5431
5422
5408
5459
5417
5474
5417
5427
5464
5422
5441
5469
5464
5459
5459
5436
5455
5450
5450
5488
5450
5455
5422
5464
5459
5445
5413
5417
5469
5474
5441
5422
5450
5403
5431
5445
5459
5427
5436
5483
5450
5436
5413
5450
5431
5441
5431
5445
5441
5445
5464
5483
5464
5455
5474
5427
5483
5450
5422
5436
5431
5427
5436
5417
5427
5469
5450
5441
5450
5469
5469
5469
5455
5431
5469
5459
5464
5436
5474
5464
5445
5417
5469
5422
5436
5459
5427
5455
5492
5450
5474
5474
5417
5436
5427
5431
5441
5445
5436
5441
5431
5478
5459
5441
5427
5459
5417
5431
5445
5422
5445
5445
5441
5427
5445
5431
5427
5450
5408
5478
5450
5431
5455
5445
5441
5469
5427
5436
5427
5488
5422
5417
5441
5422
5441
5431
5431
5464
5431
5474
5450
5464
5422
5431
5436
5464
5445
5488
5464
5427
5478
5422
5464
5483
5469
5417
5441
5464
5450
5445
5450
5417
5417
5469
5413
5441
5483
5450
5441
5497
5417
5464
5450
5455
5422
5474
5455
5474
5441
5431
5417
5445
5445
5455
5455
5431
5417
5450
5474
5417
5445
5436
5469
5441
5422
5474
5474
5413
5436
5474
5483
5464
5455
5474
5488
5455
5459
5427
5441
5455
5492
5459
5478
5474
5422
5459
5464
5459
5441
5450
5478
5436
5459
5417
5464
5413
5436
5427
5422
5455
5427
5464
5427
5455
5431
5474
5464
5455
5455
5450
5450
5492
5445
5436
5427
5455
5422
5431
5417
5441
5455
5478
5478
5469
5469
5469
5436
5483
5445
5445
5445
5427
5488
5441
5417
5450
5464
5417
5488
5455
5436
5445
5459
5483
5431
5445
5478
5417
5436
5427
5488
5413
5427
5492
5436
5459
5459
5483
5450
5455
5483
5441
5469
5431
5450
5417
5431
5464
5474
5464
5459
5459
5441
5455
5459
5417
5455
5450
5483
5464
5450
5469
5422
5431
5455
5445
5469
5459
5436
5478
5474
5474
5455
5474
5431
5478
5478
5483
5417
5488
5469
5441
5427
5483
5459
5445
5445
5459
5459
5431
5474
5469
5474
5455
5417
5464
5422
5441
5422
5455
5413
5441
5478
5445
5474
5431
5413
5478
5483
5441
5441
5441
5488
5427
5459
5417
5464
5441
5483
5450
5478
5464
5450
5488
5464
5474
5427
5427
5455
5464
5469
5478
5427
5441
5478
5455
5413
5422
5422
5483
5483
5459
5488
5422
5478
5459
5464
5459
5474
5478
5431
5441
5427
5469
5422
5408
5436
5431
5474
5474
5436
5478
5417
5450
5431
5469
5488
5478
5427
5464
5427
5469
5422
5445
5431
5464
5474
5445
5469
5427
5441
5478
5445
5441
5436
5427
5478
5422
5464
5478
5464
5488
5427
5450
5422
5478
5474
5455
5422
5431
5455
5469
5417
5413
5413
5427
5441
5431
5417
5478
5469
5459
5459
5436
5427
5431
5436
5455
5450
5478
5450
5459
5441
5436
5455
5427
5445
5413
5417
5445
5474
5450
5431
5441
5431
5469
5445
5413
5492
5474
5478
5478
5492
5483
5450
5431
5478
5445
5450
5413
5459
5459
5431
5417
5417
5450
5459
5431
5431
5450
5455
5464
5441
5488
5459
5417
5483
5450
5450
5417
5436
5431
5459
5427
5441
5450
5427
5431
5422
5469
5431
5455
5431
5455
5445
5431
5427
5427
5431
5464
5427
5474
5441
5422
5459
5455
5436
5436
5417
5474
5488
5469
5450
5459
5427
5469
5413
5478
5464
5464
5441
5445
5431
5497
5469
5478
5459
5483
5469
5436
5450
5441
5441
5431
5445
5431
5455
5427
5431
5459
5427
5488
5436
5478
5422
5436
5478
5431
5469
5469
5455
5478
5478
5427
5483
5450
5431
5474
5436
5474
5408
5427
5436
5431
5459
5441
5427
5417
5455
5417
5436
5436
5436
5450
5464
5450
5459
5445
5469
5488
5436
5497
5483
5431
5445
5478
5469
5441
5441
5413
5441
5450
5464
5474
5478
5464
5450
5464
5459
5474
5422
5478
5464
5455
5464
5469
5459
5427
5436
5441
5474
5431
5441
5436
5483
5483
5427
5431
5441
5469
5445
5464
5450
5455
5455
5450
5450
5469
5474
5483
5483
5445
5445
5422
5483
5450
5450
5422
5464
5436
5455
5478
5474
5431
5445
5445
5469
5483
5469
5469
5469
5445
5441
5459
5436
5427
5445
5445
5408
5464
5417
5478
5422
5464
5431
5436
5469
5427
5445
5431
5464
5464
5422
5436
5488
5408
5455
5422
5459
5417
5478
5450
5431
5459
5492
5445
5492
5474
5436
5474
5445
5450
5441
5427
5464
5436
5469
5497
5474
5431
5474
5431
5431
5427
5422
5422
5445
5450
5413
5455
5417
5488
5492
5431
5455
5422
5474
5459
5459
5459
5464
5464
5497
5469
5436
5478
5474
5483
5464
5478
5450
5464
5431
5450
5469
5441
5455
5431
5417
5459
5455
5398
5427
5459
5427
5431
5464
5436
5483
5450
5469
5441
5469
5445
5436
5459
5455
5441
5427
5422
5469
5474
5455
5427
5450
5492
5427
5436
5450
5464
5464
5441
5417
5483
5436
5436
5474
5441
5469
5464
5483
5492
5427
5445
5441
5459
5464
5459
5417
5436
5474
5450
5436
5455
5408
5455
5436
5464
5403
5483
5464
5422
5445
5436
5464
5422
5474
5459
5469
5422
5422
5483
5474
5469
5413
5413
5496
5436
5441
5450
5464
5464
5455
5464
5459
5436
5422
5417
5431
5455
5455
5445
5459
5422
5427
5441
5445
5464
5417
5431
5436
5483
5455
5431
5431
5450
5469
5464
5427
5469
5445
5488
5469
5445
5431
5427
5413
5450
5469
5450
5427
5455
5441
5422
5464
5441
5469
5469
5469
5441
5469
5483
5431
5469
5455
5436
5478
5427
5441
5469
5469
5455
5455
5431
5431
5492
5455
5455
5483
5450
5492
5488
5459
5488
5427
5478
5441
5436
5474
5469
5459
5478
5469
5441
5417
5492
5436
5483
5431
5459
5478
5469
5478
5464
5483
5436
5469
5488
5450
5450
5464
5488
5427
5455
5441
5459
5417
5445
5459
5445
5441
5474
5431
5497
5431
5422
