5474
5455
5459
5445
5441
5506
5459
5422
5474
5464
5422
5478
5450
5469
5455
5469
5464
5488
5483
5464
5474
5436
5474
5445
5436
5459
5488
5445
5436
5459
5488
5459
5483
5464
5488
5450
5441
5478
5488
5469
5441
5445
5501
5483
5459
5427
5445
5492
5492
5445
5469
5441
5469
5459
5488
5450
5459
5488
5488
5474
5497
5469
5483
5431
5483
5496
5431
5450
5459
5427
5450
5464
5474
5469
5469
5427
5478
5469
5450
5483
5483
5483
5436
5492
5478
5431
5459
5474
5464
5450
5501
5497
5474
5427
5488
5488
5492
5455
5474
5464
5450
5497
5478
5492
5483
5510
5478
5459
5478
5459
5478
5450
5478
5483
5469
5455
5474
5431
5488
5464
5506
5474
5422
5488
5496
5459
5483
5464
5478
5464
5488
5483
5483
5464
5455
5492
5469
5483
5483
5524
5441
5464
5474
5474
5450
5441
5450
5445
5469
5469
5492
5450
5478
5441
5488
5445
5497
5464
5483
5445
5464
5478
5464
5488
5445
5483
5478
5478
5492
5441
5497
5469
5459
5492
5469
5445
5483
5483
5496
5469
5483
5492
5506
5492
5488
5450
5459
5488
5483
5459
5474
5483
5469
5496
5496
5483
5492
5488
5483
5478
5474
5483
5478
5445
5497
5492
5469
5464
5469
5469
5506
5492
5492
5488
5459
5478
5450
5455
5474
5474
5464
5483
5478
5464
5464
5464
5455
5455
5459
5469
5497
5478
5474
5441
5474
5474
5492
5469
5469
5464
5469
5488
5469
5445
5445
5488
5492
5478
5459
5445
5450
5455
5474
5441
5488
5478
5459
5483
5464
5492
5488
5488
5496
5497
5464
5488
5492
5497
5483
5478
5492
5488
5492
5497
5474
5488
5483
5469
5497
5464
5459
5445
5497
5464
5469
5474
5464
5492
5455
5478
5483
5464
5474
5492
5474
5510
5459
5492
5483
5492
5492
5492
5450
5506
5469
5492
5492
5469
5450
5488
5483
5478
5464
5496
5455
5492
5496
5483
5483
5492
5501
5464
5455
5501
5488
5488
5488
5478
5464
5478
5474
5488
5492
5459
5464
5455
5483
5459
5492
5474
5464
5474
5501
5492
5464
5455
5478
5483
5478
5455
5510
5445
5483
5474
5483
5431
5464
5464
5478
5459
5445
5483
5459
5474
5450
5455
5455
5450
5464
5492
5459
5469
5474
5478
5483
5422
5441
5431
5478
5441
5478
5488
5483
5483
5445
5436
5445
5450
5474
5441
5488
5483
5464
5464
5478
5445
5474
5474
5483
5455
5459
5441
5483
5497
5492
5464
5464
5497
5474
5464
5483
5492
5488
5483
5492
5483
5497
5474
5464
5445
5474
5483
5455
5445
5459
5441
5459
5492
5483
5492
5464
5492
5469
5469
5492
5474
5483
5488
5488
5450
5474
5459
5492
5483
5488
5450
5474
5450
5464
5450
5450
5450
5469
5469
5469
5459
5497
5464
5469
5492
5464
5445
5441
5450
5478
5497
5483
5474
5497
5474
5469
5492
5496
5469
5488
5459
5497
5464
5483
5483
5445
5459
5469
5492
5478
5464
5459
5474
5478
5488
5483
5483
5455
5459
5464
5492
5488
5464
5492
5474
5455
5464
5450
5469
5464
5441
5464
5455
5436
5459
5496
5496
5474
5478
5483
5488
5450
5474
5436
5488
5488
5492
5459
5501
5474
5464
5469
5497
5474
5450
5445
5496
5506
5506
5445
5483
5469
5492
5450
5515
5427
5478
5445
5474
5483
5474
5488
5455
5488
5469
5483
5455
5459
5497
5492
5474
5474
5474
5445
5469
5445
5469
5455
5445
5478
5474
5488
5459
5445
5441
5469
5478
5459
5497
5469
5441
5474
5459
5450
5488
5464
5455
5455
5459
5496
5483
5488
5459
5464
5497
5492
5464
5483
5488
5492
5459
5483
5483
5441
5464
5474
5445
5431
5445
5464
5441
5492
5455
5459
5445
5478
5474
5459
5488
5488
5464
5450
5464
5431
5450
5474
5474
5474
5450
5483
5455
5492
5478
5445
5469
5469
5450
5445
5492
5455
5455
5478
5441
5492
5469
5431
5464
5464
5488
5450
5459
5478
5478
5459
5436
5459
5478
5497
5474
5474
5464
5464
5464
5483
5483
5497
5488
5455
5464
5445
5450
5427
5445
5483
5459
5459
5515
5497
5474
5488
5469
5459
5492
5483
5478
5478
5422
5431
5427
5427
5483
5464
5459
5483
5483
5445
5478
5497
5488
5464
5492
5478
5497
5488
5510
5483
5483
5450
5488
5488
5478
5459
5441
5469
5455
5459
5464
5492
5515
5497
5492
5464
5488
5474
5459
5483
5488
5496
5474
5478
5450
5474
5464
5469
5445
5492
5441
5492
5436
5441
5483
5492
5445
5483
5492
5483
5483
5496
5436
5436
5478
5483
5474
5492
5478
5474
5474
5488
5492
5427
5450
5436
5445
5459
5459
5464
5450
5515
5469
5492
5459
5464
5450
5488
5450
5478
5469
5478
5455
5459
5483
5445
5441
5478
5474
5436
5422
5445
5483
5417
5464
5492
5464
5469
5436
5445
5450
5450
5441
5436
5417
5455
5427
5427
5455
5431
5431
5431
5427
5427
5441
5469
5469
5483
5496
5483
5459
5474
5431
5469
5445
5445
5478
5483
5488
5488
5478
5474
5459
5483
5459
5488
5464
5478
5478
5478
5497
5459
5459
5478
5469
5478
5497
5450
5431
5474
5478
5459
5445
5478
5492
5459
5492
5492
5483
5469
5464
5492
5455
5464
5459
5464
5492
5488
5488
5488
5464
5492
5459
5492
5436
5474
5464
5436
5436
5492
5436
5436
5450
5478
5445
5492
5427
5445
5469
5474
5474
5474
5483
5464
5492
5469
5469
5450
5497
5478
5441
5469
5483
5492
5492
5497
5478
5436
5464
5483
5436
5483
5464
5483
5459
5492
5483
5464
5478
5436
5474
5436
5464
5464
5455
5483
5469
5431
5450
5441
5483
5496
5474
5488
5459
5441
5459
5501
5478
5478
5488
5469
5510
5474
5469
5469
5455
5459
5496
5474
5441
5492
5459
5483
5455
5483
5478
5459
5431
5492
5478
5445
5445
5459
5474
5445
5497
5445
5436
5501
5436
5483
5445
5488
5459
5483
5469
5469
5469
5459
5450
5492
5478
5464
5459
5455
5492
5478
5492
5492
5492
5492
5455
5445
5510
