5366
5427
5394
5342
5370
5361
5356
5328
5347
5356
5352
5361
5361
5333
5370
5361
5370
5305
5366
5352
5347
5370
5375
5328
5323
5300
5342
5370
5389
5342
5342
5337
5333
5366
5361
5356
5394
5366
5398
5352
5380
5352
5328
5337
5328
5333
5333
5333
5398
5323
5361
5328
5380
5352
5352
5342
5337
5356
5384
5361
5361
5403
5337
5380
5337
5356
5366
5375
5380
5389
5361
5370
5352
5356
5342
5347
5333
5352
5333
5328
5375
5356
5366
5380
5352
5342
5380
5342
5309
5333
5352
5380
5375
5333
5337
5375
5366
5347
5356
5375
5370
5356
5342
5361
5361
5375
5337
5361
5370
5366
5333
5375
5347
5394
5361
5314
5314
5337
5352
5356
5352
5347
5342
5375
5427
5356
5380
5352
5375
5361
5408
5347
5370
5328
5356
5356
5380
5356
5323
5361
5342
5361
5356
5352
5328
5398
5328
5380
5352
5366
5333
5328
5389
5370
5333
5333
5352
5380
5380
5333
5366
5384
5352
5356
5347
5328
5361
5389
5361
5380
5347
5352
5356
5370
5370
5342
5342
5361
5356
5366
5398
5366
5352
5347
5375
5356
5337
5337
5352
5361
5305
5337
5333
5342
5333
5333
5370
5309
5361
5342
5333
5384
5356
5366
5356
5347
5333
5337
5384
5375
5361
5333
5375
5375
5361
5347
5347
5342
5375
5361
5361
5356
5337
5337
5356
5380
5356
5361
5352
5375
5380
5366
5366
5375
5356
5337
5403
5361
5342
5361
5361
5356
5384
5370
5366
5366
5352
5398
5366
5384
5347
5370
5403
5408
5389
5403
5384
5403
5389
5361
5384
5366
5370
5366
5361
5337
5375
5366
5389
5361
5375
5370
5352
5380
5352
5352
5361
5347
5342
5375
5347
5347
5347
5352
5361
5366
5384
5352
5333
5366
5370
5366
5361
5361
5370
5361
5361
5352
5375
5375
5361
5366
5347
5366
5366
5337
5380
5366
5370
5356
5370
5352
5356
5370
5384
5356
5384
5356
5333
5380
5370
5342
5347
5366
5347
5361
5328
5352
5337
5366
5356
5342
5356
5361
5384
5361
5361
5370
5361
5375
5375
5394
5389
5389
5384
5375
5337
5342
5337
5375
5394
5394
5356
5408
5403
5361
5347
5366
5375
5380
5342
5352
5342
5389
5380
5356
5394
5380
5356
5333
5333
5361
5370
5356
5356
5380
5380
5370
5356
5366
5403
5384
5384
5361
5394
5342
5384
5361
5361
5356
5380
5370
5309
5352
5347
5375
5328
5347
5361
5389
5389
5366
5380
5366
5356
5337
5370
5398
5408
5356
5323
5375
5342
5370
5361
5384
5394
5389
5370
5361
5389
5380
5375
5366
5375
5380
5361
5370
5352
5361
5361
5356
5375
5370
5394
5394
5394
5375
5361
5370
5370
5356
5375
5389
5398
5375
5366
5389
5394
5366
5352
5389
5366
5347
5352
5384
5384
5333
5370
5352
5375
5389
5361
5394
5361
5380
5389
5375
5328
5370
5366
5356
5352
5370
5366
5356
5384
5356
5347
5361
5356
5375
5328
5356
5366
5370
5384
5384
5370
5361
5380
5370
5333
5333
5380
5366
5366
5352
5375
5366
5380
5356
5366
5366
5361
5375
5370
5356
5384
5366
5403
5370
5375
5370
5366
5356
5361
5366
5366
5370
5333
5370
5370
5380
5356
5361
5352
5361
5380
5375
5370
5370
5356
5337
5361
5361
5370
5356
5366
5380
5361
5375
5366
5384
5352
5370
5408
5384
5384
5375
5366
5375
5366
5380
5384
5384
5394
5361
5347
5361
5375
5384
5366
5375
5370
5394
5389
5375
5347
5342
5375
5361
5375
5375
5375
5398
5380
5380
5366
5398
5375
5366
5366
5356
5389
5394
5356
5380
5352
5370
5370
5347
5366
5366
5361
5356
5375
5384
5361
5384
5380
5375
5361
5356
5356
5352
5366
5394
5384
5366
5356
5366
5361
5347
5370
5370
5380
5366
5370
5361
5361
5356
5370
5356
5380
5394
5356
5375
5352
5375
5352
5370
5366
5342
5347
5347
5347
5394
5352
5375
5342
5366
5366
5366
5356
5384
5366
5347
5370
5398
5342
5370
5380
5366
5352
5361
5375
5361
5394
5356
5366
5366
5380
5370
5380
5375
5384
5342
5342
5366
5370
5366
5389
5361
5375
5352
5370
5370
5380
5380
5384
5375
5347
5375
5380
5370
5361
5384
5380
5370
5370
5375
5342
5361
5417
5389
5370
5356
5413
5384
5342
5342
5366
5352
5384
5389
5384
5389
5366
5384
5380
5394
5394
5380
5366
5389
5370
5389
5361
5375
5380
5380
5370
5370
5352
5366
5370
5375
5375
5370
5380
5403
5370
5366
5361
5380
5352
5398
5361
5352
5370
5370
5328
5361
5389
5347
5366
5384
5352
5352
5366
5356
5366
5370
5375
5370
5352
5389
5384
5352
5384
5361
5380
5384
5375
5352
5361
5361
5366
5361
5389
5347
5361
5328
5356
5337
5375
5361
5361
5337
5394
5356
5366
5361
5337
5389
5408
5356
5342
5352
5384
5375
5380
5384
5366
5356
5380
5366
5375
5375
5366
5361
5366
5347
5380
5342
5366
5361
5356
5366
5394
5375
5352
5333
5380
5361
5347
5356
5375
5361
5361
5389
5403
5366
5389
5375
5361
5370
5352
5366
5370
5398
5403
5352
5352
5375
5356
5370
5356
5366
5366
5352
5380
5361
5370
5342
5375
5356
5347
5370
5370
5380
5398
5361
5398
5361
5366
5384
5352
5361
5370
5366
5375
5380
5337
5356
5370
5361
5366
5356
5370
5352
5389
5347
5366
5394
5384
5384
5361
5347
5370
5375
5375
5384
5352
5384
5366
5352
5356
5380
5370
5370
5366
5366
5361
5366
5352
5370
5375
5366
5375
5361
5342
5389
5384
5389
5366
5375
5366
5352
5347
5347
5380
5352
5370
5366
5380
5380
5352
5370
5361
5375
5352
5366
5361
5380
5380
5380
5356
5361
5384
5403
5380
5370
5380
5347
5370
5408
5370
5370
5366
5352
5370
5389
5389
5352
5356
5375
5375
5370
5356
5375
5375
5370
5347
5352
5352
5356
5366
5361
5398
5398
5398
5356
5380
5380
5352
5352
5356
5394
5394
5375
5375
5380
5375
5384
5370
5366
